# IGP24 batch: one polynomial per distinct (group fingerprint, signature) cluster.
-107,0,0,0,0,0,0,-72,72,0,0,0,0,0,-15,30,-15,0,0,0,0,-1,3,-3,1 # compose_3x8 r=2
-35,0,-58,0,-36,0,-8,0,29,0,36,0,12,0,0,0,-9,0,-6,0,0,0,0,0,1 # compose_3x8 r=2
-122,0,75,0,-15,0,1,0,75,0,-30,0,3,0,0,0,-15,0,3,0,0,0,0,0,1 # compose_3x8 r=2
-4,0,0,0,0,0,0,22,11,0,0,0,0,0,-24,-24,-6,0,0,0,0,8,12,6,1 # compose_3x8 r=2
-38,0,0,0,0,0,-60,0,30,0,0,0,-36,0,36,0,-9,0,-8,0,12,0,-6,0,1 # compose_3x8 r=2
-1,0,0,0,0,0,5,0,0,0,0,0,6,0,0,0,0,0,4,0,0,0,0,0,1 # compose_4x6 r=2
-2,8,24,32,16,0,4,24,48,32,0,0,6,24,24,0,0,0,4,8,0,0,0,0,1 # compose_4x6 r=2
-113,146,-60,8,0,0,0,0,73,-60,12,0,0,0,0,0,-15,6,0,0,0,0,0,0,1 # compose_3x8 r=2
-8,0,0,0,0,0,0,-8,0,0,0,0,-4,0,4,0,0,0,0,4,0,0,0,0,1 # compose_2x12 r=2
-4,0,0,0,0,0,0,0,1,0,0,0,-1,0,0,0,1,0,0,0,-2,0,0,0,1 # compose_2x12 r=2
-4,10,4,0,0,0,0,0,0,0,0,0,5,4,0,0,0,0,0,0,0,0,0,0,1 # compose_2x12 r=2
247,0,0,0,0,508,254,0,0,0,384,384,96,0,0,128,192,96,16,0,16,32,24,8,1 # compose_4x6 r=2
-1,0,0,0,0,0,0,0,0,0,5,0,-5,0,0,0,0,0,0,0,1,0,-2,0,1 # compose_2x12 r=2
-3,0,0,0,3,0,0,0,15,0,0,0,20,0,0,0,15,0,0,0,6,0,0,0,1 # compose_6x4 r=2
-37,0,0,0,0,0,30,0,30,0,0,0,-9,0,-18,0,-9,0,1,0,3,0,3,0,1 # compose_3x8 r=2
-2,0,0,0,0,0,0,0,1,0,0,0,0,0,0,0,-3,0,0,0,0,0,0,0,1 # compose_3x8 r=2
-118,0,0,0,0,0,0,0,73,0,0,0,0,0,0,0,-15,0,0,0,0,0,0,0,1 # compose_3x8 r=2
-5,0,0,0,0,0,-2,0,0,0,0,0,3,0,0,0,0,0,4,0,0,0,0,0,1 # compose_2x12 r=2
-6,0,-20,0,-24,0,-8,0,10,0,24,0,12,0,0,0,-6,0,-6,0,0,0,0,0,1 # compose_3x8 r=2
-5,0,0,0,0,0,0,0,0,1,0,0,1,0,0,0,0,0,1,0,0,2,0,0,1 # compose_2x12 r=2
27,0,0,0,0,0,0,56,28,0,0,0,0,0,36,36,9,0,0,0,0,8,12,6,1 # compose_3x8 r=2
-12,0,0,0,0,0,0,0,15,0,0,0,0,0,0,0,-6,0,0,0,0,0,0,0,1 # compose_3x8 r=2
-17,0,0,0,0,-15,0,0,15,0,-6,0,0,12,0,-1,-6,0,3,0,0,-3,0,0,1 # compose_3x8 r=2
-1,0,0,0,0,8,0,0,4,0,12,0,0,12,0,8,3,0,12,0,0,6,0,0,1 # compose_3x8 r=2
-207,0,0,0,0,0,0,0,107,0,0,0,0,0,0,0,-18,0,0,0,0,0,0,0,1 # compose_3x8 r=2
-2,0,0,0,0,-4,0,0,0,0,1,0,-4,0,0,0,0,2,0,0,0,0,0,0,1 # compose_2x12 r=2
-1,0,0,0,-3,0,0,0,6,0,0,0,17,0,0,0,15,0,0,0,6,0,0,0,1 # compose_6x4 r=2
-16,15,-6,1,0,0,0,0,15,-12,3,0,0,0,0,0,-6,3,0,0,0,0,0,0,1 # compose_3x8 r=2
-4,0,0,0,0,0,0,0,0,0,0,-5,-5,0,0,0,0,0,0,0,0,0,1,2,1 # compose_2x12 r=2
-2,0,0,0,0,0,0,0,0,0,0,0,6,0,0,0,0,0,0,0,0,0,0,0,1 # compose_2x12 r=2
-1,9,18,21,24,42,64,60,48,69,90,60,36,60,60,20,15,30,15,0,6,6,0,0,1 # compose_6x4 r=2
6,-48,88,-64,16,0,24,-88,96,-32,0,0,22,-48,24,0,0,0,8,-8,0,0,0,0,1 # compose_4x6 r=2
47,0,0,-336,168,0,912,-912,228,-1264,1896,-948,1118,-1920,1440,-864,1020,-960,544,-312,252,-160,60,-12,1 # compose_6x4 r=2
213,0,0,0,0,0,0,-216,108,0,0,0,0,0,72,-72,18,0,0,0,0,-8,12,-6,1 # compose_3x8 r=2
-9,0,11,0,-6,0,1,0,11,0,-12,0,3,0,0,0,-6,0,3,0,0,0,0,0,1 # compose_3x8 r=2
-211,214,-72,8,0,0,0,0,107,-72,12,0,0,0,0,0,-18,6,0,0,0,0,0,0,1 # compose_3x8 r=2
-122,0,0,0,75,0,0,0,60,0,0,0,-29,0,0,0,-12,0,0,0,3,0,0,0,1 # compose_3x8 r=2
-1,-4,-12,-8,0,0,0,0,2,12,12,0,0,0,0,0,-3,-6,0,0,0,0,0,0,1 # compose_3x8 r=2
-3,0,0,0,0,0,0,0,4,0,0,0,0,0,0,0,-3,0,0,0,0,0,0,0,1 # compose_3x8 r=2
-9,0,0,0,0,0,0,0,0,0,0,0,2,0,0,0,0,0,0,0,0,0,0,0,1 # compose_2x12 r=2
-1,0,0,0,9,0,0,0,18,0,0,0,21,0,0,0,15,0,0,0,6,0,0,0,1 # compose_6x4 r=2
-1,0,0,-7,7,0,15,-30,15,-20,60,-60,35,-60,90,-66,45,-60,61,-36,21,-20,15,-6,1 # compose_6x4 r=2
-3,0,0,0,-2,0,1,0,24,0,-24,0,-26,0,48,0,-8,0,-28,0,24,0,-8,0,1 # compose_4x6 r=2
-25,27,-9,1,0,0,0,0,27,-18,3,0,0,0,0,0,-9,3,0,0,0,0,0,0,1 # compose_3x8 r=2
-1,0,0,0,0,-10,0,0,5,0,-12,0,0,12,0,-8,-3,0,12,0,0,-6,0,0,1 # compose_3x8 r=2
-212,0,0,0,0,0,0,0,107,0,0,0,0,0,0,0,-18,0,0,0,0,0,0,0,1 # compose_3x8 r=2
38,312,888,1256,1116,1272,1948,1920,1182,1134,1440,960,397,480,480,160,60,120,60,0,12,12,0,0,1 # compose_6x4 r=2
-13,0,0,0,28,0,0,0,-10,0,0,0,-16,0,0,0,6,0,0,0,6,0,0,0,1 # compose_3x8 r=2
-9,0,0,-3,0,0,1,0,0,0,0,0,3,0,0,-2,0,0,0,0,0,0,0,0,1 # compose_2x12 r=2
56,0,0,-378,189,0,960,-960,240,-1280,1920,-960,1120,-1920,1440,-864,1020,-960,544,-312,252,-160,60,-12,1 # compose_6x4 r=2
-5,0,0,0,0,0,0,0,0,0,0,0,-1,0,0,0,0,0,0,0,0,0,0,0,1 # compose_2x12 r=2
-5,0,0,0,0,0,24,0,12,0,0,0,-24,0,-24,0,-6,0,8,0,12,0,6,0,1 # compose_3x8 r=2
-195,0,0,0,0,0,0,0,105,0,0,0,0,0,0,0,-18,0,0,0,0,0,0,0,1 # compose_3x8 r=2
-214,0,0,0,0,108,0,0,108,0,-18,0,0,-36,0,1,-18,0,3,0,0,3,0,0,1 # compose_3x8 r=2
-79,0,0,0,0,0,0,0,51,0,0,0,0,0,0,0,-12,0,0,0,0,0,0,0,1 # compose_3x8 r=2
-2,0,0,0,0,0,8,0,0,0,0,0,0,0,0,0,0,0,-4,0,0,0,0,0,1 # compose_2x12 r=6
-3,0,-6,0,51,0,-200,0,480,0,-786,0,923,0,-792,0,495,0,-220,0,66,0,-12,0,1 # compose_6x4 r=2
-3,0,0,0,0,0,-6,0,6,0,0,0,-3,0,6,0,-3,0,-1,0,3,0,-3,0,1 # compose_3x8 r=2
-195,0,0,210,0,0,-72,0,105,8,0,-72,0,0,12,0,-18,0,0,6,0,0,0,0,1 # compose_3x8 r=2
2,-12,12,-8,0,0,0,0,6,-12,12,0,0,0,0,0,3,-6,0,0,0,0,0,0,1 # compose_3x8 r=2
5,0,0,0,0,0,0,10,5,0,0,0,0,0,12,12,3,0,0,0,0,8,12,6,1 # compose_3x8 r=2
-2,2,1,0,0,0,0,0,0,0,0,0,2,2,0,0,0,0,0,0,0,0,0,0,1 # compose_2x12 r=2
-226,0,0,0,0,0,0,0,110,0,0,0,0,0,0,0,-18,0,0,0,0,0,0,0,1 # compose_3x8 r=2
-5,0,0,0,0,0,0,0,0,0,-6,0,3,0,0,0,0,0,0,0,4,0,-4,0,1 # compose_2x12 r=6
-5,0,0,0,-3,0,0,0,6,0,0,0,17,0,0,0,15,0,0,0,6,0,0,0,1 # compose_6x4 r=2
-53,0,90,0,-48,0,8,0,45,0,-48,0,12,0,0,0,-12,0,6,0,0,0,0,0,1 # compose_3x8 r=6
-66,-96,-48,-8,0,0,0,0,48,48,12,0,0,0,0,0,-12,-6,0,0,0,0,0,0,1 # compose_3x8 r=2
-1,0,0,0,0,0,-3,0,0,0,0,0,6,0,0,0,0,0,-4,0,0,0,0,0,1 # compose_4x6 r=2
-211,0,0,0,214,0,0,0,35,0,0,0,-64,0,0,0,-6,0,0,0,6,0,0,0,1 # compose_3x8 r=2
-122,0,0,0,0,0,0,0,74,0,0,0,0,0,0,0,-15,0,0,0,0,0,0,0,1 # compose_3x8 r=2
-31,0,0,0,0,0,-28,0,28,0,0,0,-9,0,18,0,-9,0,-1,0,3,0,-3,0,1 # compose_3x8 r=2
-13,0,0,0,0,0,0,0,0,0,0,0,1,0,0,0,0,0,0,0,0,0,0,0,1 # compose_2x12 r=2
-141,0,0,0,0,0,156,0,78,0,0,0,-60,0,-60,0,-15,0,8,0,12,0,6,0,1 # compose_3x8 r=2
-112,0,0,0,0,0,-146,0,73,0,0,0,-60,0,60,0,-15,0,-8,0,12,0,-6,0,1 # compose_3x8 r=2
-9,0,0,0,0,0,0,0,0,0,0,0,1,0,0,0,0,0,0,0,0,0,0,0,1 # compose_2x12 r=2
-14,0,0,0,0,14,0,0,14,0,-6,0,0,-12,0,1,-6,0,3,0,0,3,0,0,1 # compose_3x8 r=2
-229,0,0,0,0,0,-110,0,110,0,0,0,-18,0,36,0,-18,0,-1,0,3,0,-3,0,1 # compose_3x8 r=2
-109,0,0,0,0,144,0,0,72,0,-60,0,0,-60,0,8,-15,0,12,0,0,6,0,0,1 # compose_3x8 r=6
-11,0,0,14,0,0,-6,0,14,1,0,-12,0,0,3,0,-6,0,0,3,0,0,0,0,1 # compose_3x8 r=2
-7,0,0,0,0,0,0,0,0,0,0,0,4,0,0,0,0,0,0,0,0,0,0,0,1 # compose_2x12 r=2
-35,0,0,0,0,0,0,0,30,0,0,0,0,0,0,0,-9,0,0,0,0,0,0,0,1 # compose_3x8 r=2
-63,0,0,0,-47,0,0,0,35,0,0,0,23,0,0,0,-9,0,0,0,-3,0,0,0,1 # compose_3x8 r=2
-63,0,0,0,0,94,0,0,47,0,-48,0,0,-48,0,8,-12,0,12,0,0,6,0,0,1 # compose_3x8 r=2
1,0,0,0,0,0,0,0,0,0,-12,0,0,-12,0,8,-3,0,12,0,0,6,0,0,1 # compose_3x8 r=6
-4,0,0,0,0,0,-11,0,11,0,0,0,-6,0,12,0,-6,0,-1,0,3,0,-3,0,1 # compose_3x8 r=2
-74,0,0,0,0,0,0,0,51,0,0,0,0,0,0,0,-12,0,0,0,0,0,0,0,1 # compose_3x8 r=2
-195,0,-105,0,-18,0,-1,0,105,0,36,0,3,0,0,0,-18,0,-3,0,0,0,0,0,1 # compose_3x8 r=2
-143,0,0,-156,0,0,-60,0,78,-8,0,60,0,0,12,0,-15,0,0,-6,0,0,0,0,1 # compose_3x8 r=2
3,0,0,22,0,0,24,0,11,8,0,24,0,0,12,0,6,0,0,6,0,0,0,0,1 # compose_3x8 r=2
-1,0,0,0,-14,0,0,0,4,0,0,0,-7,0,0,0,4,0,0,0,0,0,0,0,1 # compose_2x12 r=2
-207,0,0,0,0,0,0,0,106,0,0,0,0,0,0,0,-18,0,0,0,0,0,0,0,1 # compose_3x8 r=2
-11,0,0,0,0,0,0,0,0,0,0,0,2,0,0,0,0,0,0,0,0,0,0,0,1 # compose_2x12 r=2
-206,0,0,0,0,-212,0,0,106,0,-72,0,0,72,0,-8,-18,0,12,0,0,-6,0,0,1 # compose_3x8 r=2
-2,0,0,0,0,0,0,0,0,0,0,0,-6,0,0,0,0,0,0,0,0,0,0,0,1 # compose_2x12 r=2
-7,0,0,0,12,0,0,0,-6,0,0,0,-4,0,0,0,9,0,0,0,6,0,0,0,1 # compose_3x8 r=2
-33,0,0,0,0,0,0,0,28,0,0,0,0,0,0,0,-9,0,0,0,0,0,0,0,1 # compose_3x8 r=2
-4,0,0,0,0,0,0,0,-4,0,0,0,2,0,0,0,4,0,0,0,-4,0,0,0,1 # compose_2x12 r=2
-74,0,0,0,0,0,0,0,50,0,0,0,0,0,0,0,-12,0,0,0,0,0,0,0,1 # compose_3x8 r=2
-7,0,0,0,0,0,0,0,-6,0,0,0,-3,0,0,0,4,0,0,0,4,0,0,0,1 # compose_2x12 r=2
-1,0,0,0,0,0,-2,0,0,0,0,0,5,0,0,0,0,0,-4,0,0,0,0,0,1 # compose_4x6 r=2
-131,0,0,0,0,0,0,0,76,0,0,0,0,0,0,0,-15,0,0,0,0,0,0,0,1 # compose_3x8 r=2
31,0,0,0,0,0,0,-58,29,0,0,0,0,0,36,-36,9,0,0,0,0,-8,12,-6,1 # compose_3x8 r=2
-2,6,12,8,0,0,0,0,3,12,12,0,0,0,0,0,3,6,0,0,0,0,0,0,1 # compose_3x8 r=2
-9,0,0,0,0,0,0,0,0,0,0,0,-3,0,0,0,0,0,0,0,0,0,0,0,1 # compose_2x12 r=2
-233,0,-222,0,-72,0,-8,0,111,0,72,0,12,0,0,0,-18,0,-6,0,0,0,0,0,1 # compose_3x8 r=2
-1,0,0,3,3,0,15,30,15,20,60,60,35,60,90,66,45,60,61,36,21,20,15,6,1 # compose_6x4 r=2
-2,0,0,-1,0,0,-3,0,1,-1,0,6,0,0,3,0,-3,0,0,-3,0,0,0,0,1 # compose_3x8 r=2
-231,0,0,222,0,0,-72,0,111,8,0,-72,0,0,12,0,-18,0,0,6,0,0,0,0,1 # compose_3x8 r=2
-19,0,0,0,0,0,0,0,24,0,0,0,0,0,0,0,-9,0,0,0,0,0,0,0,1 # compose_3x8 r=6
-57,0,0,0,0,0,0,0,47,0,0,0,0,0,0,0,-12,0,0,0,0,0,0,0,1 # compose_3x8 r=2
-112,0,0,0,0,146,0,0,73,0,-60,0,0,-60,0,8,-15,0,12,0,0,6,0,0,1 # compose_3x8 r=2
74,0,0,0,0,0,0,100,50,0,0,0,0,0,48,48,12,0,0,0,0,8,12,6,1 # compose_3x8 r=2
-1,0,0,0,0,0,0,0,0,0,0,0,-3,0,-6,0,-3,0,1,0,3,0,3,0,1 # compose_3x8 r=2
-14,0,0,14,0,0,-6,0,14,1,0,-12,0,0,3,0,-6,0,0,3,0,0,0,0,1 # compose_3x8 r=2
-5,0,0,0,0,0,0,0,5,0,0,0,0,0,0,0,-3,0,0,0,0,0,0,0,1 # compose_3x8 r=2
-5,0,0,0,0,0,0,8,4,0,0,0,0,0,-12,-12,-3,0,0,0,0,8,12,6,1 # compose_3x8 r=2
-6,0,0,0,0,0,0,0,0,0,0,0,-2,0,0,0,0,0,0,0,0,0,0,0,1 # compose_2x12 r=2
-212,0,0,0,0,0,214,0,107,0,0,0,-72,0,-72,0,-18,0,8,0,12,0,6,0,1 # compose_3x8 r=2
-8,0,0,0,0,0,0,0,0,0,0,0,-1,0,0,0,0,0,0,0,0,0,0,0,1 # compose_2x12 r=2
-3,0,6,0,27,0,-112,0,42,0,186,0,-73,0,-168,0,15,0,100,0,54,0,12,0,1 # compose_6x4 r=2
-4,0,0,0,11,0,0,0,5,0,0,0,-11,0,0,0,-3,0,0,0,3,0,0,0,1 # compose_3x8 r=2
-138,0,0,-78,0,0,-15,0,78,-1,0,30,0,0,3,0,-15,0,0,-3,0,0,0,0,1 # compose_3x8 r=2
-1,0,0,0,0,0,-6,0,0,0,0,0,7,0,0,0,0,0,-4,0,0,0,0,0,1 # compose_4x6 r=2
259,0,0,0,0,514,257,0,0,0,384,384,96,0,0,128,192,96,16,0,16,32,24,8,1 # compose_4x6 r=2
-3,0,-6,0,45,0,-104,0,24,0,174,0,-75,0,-168,0,15,0,100,0,54,0,12,0,1 # compose_6x4 r=2
-2,0,0,0,4,0,4,0,-7,0,-12,0,0,0,12,0,6,0,-4,0,-4,0,0,0,1 # compose_4x6 r=2
-123,0,150,0,-60,0,8,0,75,0,-60,0,12,0,0,0,-15,0,6,0,0,0,0,0,1 # compose_3x8 r=2
-137,0,0,78,0,0,-15,0,78,1,0,-30,0,0,3,0,-15,0,0,3,0,0,0,0,1 # compose_3x8 r=2
-3,0,0,0,-5,0,0,0,1,0,0,0,5,0,0,0,-2,0,0,0,0,0,0,0,1 # compose_2x12 r=2
-49,0,0,0,0,0,-90,0,45,0,0,0,-48,0,48,0,-12,0,-8,0,12,0,-6,0,1 # compose_3x8 r=2
-113,0,0,0,0,-73,0,0,73,0,-15,0,0,30,0,-1,-15,0,3,0,0,-3,0,0,1 # compose_3x8 r=2
-71,0,0,0,0,-49,0,0,49,0,-12,0,0,24,0,-1,-12,0,3,0,0,-3,0,0,1 # compose_3x8 r=2
-10,0,0,0,0,0,0,0,12,0,0,0,0,0,0,0,-6,0,0,0,0,0,0,0,1 # compose_3x8 r=2
-54,0,0,0,0,0,0,0,46,0,0,0,0,0,0,0,-12,0,0,0,0,0,0,0,1 # compose_3x8 r=2
-3,0,0,0,0,0,0,0,0,0,0,0,-6,0,0,0,0,0,0,0,0,0,0,0,1 # compose_2x12 r=2
-7,0,0,0,0,0,0,0,0,0,0,0,0,0,0,0,0,0,0,0,0,0,0,0,1 # compose_2x12 r=2
-2,0,0,0,-6,0,0,0,15,0,0,0,-20,0,0,0,15,0,0,0,-6,0,0,0,1 # compose_6x4 r=2
-219,0,0,0,0,-216,0,0,108,0,-72,0,0,72,0,-8,-18,0,12,0,0,-6,0,0,1 # compose_3x8 r=2
-19,0,0,0,0,0,0,48,24,0,0,0,0,0,-36,-36,-9,0,0,0,0,8,12,6,1 # compose_3x8 r=6
-134,0,0,0,0,0,0,-77,77,0,0,0,0,0,-15,30,-15,0,0,0,0,-1,3,-3,1 # compose_3x8 r=2
1,0,0,4,0,0,1,0,0,0,0,0,4,0,0,2,0,0,0,0,0,0,0,0,1 # compose_2x12 r=2
-58,-47,-12,-1,0,0,0,0,47,24,3,0,0,0,0,0,-12,-3,0,0,0,0,0,0,1 # compose_3x8 r=2
-8,0,0,0,0,0,0,0,0,0,0,0,1,0,0,0,0,0,0,0,0,0,0,0,1 # compose_2x12 r=2
-138,0,0,0,0,0,0,78,78,0,0,0,0,0,-15,-30,-15,0,0,0,0,1,3,3,1 # compose_3x8 r=2
-3,0,0,-3,0,0,9,0,0,-16,0,0,19,0,0,-16,0,0,10,0,0,-4,0,0,1 # compose_4x6 r=2
-109,0,144,0,-60,0,8,0,72,0,-60,0,12,0,0,0,-15,0,6,0,0,0,0,0,1 # compose_3x8 r=6
-232,0,0,0,0,0,0,0,111,0,0,0,0,0,0,0,-18,0,0,0,0,0,0,0,1 # compose_3x8 r=2
-69,0,0,-49,0,0,-12,0,49,-1,0,24,0,0,3,0,-12,0,0,-3,0,0,0,0,1 # compose_3x8 r=2
-201,0,0,0,0,0,0,105,105,0,0,0,0,0,-18,-36,-18,0,0,0,0,1,3,3,1 # compose_3x8 r=2
-3,0,0,0,0,0,2,0,0,0,0,0,5,0,0,0,0,0,4,0,0,0,0,0,1 # compose_4x6 r=2
-70,100,-48,8,0,0,0,0,50,-48,12,0,0,0,0,0,-12,6,0,0,0,0,0,0,1 # compose_3x8 r=2
-199,0,0,0,-105,0,0,0,87,0,0,0,35,0,0,0,-15,0,0,0,-3,0,0,0,1 # compose_3x8 r=6
-4,0,0,0,0,0,0,0,0,0,0,0,1,0,0,0,0,0,0,0,0,0,0,0,1 # compose_2x12 r=2
-67,0,0,0,0,0,0,0,49,0,0,0,0,0,0,0,-12,0,0,0,0,0,0,0,1 # compose_3x8 r=2
-211,0,0,0,0,0,0,0,107,0,0,0,0,0,0,0,-18,0,0,0,0,0,0,0,1 # compose_3x8 r=2
1,9,15,20,24,36,61,60,45,66,90,60,35,60,60,20,15,30,15,0,6,6,0,0,1 # compose_6x4 r=2
-1,0,0,0,0,0,1,0,0,0,0,0,6,0,0,0,0,0,4,0,0,0,0,0,1 # compose_4x6 r=2
-233,0,0,0,0,-222,0,0,111,0,-72,0,0,72,0,-8,-18,0,12,0,0,-6,0,0,1 # compose_3x8 r=2
-137,0,0,0,0,0,0,0,77,0,0,0,0,0,0,0,-15,0,0,0,0,0,0,0,1 # compose_3x8 r=2
-3,0,0,0,0,0,0,0,0,0,3,0,3,0,0,0,0,0,0,0,1,0,2,0,1 # compose_2x12 r=2
-62,0,0,0,0,0,0,0,47,0,0,0,0,0,0,0,-12,0,0,0,0,0,0,0,1 # compose_3x8 r=2
-137,0,0,0,0,0,0,0,78,0,0,0,0,0,0,0,-15,0,0,0,0,0,0,0,1 # compose_3x8 r=2
-7,0,0,0,0,0,0,0,0,0,2,0,-1,0,0,0,0,0,0,0,4,0,-4,0,1 # compose_2x12 r=6
-59,0,0,0,0,0,0,-46,46,0,0,0,0,0,-12,24,-12,0,0,0,0,-1,3,-3,1 # compose_3x8 r=2
-19,0,0,0,0,-25,0,0,25,0,-9,0,0,18,0,-1,-9,0,3,0,0,-3,0,0,1 # compose_3x8 r=2
-30,0,0,0,0,0,0,0,27,0,0,0,0,0,0,0,-9,0,0,0,0,0,0,0,1 # compose_3x8 r=2
-10,0,0,0,0,0,0,0,0,0,0,0,1,0,0,0,0,0,0,0,0,0,0,0,1 # compose_2x12 r=2
-62,0,96,0,-48,0,8,0,48,0,-48,0,12,0,0,0,-12,0,6,0,0,0,0,0,1 # compose_3x8 r=2
-3,0,-3,0,15,0,-43,0,84,0,-123,0,140,0,-126,0,90,0,-50,0,21,0,-6,0,1 # compose_6x4 r=2
-8,0,0,0,0,0,0,0,0,0,6,0,-3,0,0,0,0,0,0,0,4,0,-4,0,1 # compose_2x12 r=6
-1,0,0,0,0,0,0,0,6,0,0,0,0,0,0,0,-3,0,0,0,0,0,0,0,1 # compose_3x8 r=2
-211,0,-214,0,-72,0,-8,0,107,0,72,0,12,0,0,0,-18,0,-6,0,0,0,0,0,1 # compose_3x8 r=2
-6,0,10,0,-6,0,1,0,10,0,-12,0,3,0,0,0,-6,0,3,0,0,0,0,0,1 # compose_3x8 r=2
1,0,0,0,0,0,0,-10,5,0,0,0,0,0,12,-12,3,0,0,0,0,-8,12,-6,1 # compose_3x8 r=2
38,0,0,-312,156,0,888,-888,222,-1256,1884,-942,1117,-1920,1440,-864,1020,-960,544,-312,252,-160,60,-12,1 # compose_6x4 r=2
-141,0,0,0,0,156,0,0,78,0,-60,0,0,-60,0,8,-15,0,12,0,0,6,0,0,1 # compose_3x8 r=2
-133,0,0,0,-76,0,0,0,61,0,0,0,29,0,0,0,-12,0,0,0,-3,0,0,0,1 # compose_3x8 r=2
-128,0,0,0,0,0,0,0,75,0,0,0,0,0,0,0,-15,0,0,0,0,0,0,0,1 # compose_3x8 r=2
-38,0,0,0,0,0,0,0,30,0,0,0,0,0,0,0,-9,0,0,0,0,0,0,0,1 # compose_3x8 r=2
-202,0,0,0,0,0,0,0,106,0,0,0,0,0,0,0,-18,0,0,0,0,0,0,0,1 # compose_3x8 r=2
-1,0,0,0,0,20,0,0,10,0,-24,0,0,-24,0,8,-6,0,12,0,0,6,0,0,1 # compose_3x8 r=2
-51,0,0,0,0,0,0,-45,45,0,0,0,0,0,-12,24,-12,0,0,0,0,-1,3,-3,1 # compose_3x8 r=6
-17,0,0,0,-24,0,0,0,15,0,0,0,17,0,0,0,-6,0,0,0,-3,0,0,0,1 # compose_3x8 r=6
-13,0,0,0,0,0,0,0,0,0,0,0,-1,0,0,0,0,0,0,0,0,0,0,0,1 # compose_2x12 r=2
-30,0,0,0,0,0,0,54,27,0,0,0,0,0,-36,-36,-9,0,0,0,0,8,12,6,1 # compose_3x8 r=2
-127,0,0,0,0,0,0,0,76,0,0,0,0,0,0,0,-15,0,0,0,0,0,0,0,1 # compose_3x8 r=2
-208,0,0,0,-214,0,0,0,35,0,0,0,64,0,0,0,-6,0,0,0,-6,0,0,0,1 # compose_3x8 r=2
-69,0,0,0,0,0,0,0,49,0,0,0,0,0,0,0,-12,0,0,0,0,0,0,0,1 # compose_3x8 r=2
-214,0,0,0,0,0,0,0,108,0,0,0,0,0,0,0,-18,0,0,0,0,0,0,0,1 # compose_3x8 r=2
-3,0,0,0,0,2,-2,0,0,0,3,-6,3,0,0,-4,12,-12,4,0,1,-4,6,-4,1 # compose_4x6 r=2
-5,0,0,0,0,0,0,0,0,0,0,0,2,0,0,0,0,0,0,0,0,0,0,0,1 # compose_2x12 r=2
262,0,0,0,0,-516,258,0,0,0,384,-384,96,0,0,-128,192,-96,16,0,16,-32,24,-8,1 # compose_4x6 r=2
-118,0,0,0,0,0,0,0,74,0,0,0,0,0,0,0,-15,0,0,0,0,0,0,0,1 # compose_3x8 r=2
-54,-92,-48,-8,0,0,0,0,46,48,12,0,0,0,0,0,-12,-6,0,0,0,0,0,0,1 # compose_3x8 r=2
-7,0,0,0,0,-20,0,0,10,0,-24,0,0,24,0,-8,-6,0,12,0,0,-6,0,0,1 # compose_3x8 r=2
29,0,0,0,0,0,0,54,27,0,0,0,0,0,36,36,9,0,0,0,0,8,12,6,1 # compose_3x8 r=2
-1,0,0,0,0,0,3,0,0,0,0,0,6,0,0,0,0,0,4,0,0,0,0,0,1 # compose_4x6 r=2
-8,0,0,0,0,0,0,0,0,0,0,1,1,0,0,0,0,0,0,0,0,0,1,2,1 # compose_2x12 r=2
-3,0,0,0,0,0,0,0,0,0,0,0,-5,0,0,0,0,0,0,0,0,0,0,0,1 # compose_2x12 r=2
-3,0,0,0,0,0,0,0,0,0,4,8,4,0,0,4,12,12,4,0,1,4,6,4,1 # compose_4x6 r=2
-7,0,11,0,-6,0,1,0,11,0,-12,0,3,0,0,0,-6,0,3,0,0,0,0,0,1 # compose_3x8 r=2
-123,0,0,0,-150,0,0,0,15,0,0,0,52,0,0,0,-3,0,0,0,-6,0,0,0,1 # compose_3x8 r=2
-70,0,0,0,0,0,0,-50,50,0,0,0,0,0,-12,24,-12,0,0,0,0,-1,3,-3,1 # compose_3x8 r=2
-4,0,0,0,0,0,0,-10,5,0,0,0,0,0,-12,12,-3,0,0,0,0,-8,12,-6,1 # compose_3x8 r=2
-127,0,75,0,-15,0,1,0,75,0,-30,0,3,0,0,0,-15,0,3,0,0,0,0,0,1 # compose_3x8 r=2
-4,0,0,0,0,0,0,1,1,0,0,0,0,0,3,6,3,0,0,0,0,1,3,3,1 # compose_3x8 r=2
-34,0,0,0,0,0,0,0,30,0,0,0,0,0,0,0,-9,0,0,0,0,0,0,0,1 # compose_3x8 r=2
-26,52,-36,8,0,0,0,0,26,-36,12,0,0,0,0,0,-9,6,0,0,0,0,0,0,1 # compose_3x8 r=2
-78,0,0,0,0,0,0,0,51,0,0,0,0,0,0,0,-12,0,0,0,0,0,0,0,1 # compose_3x8 r=2
59,-382,960,-1280,1151,-1344,1984,-1920,1200,-1152,1440,-960,400,-480,480,-160,60,-120,60,0,12,-12,0,0,1 # compose_6x4 r=2
-2,0,6,0,1,0,0,0,0,0,0,0,-6,0,-2,0,0,0,0,0,0,0,0,0,1 # compose_2x12 r=6
-14,0,0,0,0,0,0,0,14,0,0,0,0,0,0,0,-6,0,0,0,0,0,0,0,1 # compose_3x8 r=2
-7,0,0,-13,0,0,-6,0,13,-1,0,12,0,0,3,0,-6,0,0,-3,0,0,0,0,1 # compose_3x8 r=2
-3,0,0,0,0,0,0,-6,3,0,0,0,0,0,-12,12,-3,0,0,0,0,-8,12,-6,1 # compose_3x8 r=2
-57,0,0,0,0,-94,0,0,47,0,-48,0,0,48,0,-8,-12,0,12,0,0,-6,0,0,1 # compose_3x8 r=2
-3,0,0,0,0,0,0,0,0,0,0,0,5,0,0,0,0,0,0,0,0,0,0,0,1 # compose_2x12 r=2
-2,0,0,0,0,0,0,0,10,0,0,0,0,0,0,0,-6,0,0,0,0,0,0,0,1 # compose_3x8 r=2
-213,0,0,0,0,0,0,0,107,0,0,0,0,0,0,0,-18,0,0,0,0,0,0,0,1 # compose_3x8 r=2
-29,0,56,0,-36,0,8,0,28,0,-36,0,12,0,0,0,-9,0,6,0,0,0,0,0,1 # compose_3x8 r=2
-1,0,-3,0,9,0,5,0,-30,0,-3,0,42,0,6,0,-30,0,-10,0,9,0,6,0,1 # compose_6x4 r=2
-113,0,0,0,0,0,0,0,72,0,0,0,0,0,0,0,-15,0,0,0,0,0,0,0,1 # compose_3x8 r=2
-122,0,0,0,0,0,0,-75,75,0,0,0,0,0,-15,30,-15,0,0,0,0,-1,3,-3,1 # compose_3x8 r=2
-1,0,0,0,0,0,-4,0,4,0,0,0,-3,0,6,0,-3,0,-1,0,3,0,-3,0,1 # compose_3x8 r=2
-49,0,0,0,0,0,0,0,45,0,0,0,0,0,0,0,-12,0,0,0,0,0,0,0,1 # compose_3x8 r=2
-62,0,0,0,0,0,0,47,47,0,0,0,0,0,-12,-24,-12,0,0,0,0,1,3,3,1 # compose_3x8 r=2
-17,0,0,0,0,0,30,0,15,0,0,0,-24,0,-24,0,-6,0,8,0,12,0,6,0,1 # compose_3x8 r=2
-1,0,0,0,0,0,0,0,-8,0,0,0,4,0,0,0,4,0,0,0,-4,0,0,0,1 # compose_2x12 r=2
-71,0,0,0,0,0,0,0,49,0,0,0,0,0,0,0,-12,0,0,0,0,0,0,0,1 # compose_3x8 r=2
-12,-15,-6,-1,0,0,0,0,15,12,3,0,0,0,0,0,-6,-3,0,0,0,0,0,0,1 # compose_3x8 r=2
-3,0,-2,0,4,0,0,0,0,0,0,0,-1,0,4,0,0,0,0,0,0,0,0,0,1 # compose_2x12 r=2
2,-30,96,-184,255,-288,340,-480,504,-330,360,-480,263,-120,240,-160,15,-60,60,0,6,-12,0,0,1 # compose_6x4 r=2
-230,0,0,0,0,-220,0,0,110,0,-72,0,0,72,0,-8,-18,0,12,0,0,-6,0,0,1 # compose_3x8 r=2
-3,0,0,0,0,0,0,0,2,0,0,0,0,0,0,0,3,0,0,0,0,0,0,0,1 # compose_3x8 r=2
7,0,0,0,0,0,0,0,0,-18,0,0,9,0,0,0,0,0,4,0,0,-4,0,0,1 # compose_2x12 r=2
-6,0,0,0,0,0,0,0,0,0,0,0,3,0,0,0,0,0,0,0,0,0,0,0,1 # compose_2x12 r=2
-117,0,0,0,-146,0,0,0,13,0,0,0,52,0,0,0,-3,0,0,0,-6,0,0,0,1 # compose_3x8 r=2
-11,0,0,0,0,0,0,0,0,0,0,0,-2,0,0,0,0,0,0,0,0,0,0,0,1 # compose_2x12 r=2
-2,0,0,0,0,-10,0,0,10,0,-6,0,0,12,0,-1,-6,0,3,0,0,-3,0,0,1 # compose_3x8 r=2
-117,0,0,0,0,0,0,0,74,0,0,0,0,0,0,0,-15,0,0,0,0,0,0,0,1 # compose_3x8 r=2
-1,0,0,0,0,0,0,0,0,2,0,0,-2,0,0,0,0,0,1,0,0,-2,0,0,1 # compose_2x12 r=2
-54,0,0,0,0,0,92,0,46,0,0,0,-48,0,-48,0,-12,0,8,0,12,0,6,0,1 # compose_3x8 r=2
-24,0,0,-27,0,0,-9,0,27,-1,0,18,0,0,3,0,-9,0,0,-3,0,0,0,0,1 # compose_3x8 r=2
-1,0,0,-6,-6,0,15,30,15,-20,-60,-60,-5,60,90,54,-15,-60,-59,-24,9,20,15,6,1 # compose_6x4 r=2
-1,0,0,0,-3,0,0,0,12,0,0,0,-19,0,0,0,15,0,0,0,-6,0,0,0,1 # compose_6x4 r=2
-1,0,0,0,0,0,0,-4,2,0,0,0,0,0,12,-12,3,0,0,0,0,-8,12,-6,1 # compose_3x8 r=2
-137,0,0,0,0,154,0,0,77,0,-60,0,0,-60,0,8,-15,0,12,0,0,6,0,0,1 # compose_3x8 r=2
-74,0,0,0,0,0,0,100,50,0,0,0,0,0,-48,-48,-12,0,0,0,0,8,12,6,1 # compose_3x8 r=2
-23,0,0,0,0,0,0,50,25,0,0,0,0,0,-36,-36,-9,0,0,0,0,8,12,6,1 # compose_3x8 r=2
-26,0,0,-52,0,0,-36,0,26,-8,0,36,0,0,12,0,-9,0,0,-6,0,0,0,0,1 # compose_3x8 r=2
-143,0,0,0,0,0,0,0,78,0,0,0,0,0,0,0,-15,0,0,0,0,0,0,0,1 # compose_3x8 r=2
-2,0,0,0,4,0,0,0,15,0,0,0,20,0,0,0,15,0,0,0,6,0,0,0,1 # compose_6x4 r=2
-112,0,0,0,0,0,-73,0,73,0,0,0,-15,0,30,0,-15,0,-1,0,3,0,-3,0,1 # compose_3x8 r=2
-67,0,0,0,0,0,0,0,48,0,0,0,0,0,0,0,-12,0,0,0,0,0,0,0,1 # compose_3x8 r=2
-1,0,0,0,-9,0,0,0,18,0,0,0,-21,0,0,0,15,0,0,0,-6,0,0,0,1 # compose_6x4 r=2
-9,0,0,0,0,2,0,0,0,0,1,0,2,0,0,0,0,2,0,0,0,0,0,0,1 # compose_2x12 r=2
-3,0,0,-2,0,0,4,0,0,0,0,0,1,0,0,-4,0,0,0,0,0,0,0,0,1 # compose_2x12 r=2
-2,0,0,0,-4,0,0,0,14,0,0,0,-20,0,0,0,15,0,0,0,-6,0,0,0,1 # compose_3x8 r=2
-6,0,0,-4,0,0,1,0,0,0,0,0,4,0,0,-2,0,0,0,0,0,0,0,0,1 # compose_2x12 r=2
-213,0,216,0,-72,0,8,0,108,0,-72,0,12,0,0,0,-18,0,6,0,0,0,0,0,1 # compose_3x8 r=2
-5,0,0,0,0,0,5,0,0,0,0,0,-4,0,0,0,0,0,-2,0,0,0,0,0,1 # compose_2x12 r=2
-39,0,0,0,0,0,0,0,30,0,0,0,0,0,0,0,-9,0,0,0,0,0,0,0,1 # compose_3x8 r=2
-4,0,10,0,4,0,0,0,0,0,0,0,5,0,4,0,0,0,0,0,0,0,0,0,1 # compose_2x12 r=2
-3,0,0,0,0,0,-2,0,0,0,0,0,6,0,0,0,0,0,-4,0,0,0,0,0,1 # compose_4x6 r=2
-3,0,0,0,0,0,0,0,0,0,0,0,12,0,12,0,3,0,8,0,12,0,6,0,1 # compose_3x8 r=2
-10,0,0,-14,0,0,-6,0,14,-1,0,12,0,0,3,0,-6,0,0,-3,0,0,0,0,1 # compose_3x8 r=2
-77,0,0,-102,0,0,-48,0,51,-8,0,48,0,0,12,0,-12,0,0,-6,0,0,0,0,1 # compose_3x8 r=2
-9,0,0,0,0,0,0,0,0,0,-6,0,-3,0,0,0,0,0,0,0,4,0,4,0,1 # compose_2x12 r=2
-2,-8,60,-160,244,-252,304,-480,495,-312,360,-480,260,-120,240,-160,15,-60,60,0,6,-12,0,0,1 # compose_6x4 r=2
-73,0,0,0,-51,0,0,0,39,0,0,0,23,0,0,0,-9,0,0,0,-3,0,0,0,1 # compose_3x8 r=2
4,14,4,0,0,0,0,0,0,0,0,0,7,4,0,0,0,0,0,0,0,0,0,0,1 # compose_2x12 r=2
-139,0,156,0,-60,0,8,0,78,0,-60,0,12,0,0,0,-15,0,6,0,0,0,0,0,1 # compose_3x8 r=2
-5,0,0,-6,0,0,-3,0,6,-1,0,6,0,0,3,0,-3,0,0,-3,0,0,0,0,1 # compose_3x8 r=2
-223,0,0,0,0,0,0,0,109,0,0,0,0,0,0,0,-18,0,0,0,0,0,0,0,1 # compose_3x8 r=2
-139,0,0,0,0,0,0,0,78,0,0,0,0,0,0,0,-15,0,0,0,0,0,0,0,1 # compose_3x8 r=2
2,0,0,18,9,0,60,60,15,160,240,120,260,480,360,312,495,480,304,252,246,160,60,12,1 # compose_6x4 r=2
-4,0,0,0,0,0,0,0,0,0,0,0,-5,0,0,0,0,0,0,0,0,0,0,0,1 # compose_2x12 r=2
-70,0,0,100,0,0,-48,0,50,8,0,-48,0,0,12,0,-12,0,0,6,0,0,0,0,1 # compose_3x8 r=2
-2,0,0,-2,0,0,-12,0,1,-8,0,12,0,0,12,0,-3,0,0,-6,0,0,0,0,1 # compose_3x8 r=2
-5,0,0,0,10,0,0,0,-7,0,0,0,-4,0,0,0,9,0,0,0,6,0,0,0,1 # compose_3x8 r=2
-8,0,0,0,0,0,0,0,0,0,0,0,3,0,0,0,0,0,0,0,0,0,0,0,1 # compose_2x12 r=2
-5,0,0,0,0,0,0,0,0,0,0,0,1,0,0,0,0,0,0,0,0,0,0,0,1 # compose_2x12 r=2
-51,0,0,0,0,0,0,0,45,0,0,0,0,0,0,0,-12,0,0,0,0,0,0,0,1 # compose_3x8 r=6
-113,0,0,0,0,72,0,0,72,0,-15,0,0,-30,0,1,-15,0,3,0,0,3,0,0,1 # compose_3x8 r=2
-141,0,0,0,0,0,0,0,78,0,0,0,0,0,0,0,-15,0,0,0,0,0,0,0,1 # compose_3x8 r=2
-229,0,0,0,0,0,0,0,110,0,0,0,0,0,0,0,-18,0,0,0,0,0,0,0,1 # compose_3x8 r=2
1,-10,9,-4,1,0,10,-18,12,-4,0,0,9,-12,6,0,0,0,4,-4,0,0,0,0,1 # compose_4x6 r=2
-1,0,0,0,0,0,0,0,0,0,0,0,0,0,-12,-12,-3,0,0,0,0,8,12,6,1 # compose_3x8 r=2
-4,0,0,0,0,0,0,0,0,0,4,0,-4,0,0,0,0,0,0,0,1,0,-2,0,1 # compose_2x12 r=2
-5,-2,1,0,0,0,0,0,0,0,0,0,-2,2,0,0,0,0,0,0,0,0,0,0,1 # compose_2x12 r=2
-201,0,0,0,0,-105,0,0,105,0,-18,0,0,36,0,-1,-18,0,3,0,0,-3,0,0,1 # compose_3x8 r=2
-227,0,0,0,-110,0,0,0,92,0,0,0,35,0,0,0,-15,0,0,0,-3,0,0,0,1 # compose_3x8 r=2
-2,0,0,0,-10,0,0,0,4,0,0,0,11,0,0,0,-3,0,0,0,-3,0,0,0,1 # compose_3x8 r=2
-26,0,0,0,26,0,0,0,17,0,0,0,-17,0,0,0,-6,0,0,0,3,0,0,0,1 # compose_3x8 r=2
-61,0,0,0,-48,0,0,0,36,0,0,0,23,0,0,0,-9,0,0,0,-3,0,0,0,1 # compose_3x8 r=2
-4,0,0,0,0,0,0,0,0,0,0,0,-1,0,0,0,0,0,0,0,0,0,0,0,1 # compose_2x12 r=2
-7,0,0,0,0,0,0,0,0,0,0,0,-3,0,0,0,0,0,0,0,0,0,0,0,1 # compose_2x12 r=2
-33,0,0,0,0,0,0,-30,30,0,0,0,0,0,-9,18,-9,0,0,0,0,-1,3,-3,1 # compose_3x8 r=2
-2,0,-6,0,12,0,-8,0,3,0,-12,0,12,0,0,0,3,0,-6,0,0,0,0,0,1 # compose_3x8 r=2
-112,0,0,0,0,0,0,0,73,0,0,0,0,0,0,0,-15,0,0,0,0,0,0,0,1 # compose_3x8 r=2
-131,-152,-60,-8,0,0,0,0,76,60,12,0,0,0,0,0,-15,-6,0,0,0,0,0,0,1 # compose_3x8 r=2
-112,0,0,0,73,0,0,0,58,0,0,0,-29,0,0,0,-12,0,0,0,3,0,0,0,1 # compose_3x8 r=2
-109,72,-15,1,0,0,0,0,72,-30,3,0,0,0,0,0,-15,3,0,0,0,0,0,0,1 # compose_3x8 r=6
-9,0,0,-6,0,0,4,0,0,0,0,0,-3,0,0,4,0,0,0,0,0,0,0,0,1 # compose_2x12 r=2
-2,0,0,0,0,0,0,0,0,0,0,0,-5,0,0,0,0,0,0,0,0,0,0,0,1 # compose_2x12 r=2
-17,0,-30,0,-24,0,-8,0,15,0,24,0,12,0,0,0,-6,0,-6,0,0,0,0,0,1 # compose_3x8 r=2
-201,0,-212,0,-72,0,-8,0,106,0,72,0,12,0,0,0,-18,0,-6,0,0,0,0,0,1 # compose_3x8 r=2
-53,0,-90,0,-48,0,-8,0,45,0,48,0,12,0,0,0,-12,0,-6,0,0,0,0,0,1 # compose_3x8 r=6
-131,0,0,0,0,-76,0,0,76,0,-15,0,0,30,0,-1,-15,0,3,0,0,-3,0,0,1 # compose_3x8 r=2
-10,0,0,0,0,-1,0,0,0,0,1,0,1,0,0,0,0,-2,0,0,0,0,0,0,1 # compose_2x12 r=2
-63,0,0,0,0,-47,0,0,47,0,-12,0,0,24,0,-1,-12,0,3,0,0,-3,0,0,1 # compose_3x8 r=2
-123,0,0,0,0,0,0,0,74,0,0,0,0,0,0,0,-15,0,0,0,0,0,0,0,1 # compose_3x8 r=2
-212,0,107,0,-18,0,1,0,107,0,-36,0,3,0,0,0,-18,0,3,0,0,0,0,0,1 # compose_3x8 r=2
-77,0,51,0,-12,0,1,0,51,0,-24,0,3,0,0,0,-12,0,3,0,0,0,0,0,1 # compose_3x8 r=2
-3,0,0,0,0,0,0,-22,11,0,0,0,0,0,-24,24,-6,0,0,0,0,-8,12,-6,1 # compose_3x8 r=2
-13,0,0,-28,0,0,-24,0,14,-8,0,24,0,0,12,0,-6,0,0,-6,0,0,0,0,1 # compose_3x8 r=2
-31,0,0,-29,0,0,-9,0,29,-1,0,18,0,0,3,0,-9,0,0,-3,0,0,0,0,1 # compose_3x8 r=2
-73,0,0,0,0,0,0,0,50,0,0,0,0,0,0,0,-12,0,0,0,0,0,0,0,1 # compose_3x8 r=2
-213,0,107,0,-18,0,1,0,107,0,-36,0,3,0,0,0,-18,0,3,0,0,0,0,0,1 # compose_3x8 r=2
-112,-146,-60,-8,0,0,0,0,73,60,12,0,0,0,0,0,-15,-6,0,0,0,0,0,0,1 # compose_3x8 r=2
-141,0,0,0,0,-78,0,0,78,0,-15,0,0,30,0,-1,-15,0,3,0,0,-3,0,0,1 # compose_3x8 r=2
39,0,0,0,0,0,0,-60,30,0,0,0,0,0,36,-36,9,0,0,0,0,-8,12,-6,1 # compose_3x8 r=2
-206,0,0,0,0,0,0,-106,106,0,0,0,0,0,-18,36,-18,0,0,0,0,-1,3,-3,1 # compose_3x8 r=2
-1,0,0,0,0,0,0,-10,10,0,0,0,0,0,-6,12,-6,0,0,0,0,-1,3,-3,1 # compose_3x8 r=2
-1,0,0,0,3,0,0,0,15,0,0,0,20,0,0,0,15,0,0,0,6,0,0,0,1 # compose_6x4 r=2
-58,0,0,0,0,0,0,0,47,0,0,0,0,0,0,0,-12,0,0,0,0,0,0,0,1 # compose_3x8 r=2
-1,0,0,0,0,-6,-6,0,0,0,7,14,7,0,0,-4,-12,-12,-4,0,1,4,6,4,1 # compose_4x6 r=2
-3,-6,-12,-8,0,0,0,0,3,12,12,0,0,0,0,0,-3,-6,0,0,0,0,0,0,1 # compose_3x8 r=2
-121,0,0,0,0,0,0,0,74,0,0,0,0,0,0,0,-15,0,0,0,0,0,0,0,1 # compose_3x8 r=2
2,-15,24,-23,30,-54,70,-60,54,-75,90,-60,38,-60,60,-20,15,-30,15,0,6,-6,0,0,1 # compose_6x4 r=2
-113,0,0,0,0,0,0,0,73,0,0,0,0,0,0,0,-15,0,0,0,0,0,0,0,1 # compose_3x8 r=2
-5,0,2,0,24,0,31,0,-8,0,-48,0,-26,0,24,0,24,0,-4,0,-8,0,0,0,1 # compose_4x6 r=6
-123,0,0,0,0,-75,0,0,75,0,-15,0,0,30,0,-1,-15,0,3,0,0,-3,0,0,1 # compose_3x8 r=2
-1,0,0,0,0,0,0,0,1,0,0,0,0,0,0,0,-3,0,0,0,0,0,0,0,1 # compose_3x8 r=2
-197,0,0,0,0,0,0,0,105,0,0,0,0,0,0,0,-18,0,0,0,0,0,0,0,1 # compose_3x8 r=6
-5,0,0,0,0,0,0,0,0,0,0,0,-3,0,0,0,0,0,0,0,0,0,0,0,1 # compose_2x12 r=2
-1,0,0,6,0,0,4,0,0,0,0,0,3,0,0,4,0,0,0,0,0,0,0,0,1 # compose_2x12 r=2
-2,0,20,0,-24,0,8,0,10,0,-24,0,12,0,0,0,-6,0,6,0,0,0,0,0,1 # compose_3x8 r=2
-59,0,0,0,0,0,0,94,47,0,0,0,0,0,-48,-48,-12,0,0,0,0,8,12,6,1 # compose_3x8 r=2
-9,0,0,0,-11,0,0,0,5,0,0,0,11,0,0,0,-3,0,0,0,-3,0,0,0,1 # compose_3x8 r=2
-5,0,0,0,0,0,0,-3,0,0,0,0,3,0,1,0,0,0,0,-2,0,0,0,0,1 # compose_2x12 r=2
-2,0,0,0,0,2,0,0,2,0,3,0,0,6,0,1,3,0,3,0,0,3,0,0,1 # compose_3x8 r=2
-113,0,0,0,0,0,-72,0,72,0,0,0,-15,0,30,0,-15,0,-1,0,3,0,-3,0,1 # compose_3x8 r=2
-1,0,0,0,4,0,-2,0,20,0,-20,0,37,0,-48,0,40,0,-36,0,24,0,-8,0,1 # compose_4x6 r=6
-7,0,0,0,0,0,0,0,0,0,0,0,-5,0,0,0,0,0,0,0,0,0,0,0,1 # compose_2x12 r=2
-69,0,0,0,0,0,-49,0,49,0,0,0,-12,0,24,0,-12,0,-1,0,3,0,-3,0,1 # compose_3x8 r=2
-3,0,0,0,0,0,36,36,9,144,216,108,258,480,360,312,495,480,304,252,246,160,60,12,1 # compose_6x4 r=2
-21,0,0,0,0,0,0,52,26,0,0,0,0,0,-36,-36,-9,0,0,0,0,8,12,6,1 # compose_3x8 r=2
249,0,0,0,0,-510,255,0,0,0,384,-384,96,0,0,-128,192,-96,16,0,16,-32,24,-8,1 # compose_4x6 r=2
-4,0,0,0,0,0,-4,0,0,0,0,0,-3,0,0,0,0,0,2,0,0,0,0,0,1 # compose_2x12 r=2
-231,0,0,0,0,-222,0,0,111,0,-72,0,0,72,0,-8,-18,0,12,0,0,-6,0,0,1 # compose_3x8 r=2
-3,0,0,2,0,0,-3,0,2,1,0,-6,0,0,3,0,-3,0,0,3,0,0,0,0,1 # compose_3x8 r=2
-1,0,6,0,51,0,200,0,480,0,786,0,923,0,792,0,495,0,220,0,66,0,12,0,1 # compose_6x4 r=2
-221,0,0,0,0,0,109,0,109,0,0,0,-18,0,-36,0,-18,0,1,0,3,0,3,0,1 # compose_3x8 r=2
-1,0,-18,0,63,0,-96,0,6,0,162,0,-77,0,-168,0,15,0,100,0,54,0,12,0,1 # compose_6x4 r=2
-9,0,0,0,0,0,0,0,0,0,0,0,-1,0,0,0,0,0,0,0,0,0,0,0,1 # compose_2x12 r=2
-21,0,0,0,0,0,0,0,26,0,0,0,0,0,0,0,-9,0,0,0,0,0,0,0,1 # compose_3x8 r=2
-141,156,-60,8,0,0,0,0,78,-60,12,0,0,0,0,0,-15,6,0,0,0,0,0,0,1 # compose_3x8 r=2
-61,0,0,0,0,0,0,0,47,0,0,0,0,0,0,0,-12,0,0,0,0,0,0,0,1 # compose_3x8 r=2
-10,12,-6,1,0,0,0,0,12,-12,3,0,0,0,0,0,-6,3,0,0,0,0,0,0,1 # compose_3x8 r=2
-5,0,0,0,0,0,0,0,-6,0,0,0,-3,0,0,0,4,0,0,0,4,0,0,0,1 # compose_2x12 r=2
-1,0,0,0,0,0,0,0,4,0,0,0,0,0,0,0,3,0,0,0,0,0,0,0,1 # compose_3x8 r=2
-111,0,0,0,0,0,0,0,72,0,0,0,0,0,0,0,-15,0,0,0,0,0,0,0,1 # compose_3x8 r=6
-55,0,0,0,90,0,0,0,-3,0,0,0,-40,0,0,0,0,0,0,0,6,0,0,0,1 # compose_3x8 r=2
-3,0,4,0,11,0,-10,0,-30,0,6,0,41,0,-6,0,-30,0,10,0,9,0,-6,0,1 # compose_6x4 r=2
-25,0,0,0,0,0,0,-26,26,0,0,0,0,0,-9,18,-9,0,0,0,0,-1,3,-3,1 # compose_3x8 r=2
211,0,0,0,0,0,0,-214,107,0,0,0,0,0,72,-72,18,0,0,0,0,-8,12,-6,1 # compose_3x8 r=2
-3,0,0,0,0,0,0,0,0,0,4,0,0,0,0,0,0,4,0,0,0,0,0,0,1 # compose_2x12 r=2
-2,0,0,0,0,0,0,3,3,0,0,0,0,0,3,6,3,0,0,0,0,1,3,3,1 # compose_3x8 r=2
-3,0,0,0,0,0,0,0,0,0,0,0,6,0,0,0,0,0,0,0,0,0,0,0,1 # compose_2x12 r=2
-75,0,0,0,0,0,0,0,51,0,0,0,0,0,0,0,-12,0,0,0,0,0,0,0,1 # compose_3x8 r=2
-3,0,0,0,0,-1,-1,0,0,0,6,12,6,0,0,-4,-12,-12,-4,0,1,4,6,4,1 # compose_4x6 r=2
-1,0,0,0,0,0,0,0,0,0,0,-3,3,0,0,0,0,0,0,0,0,0,1,-2,1 # compose_2x12 r=2
139,0,0,0,0,0,0,-156,78,0,0,0,0,0,60,-60,15,0,0,0,0,-8,12,-6,1 # compose_3x8 r=2
-212,0,0,-107,0,0,-18,0,107,-1,0,36,0,0,3,0,-18,0,0,-3,0,0,0,0,1 # compose_3x8 r=2
-207,0,0,0,0,0,212,0,106,0,0,0,-72,0,-72,0,-18,0,8,0,12,0,6,0,1 # compose_3x8 r=2
-233,0,0,0,0,0,0,0,111,0,0,0,0,0,0,0,-18,0,0,0,0,0,0,0,1 # compose_3x8 r=2
-119,0,148,0,-60,0,8,0,74,0,-60,0,12,0,0,0,-15,0,6,0,0,0,0,0,1 # compose_3x8 r=2
2,0,0,-12,0,0,12,0,6,-8,0,-12,0,0,12,0,3,0,0,-6,0,0,0,0,1 # compose_3x8 r=2
-7,0,-11,0,-6,0,-1,0,11,0,12,0,3,0,0,0,-6,0,-3,0,0,0,0,0,1 # compose_3x8 r=2
-3,11,-6,1,0,0,0,0,11,-12,3,0,0,0,0,0,-6,3,0,0,0,0,0,0,1 # compose_3x8 r=2
-7,0,0,0,0,0,0,0,0,0,6,0,3,0,0,0,0,0,0,0,4,0,4,0,1 # compose_2x12 r=2
-5,0,0,0,0,0,0,2,0,0,0,0,-1,0,4,0,0,0,0,-4,0,0,0,0,1 # compose_2x12 r=2
-211,0,0,0,0,0,0,-214,107,0,0,0,0,0,-72,72,-18,0,0,0,0,-8,12,-6,1 # compose_3x8 r=2
-13,0,-13,0,-6,0,-1,0,13,0,12,0,3,0,0,0,-6,0,-3,0,0,0,0,0,1 # compose_3x8 r=2
-35,0,0,0,0,0,0,0,29,0,0,0,0,0,0,0,-9,0,0,0,0,0,0,0,1 # compose_3x8 r=2
-127,0,0,0,0,0,-152,0,76,0,0,0,-60,0,60,0,-15,0,-8,0,12,0,-6,0,1 # compose_3x8 r=2
3,0,0,0,0,0,0,0,0,10,0,0,5,0,0,0,0,0,4,0,0,4,0,0,1 # compose_2x12 r=2
-5,-1,1,0,0,0,0,0,0,0,0,0,-1,2,0,0,0,0,0,0,0,0,0,0,1 # compose_2x12 r=2
698,0,0,0,0,-1060,530,0,0,0,612,-612,153,0,0,-160,240,-120,20,0,16,-32,24,-8,1 # compose_4x6 r=2
-9,0,0,0,0,0,-6,0,0,0,0,0,7,0,0,0,0,0,-4,0,0,0,0,0,1 # compose_2x12 r=2
-199,0,0,0,0,105,0,0,105,0,-18,0,0,-36,0,1,-18,0,3,0,0,3,0,0,1 # compose_3x8 r=6
-1,0,0,0,0,0,9,0,9,0,0,0,-6,0,-12,0,-6,0,1,0,3,0,3,0,1 # compose_3x8 r=6
231,0,0,0,0,0,0,-222,111,0,0,0,0,0,72,-72,18,0,0,0,0,-8,12,-6,1 # compose_3x8 r=2
-2,4,6,4,1,0,4,12,12,4,0,0,6,12,6,0,0,0,4,4,0,0,0,0,1 # compose_4x6 r=2
-2,0,0,0,0,0,0,0,-12,0,0,0,6,0,0,0,4,0,0,0,-4,0,0,0,1 # compose_2x12 r=2
-4,2,3,-4,1,0,-2,-6,12,-4,0,0,3,-12,6,0,0,0,4,-4,0,0,0,0,1 # compose_4x6 r=2
-39,0,0,0,0,-60,0,0,30,0,-36,0,0,36,0,-8,-9,0,12,0,0,-6,0,0,1 # compose_3x8 r=2
-4,0,0,0,5,0,0,0,1,0,0,0,-5,0,0,0,-2,0,0,0,0,0,0,0,1 # compose_2x12 r=2
-5,0,0,0,0,0,0,0,0,1,0,0,-1,0,0,0,0,0,1,0,0,-2,0,0,1 # compose_2x12 r=2
-6,0,0,0,0,0,0,0,6,0,0,0,0,0,0,0,-3,0,0,0,0,0,0,0,1 # compose_3x8 r=2
-229,0,0,0,0,0,0,-220,110,0,0,0,0,0,-72,72,-18,0,0,0,0,-8,12,-6,1 # compose_3x8 r=2
-2,0,0,0,-4,0,0,0,15,0,0,0,-20,0,0,0,15,0,0,0,-6,0,0,0,1 # compose_6x4 r=2
-2,0,0,0,0,0,0,0,4,0,-8,0,0,0,12,0,-11,0,0,0,6,0,-4,0,1 # compose_4x6 r=2
-61,0,0,0,0,0,0,0,48,0,0,0,0,0,0,0,-12,0,0,0,0,0,0,0,1 # compose_3x8 r=2
-8,0,0,0,0,0,0,0,0,0,0,-3,-3,0,0,0,0,0,0,0,0,0,1,2,1 # compose_2x12 r=2
-38,0,60,0,-36,0,8,0,30,0,-36,0,12,0,0,0,-9,0,6,0,0,0,0,0,1 # compose_3x8 r=2
-12,0,0,0,0,0,15,0,15,0,0,0,-6,0,-12,0,-6,0,1,0,3,0,3,0,1 # compose_3x8 r=2
-121,0,0,0,0,0,0,148,74,0,0,0,0,0,-60,-60,-15,0,0,0,0,8,12,6,1 # compose_3x8 r=2
-3,0,0,0,0,0,0,-6,0,0,0,0,6,0,1,0,0,0,0,-2,0,0,0,0,1 # compose_2x12 r=2
-8,0,0,0,6,0,0,0,4,0,0,0,-3,0,0,0,-4,0,0,0,0,0,0,0,1 # compose_2x12 r=2
-69,0,0,0,0,0,49,0,49,0,0,0,-12,0,-24,0,-12,0,1,0,3,0,3,0,1 # compose_3x8 r=2
-12,0,0,0,0,0,0,0,0,0,0,0,0,0,0,0,0,0,4,0,0,4,0,0,1 # compose_2x12 r=2
-139,-156,-60,-8,0,0,0,0,78,60,12,0,0,0,0,0,-15,-6,0,0,0,0,0,0,1 # compose_3x8 r=2
614,0,0,0,0,996,498,0,0,0,600,600,150,0,0,160,240,120,20,0,16,32,24,8,1 # compose_4x6 r=2
-29,0,0,0,0,0,0,0,27,0,0,0,0,0,0,0,-9,0,0,0,0,0,0,0,1 # compose_3x8 r=2
-66,0,0,0,0,0,0,0,48,0,0,0,0,0,0,0,-12,0,0,0,0,0,0,0,1 # compose_3x8 r=2
-212,0,-107,0,-18,0,-1,0,107,0,36,0,3,0,0,0,-18,0,-3,0,0,0,0,0,1 # compose_3x8 r=2
-1,0,0,0,0,6,0,0,6,0,-3,0,0,-6,0,1,-3,0,3,0,0,3,0,0,1 # compose_3x8 r=2
-73,0,0,50,0,0,-12,0,50,1,0,-24,0,0,3,0,-12,0,0,3,0,0,0,0,1 # compose_3x8 r=2
-15,0,0,0,0,0,15,0,15,0,0,0,-6,0,-12,0,-6,0,1,0,3,0,3,0,1 # compose_3x8 r=2
-4,-6,-12,-8,0,0,0,0,3,12,12,0,0,0,0,0,-3,-6,0,0,0,0,0,0,1 # compose_3x8 r=2
-1,0,0,-3,-3,0,12,24,12,-19,-57,-57,-4,60,90,54,-15,-60,-59,-24,9,20,15,6,1 # compose_6x4 r=2
-113,0,72,0,-15,0,1,0,72,0,-30,0,3,0,0,0,-15,0,3,0,0,0,0,0,1 # compose_3x8 r=2
-4,0,0,0,2,0,-2,0,3,0,-6,0,-1,0,12,0,-11,0,0,0,6,0,-4,0,1 # compose_4x6 r=2
3,0,0,-10,0,0,4,0,0,0,0,0,5,0,0,-4,0,0,0,0,0,0,0,0,1 # compose_2x12 r=2
-1,0,0,-18,0,0,24,0,9,-8,0,-24,0,0,12,0,6,0,0,-6,0,0,0,0,1 # compose_3x8 r=2
-201,0,0,0,0,0,0,106,106,0,0,0,0,0,-18,-36,-18,0,0,0,0,1,3,3,1 # compose_3x8 r=2
-15,30,-24,8,0,0,0,0,15,-24,12,0,0,0,0,0,-6,6,0,0,0,0,0,0,1 # compose_3x8 r=2
-209,0,0,0,0,0,0,0,107,0,0,0,0,0,0,0,-18,0,0,0,0,0,0,0,1 # compose_3x8 r=2
-57,0,-47,0,-12,0,-1,0,47,0,24,0,3,0,0,0,-12,0,-3,0,0,0,0,0,1 # compose_3x8 r=2
-13,0,-30,0,-24,0,-8,0,15,0,24,0,12,0,0,0,-6,0,-6,0,0,0,0,0,1 # compose_3x8 r=2
-55,0,0,45,0,0,-12,0,45,1,0,-24,0,0,3,0,-12,0,0,3,0,0,0,0,1 # compose_3x8 r=2
-237,0,0,0,0,0,0,0,111,0,0,0,0,0,0,0,-18,0,0,0,0,0,0,0,1 # compose_3x8 r=2
-201,0,0,0,0,0,0,0,105,0,0,0,0,0,0,0,-18,0,0,0,0,0,0,0,1 # compose_3x8 r=2
-24,-27,-9,-1,0,0,0,0,27,18,3,0,0,0,0,0,-9,-3,0,0,0,0,0,0,1 # compose_3x8 r=2
-5,0,0,0,0,0,0,0,0,0,0,0,5,0,0,0,0,0,0,0,0,0,0,0,1 # compose_2x12 r=2
-73,0,0,0,0,0,0,0,51,0,0,0,0,0,0,0,-12,0,0,0,0,0,0,0,1 # compose_3x8 r=2
-7,0,0,0,0,0,0,0,0,0,0,0,-4,0,0,0,0,0,0,0,0,0,0,0,1 # compose_2x12 r=2
-6,0,0,0,0,0,0,0,0,0,0,-2,2,0,0,0,0,0,0,0,0,0,1,-2,1 # compose_2x12 r=2
2,0,0,0,0,14,0,0,0,0,4,0,7,0,0,0,0,4,0,0,0,0,0,0,1 # compose_2x12 r=2
-206,0,0,0,0,106,0,0,106,0,-18,0,0,-36,0,1,-18,0,3,0,0,3,0,0,1 # compose_3x8 r=2
-3,0,0,0,0,0,0,0,0,0,3,0,-3,0,0,0,0,0,0,0,1,0,-2,0,1 # compose_2x12 r=2
-74,0,0,0,0,0,-51,0,51,0,0,0,-12,0,24,0,-12,0,-1,0,3,0,-3,0,1 # compose_3x8 r=2
-112,0,0,0,146,0,0,0,13,0,0,0,-52,0,0,0,-3,0,0,0,6,0,0,0,1 # compose_3x8 r=2
-69,0,0,0,0,-49,0,0,49,0,-12,0,0,24,0,-1,-12,0,3,0,0,-3,0,0,1 # compose_3x8 r=2
-1,0,0,0,-5,0,0,0,1,0,0,0,-5,0,0,0,2,0,0,0,0,0,0,0,1 # compose_2x12 r=2
-29,-54,-36,-8,0,0,0,0,27,36,12,0,0,0,0,0,-9,-6,0,0,0,0,0,0,1 # compose_3x8 r=2
-74,0,0,0,51,0,0,0,39,0,0,0,-23,0,0,0,-9,0,0,0,3,0,0,0,1 # compose_3x8 r=2
-202,0,0,0,0,212,0,0,106,0,-72,0,0,-72,0,8,-18,0,12,0,0,6,0,0,1 # compose_3x8 r=2
-5,0,0,0,0,0,0,0,0,0,-4,0,-2,0,0,0,0,0,0,0,4,0,4,0,1 # compose_2x12 r=2
-2,0,0,0,0,0,-4,0,0,0,0,0,6,0,0,0,0,0,-4,0,0,0,0,0,1 # compose_4x6 r=2
-3,0,0,0,0,0,0,0,0,0,0,0,0,0,0,0,3,0,0,0,0,0,0,0,1 # compose_3x8 r=2
-22,0,0,0,0,-26,0,0,26,0,-9,0,0,18,0,-1,-9,0,3,0,0,-3,0,0,1 # compose_3x8 r=2
-1,0,0,6,0,0,-3,0,6,1,0,-6,0,0,3,0,-3,0,0,3,0,0,0,0,1 # compose_3x8 r=2
-3,0,0,0,0,0,0,0,3,0,0,0,-3,0,0,0,1,0,0,0,-2,0,0,0,1 # compose_2x12 r=2
-195,0,210,0,-72,0,8,0,105,0,-72,0,12,0,0,0,-18,0,6,0,0,0,0,0,1 # compose_3x8 r=2
-77,0,0,0,0,0,0,0,51,0,0,0,0,0,0,0,-12,0,0,0,0,0,0,0,1 # compose_3x8 r=2
-13,0,0,0,0,0,0,14,14,0,0,0,0,0,-6,-12,-6,0,0,0,0,1,3,3,1 # compose_3x8 r=2
-235,0,0,0,111,0,0,0,93,0,0,0,-35,0,0,0,-15,0,0,0,3,0,0,0,1 # compose_3x8 r=2
-34,0,0,0,0,29,0,0,29,0,-9,0,0,-18,0,1,-9,0,3,0,0,3,0,0,1 # compose_3x8 r=2
-25,0,0,0,0,0,0,0,27,0,0,0,0,0,0,0,-9,0,0,0,0,0,0,0,1 # compose_3x8 r=2
-11,0,0,0,0,0,0,0,0,0,-6,0,-3,0,0,0,0,0,0,0,4,0,4,0,1 # compose_2x12 r=2
-17,0,0,0,0,30,0,0,15,0,-24,0,0,-24,0,8,-6,0,12,0,0,6,0,0,1 # compose_3x8 r=2
78,0,0,-432,216,0,1008,-1008,252,-1296,1944,-972,1122,-1920,1440,-864,1020,-960,544,-312,252,-160,60,-12,1 # compose_6x4 r=2
-5,0,0,0,0,0,0,-18,9,0,0,0,0,0,-24,24,-6,0,0,0,0,-8,12,-6,1 # compose_3x8 r=2
-8,0,0,0,1,0,0,0,0,0,0,0,0,0,2,0,0,0,0,0,0,0,0,0,1 # compose_2x12 r=2
6,0,0,0,0,-24,0,0,12,0,24,0,0,-24,0,-8,6,0,12,0,0,-6,0,0,1 # compose_3x8 r=2
-27,0,-56,0,-36,0,-8,0,28,0,36,0,12,0,0,0,-9,0,-6,0,0,0,0,0,1 # compose_3x8 r=2
-23,0,0,0,0,0,0,0,25,0,0,0,0,0,0,0,-9,0,0,0,0,0,0,0,1 # compose_3x8 r=2
622,0,0,0,0,1000,500,0,0,0,600,600,150,0,0,160,240,120,20,0,16,32,24,8,1 # compose_4x6 r=2
1,0,0,0,0,-18,0,0,9,0,-24,0,0,24,0,-8,-6,0,12,0,0,-6,0,0,1 # compose_3x8 r=2
-9,0,0,0,0,0,1,0,0,0,0,0,0,0,0,0,0,0,-2,0,0,0,0,0,1 # compose_2x12 r=2
-199,0,0,0,0,0,0,0,105,0,0,0,0,0,0,0,-18,0,0,0,0,0,0,0,1 # compose_3x8 r=6
-67,0,0,0,0,0,-49,0,49,0,0,0,-12,0,24,0,-12,0,-1,0,3,0,-3,0,1 # compose_3x8 r=2
-31,0,0,0,0,0,56,0,28,0,0,0,-36,0,-36,0,-9,0,8,0,12,0,6,0,1 # compose_3x8 r=2
-1,0,-3,0,3,0,-1,0,3,0,-6,0,3,0,0,0,3,0,-3,0,0,0,0,0,1 # compose_3x8 r=2
71,0,0,-408,204,0,984,-984,246,-1288,1932,-966,1121,-1920,1440,-864,1020,-960,544,-312,252,-160,60,-12,1 # compose_6x4 r=2
-2,8,4,0,0,0,0,0,0,0,0,0,4,4,0,0,0,0,0,0,0,0,0,0,1 # compose_2x12 r=2
-11,0,0,0,0,0,0,0,0,0,0,0,3,0,0,0,0,0,0,0,0,0,0,0,1 # compose_2x12 r=2
-59,0,0,0,0,-92,0,0,46,0,-48,0,0,48,0,-8,-12,0,12,0,0,-6,0,0,1 # compose_3x8 r=2
-74,0,0,0,0,0,0,-102,51,0,0,0,0,0,-48,48,-12,0,0,0,0,-8,12,-6,1 # compose_3x8 r=2
24,0,0,0,0,0,0,-50,25,0,0,0,0,0,36,-36,9,0,0,0,0,-8,12,-6,1 # compose_3x8 r=2
287,0,0,0,0,544,272,0,0,0,392,392,98,0,0,128,192,96,16,0,16,32,24,8,1 # compose_4x6 r=2
-2,0,3,0,3,0,1,0,3,0,6,0,3,0,0,0,3,0,3,0,0,0,0,0,1 # compose_3x8 r=2
-7,0,0,0,0,0,0,0,0,0,0,0,0,0,0,0,4,0,0,0,-4,0,0,0,1 # compose_2x12 r=2
-208,0,0,0,0,214,0,0,107,0,-72,0,0,-72,0,8,-18,0,12,0,0,6,0,0,1 # compose_3x8 r=2
-5,0,0,-11,0,0,-6,0,11,-1,0,12,0,0,3,0,-6,0,0,-3,0,0,0,0,1 # compose_3x8 r=2
-208,0,0,0,0,0,0,0,107,0,0,0,0,0,0,0,-18,0,0,0,0,0,0,0,1 # compose_3x8 r=2
-21,0,0,0,0,0,48,0,24,0,0,0,-36,0,-36,0,-9,0,8,0,12,0,6,0,1 # compose_3x8 r=2
-1,0,0,0,-10,0,-5,0,24,0,24,0,-26,0,-48,0,-8,0,28,0,24,0,8,0,1 # compose_4x6 r=2
-63,0,0,0,0,0,0,0,47,0,0,0,0,0,0,0,-12,0,0,0,0,0,0,0,1 # compose_3x8 r=2
-33,0,0,0,0,0,-60,0,30,0,0,0,-36,0,36,0,-9,0,-8,0,12,0,-6,0,1 # compose_3x8 r=2
-13,0,0,0,0,0,0,0,0,0,0,-1,1,0,0,0,0,0,0,0,0,0,1,-2,1 # compose_2x12 r=2
-195,0,0,0,0,-210,0,0,105,0,-72,0,0,72,0,-8,-18,0,12,0,0,-6,0,0,1 # compose_3x8 r=2
-59,0,0,0,-92,0,0,0,-2,0,0,0,40,0,0,0,0,0,0,0,-6,0,0,0,1 # compose_3x8 r=2
-232,0,0,0,-222,0,0,0,39,0,0,0,64,0,0,0,-6,0,0,0,-6,0,0,0,1 # compose_3x8 r=2
-230,0,0,0,0,0,-110,0,110,0,0,0,-18,0,36,0,-18,0,-1,0,3,0,-3,0,1 # compose_3x8 r=2
-1,0,0,0,0,0,0,0,5,0,0,0,0,0,0,0,-3,0,0,0,0,0,0,0,1 # compose_3x8 r=2
-8,0,0,0,0,0,-1,0,0,0,0,0,0,0,0,0,0,0,2,0,0,0,0,0,1 # compose_2x12 r=2
-2,0,0,0,0,0,0,6,0,0,0,0,3,0,4,0,0,0,0,4,0,0,0,0,1 # compose_2x12 r=2
-71,0,50,0,-12,0,1,0,50,0,-24,0,3,0,0,0,-12,0,3,0,0,0,0,0,1 # compose_3x8 r=2
-7,0,0,0,0,-26,0,0,13,0,-24,0,0,24,0,-8,-6,0,12,0,0,-6,0,0,1 # compose_3x8 r=2
3,18,60,160,249,252,304,480,495,312,360,480,260,120,240,160,15,60,60,0,6,12,0,0,1 # compose_6x4 r=2
-212,0,0,0,0,0,107,0,107,0,0,0,-18,0,-36,0,-18,0,1,0,3,0,3,0,1 # compose_3x8 r=2
-6,0,0,0,0,0,0,-10,10,0,0,0,0,0,-6,12,-6,0,0,0,0,-1,3,-3,1 # compose_3x8 r=2
-1,0,0,0,0,-1,0,0,0,0,1,0,-1,0,0,0,0,2,0,0,0,0,0,0,1 # compose_2x12 r=2
-3,0,-10,0,65,0,-220,0,495,0,-792,0,924,0,-792,0,495,0,-220,0,66,0,-12,0,1 # compose_6x4 r=2
-3,0,0,0,0,0,-22,0,11,0,0,0,-24,0,24,0,-6,0,-8,0,12,0,-6,0,1 # compose_3x8 r=2
-227,0,0,0,0,-110,0,0,110,0,-18,0,0,36,0,-1,-18,0,3,0,0,-3,0,0,1 # compose_3x8 r=2
-4,-3,15,-20,18,-36,61,-60,45,-66,90,-60,35,-60,60,-20,15,-30,15,0,6,-6,0,0,1 # compose_6x4 r=2
-117,0,0,0,0,0,-73,0,73,0,0,0,-15,0,30,0,-15,0,-1,0,3,0,-3,0,1 # compose_3x8 r=2
-138,0,0,0,0,-156,0,0,78,0,-60,0,0,60,0,-8,-15,0,12,0,0,-6,0,0,1 # compose_3x8 r=2
-2,0,0,0,0,0,0,0,2,0,0,0,-2,0,0,0,1,0,0,0,-2,0,0,0,1 # compose_2x12 r=2
-3,0,0,0,3,0,0,0,6,0,0,0,-17,0,0,0,15,0,0,0,-6,0,0,0,1 # compose_6x4 r=2
1,0,0,0,0,6,0,0,0,0,4,0,3,0,0,0,0,4,0,0,0,0,0,0,1 # compose_2x12 r=2
-2,0,0,0,6,0,0,0,15,0,0,0,20,0,0,0,15,0,0,0,6,0,0,0,1 # compose_6x4 r=2
-6,0,0,0,0,0,0,0,12,0,0,0,0,0,0,0,-6,0,0,0,0,0,0,0,1 # compose_3x8 r=2
-3,0,0,0,0,0,-2,0,0,0,0,0,3,0,0,0,0,0,4,0,0,0,0,0,1 # compose_2x12 r=2
-1,0,0,14,7,0,60,60,15,160,240,120,260,480,360,312,495,480,304,252,246,160,60,12,1 # compose_6x4 r=2
-24,0,54,0,-36,0,8,0,27,0,-36,0,12,0,0,0,-9,0,6,0,0,0,0,0,1 # compose_3x8 r=2
-1,0,-12,0,4,0,0,0,0,0,0,0,6,0,-4,0,0,0,0,0,0,0,0,0,1 # compose_2x12 r=2
-8,0,0,0,0,6,0,0,0,0,4,0,-3,0,0,0,0,-4,0,0,0,0,0,0,1 # compose_2x12 r=2
-78,0,-51,0,-12,0,-1,0,51,0,24,0,3,0,0,0,-12,0,-3,0,0,0,0,0,1 # compose_3x8 r=2
-6,0,0,8,0,0,4,0,0,0,0,0,4,0,0,4,0,0,0,0,0,0,0,0,1 # compose_2x12 r=2
-212,214,-72,8,0,0,0,0,107,-72,12,0,0,0,0,0,-18,6,0,0,0,0,0,0,1 # compose_3x8 r=2
-4,0,0,0,0,0,-10,0,5,0,0,0,-12,0,12,0,-3,0,-8,0,12,0,-6,0,1 # compose_3x8 r=2
-54,0,0,0,0,0,0,-46,46,0,0,0,0,0,-12,24,-12,0,0,0,0,-1,3,-3,1 # compose_3x8 r=2
-5,0,-10,0,-12,0,-8,0,5,0,12,0,12,0,0,0,-3,0,-6,0,0,0,0,0,1 # compose_3x8 r=2
-5,0,0,10,0,0,4,0,0,0,0,0,5,0,0,4,0,0,0,0,0,0,0,0,1 # compose_2x12 r=2
-201,0,0,0,0,106,0,0,106,0,-18,0,0,-36,0,1,-18,0,3,0,0,3,0,0,1 # compose_3x8 r=2
-201,0,0,-210,0,0,-72,0,105,-8,0,72,0,0,12,0,-18,0,0,-6,0,0,0,0,1 # compose_3x8 r=2
-7,0,0,0,-2,0,0,0,4,0,0,0,1,0,0,0,-4,0,0,0,0,0,0,0,1 # compose_2x12 r=2
-4,2,1,0,0,0,0,0,0,0,0,0,-2,-2,0,0,0,0,0,0,0,0,0,0,1 # compose_2x12 r=2
-5,0,0,0,0,0,0,0,2,0,0,0,1,0,0,0,4,0,0,0,4,0,0,0,1 # compose_2x12 r=2
-27,0,0,0,0,0,56,0,28,0,0,0,-36,0,-36,0,-9,0,8,0,12,0,6,0,1 # compose_3x8 r=2
-2,0,0,0,0,0,0,0,0,0,0,0,0,0,0,0,1,0,0,0,2,0,0,0,1 # compose_2x12 r=2
-2,0,0,0,4,0,0,0,4,0,0,0,-2,0,0,0,-4,0,0,0,0,0,0,0,1 # compose_2x12 r=6
2,0,0,20,0,0,46,0,0,68,0,0,73,0,0,56,0,0,28,0,0,8,0,0,1 # compose_4x6 r=2
-3,0,0,0,-4,0,0,0,15,0,0,0,-20,0,0,0,15,0,0,0,-6,0,0,0,1 # compose_6x4 r=2
-58,0,0,0,0,0,0,0,46,0,0,0,0,0,0,0,-12,0,0,0,0,0,0,0,1 # compose_3x8 r=2
-7,0,0,0,0,0,0,0,0,0,0,0,1,0,0,0,0,0,0,0,0,0,0,0,1 # compose_2x12 r=2
-54,0,0,-46,0,0,-12,0,46,-1,0,24,0,0,3,0,-12,0,0,-3,0,0,0,0,1 # compose_3x8 r=2
-2,0,0,0,0,0,0,0,9,0,0,0,18,0,0,0,15,0,0,0,6,0,0,0,1 # compose_6x4 r=2
-7,0,0,6,0,0,-3,0,6,1,0,-6,0,0,3,0,-3,0,0,3,0,0,0,0,1 # compose_3x8 r=2
-53,0,0,0,0,0,0,92,46,0,0,0,0,0,-48,-48,-12,0,0,0,0,8,12,6,1 # compose_3x8 r=2
7,0,0,18,0,0,4,0,0,0,0,0,9,0,0,4,0,0,0,0,0,0,0,0,1 # compose_2x12 r=2
-111,0,0,0,0,0,72,0,72,0,0,0,-15,0,-30,0,-15,0,1,0,3,0,3,0,1 # compose_3x8 r=6
-117,73,-15,1,0,0,0,0,73,-30,3,0,0,0,0,0,-15,3,0,0,0,0,0,0,1 # compose_3x8 r=2
13,0,0,0,0,0,0,-28,14,0,0,0,0,0,24,-24,6,0,0,0,0,-8,12,-6,1 # compose_3x8 r=2
-2,0,0,4,0,0,12,0,2,8,0,12,0,0,12,0,3,0,0,6,0,0,0,0,1 # compose_3x8 r=2
-3,0,0,0,-5,0,0,0,15,0,0,0,-20,0,0,0,15,0,0,0,-6,0,0,0,1 # compose_6x4 r=2
-61,0,0,0,0,0,0,-48,48,0,0,0,0,0,-12,24,-12,0,0,0,0,-1,3,-3,1 # compose_3x8 r=2
-235,0,0,0,0,0,0,0,111,0,0,0,0,0,0,0,-18,0,0,0,0,0,0,0,1 # compose_3x8 r=2
-32,0,0,0,0,0,0,58,29,0,0,0,0,0,-36,-36,-9,0,0,0,0,8,12,6,1 # compose_3x8 r=2
-26,0,26,0,-9,0,1,0,26,0,-18,0,3,0,0,0,-9,0,3,0,0,0,0,0,1 # compose_3x8 r=2
-206,0,0,0,106,0,0,0,88,0,0,0,-35,0,0,0,-15,0,0,0,3,0,0,0,1 # compose_3x8 r=2
-34,0,0,0,0,58,0,0,29,0,-36,0,0,-36,0,8,-9,0,12,0,0,6,0,0,1 # compose_3x8 r=2
5,8,1,0,0,0,0,0,0,0,0,0,8,2,0,0,0,0,0,0,0,0,0,0,1 # compose_2x12 r=2
-207,0,0,0,212,0,0,0,34,0,0,0,-64,0,0,0,-6,0,0,0,6,0,0,0,1 # compose_3x8 r=2
-118,0,0,148,0,0,-60,0,74,8,0,-60,0,0,12,0,-15,0,0,6,0,0,0,0,1 # compose_3x8 r=2
-5,0,0,0,0,0,0,0,0,0,-1,0,1,0,0,0,0,0,0,0,1,0,-2,0,1 # compose_2x12 r=2
1,-5,3,-1,0,0,0,0,5,-6,3,0,0,0,0,0,3,-3,0,0,0,0,0,0,1 # compose_3x8 r=2
-70,0,0,0,0,0,0,100,50,0,0,0,0,0,-48,-48,-12,0,0,0,0,8,12,6,1 # compose_3x8 r=2
-9,0,0,0,0,0,0,0,0,0,-3,0,3,0,0,0,0,0,0,0,1,0,-2,0,1 # compose_2x12 r=2
-3,0,0,0,0,0,-1,0,0,0,0,0,6,0,0,0,0,0,-4,0,0,0,0,0,1 # compose_4x6 r=2
-62,0,0,94,0,0,-48,0,47,8,0,-48,0,0,12,0,-12,0,0,6,0,0,0,0,1 # compose_3x8 r=2
-5,0,-6,0,4,0,0,0,0,0,0,0,3,0,-4,0,0,0,0,0,0,0,0,0,1 # compose_2x12 r=2
-5,0,0,0,0,0,0,0,3,0,0,0,7,0,0,0,6,0,0,0,3,0,0,0,1 # compose_3x8 r=2
86,-456,1032,-1304,1188,-1416,2020,-1920,1218,-1170,1440,-960,403,-480,480,-160,60,-120,60,0,12,-12,0,0,1 # compose_6x4 r=2
-1,0,0,0,0,0,0,0,-10,0,0,0,-5,0,0,0,4,0,0,0,4,0,0,0,1 # compose_2x12 r=2
-58,0,0,92,0,0,-48,0,46,8,0,-48,0,0,12,0,-12,0,0,6,0,0,0,0,1 # compose_3x8 r=2
-212,0,0,0,0,-214,0,0,107,0,-72,0,0,72,0,-8,-18,0,12,0,0,-6,0,0,1 # compose_3x8 r=2
-57,0,0,0,94,0,0,0,-1,0,0,0,-40,0,0,0,0,0,0,0,6,0,0,0,1 # compose_3x8 r=2
-3,0,0,6,3,0,48,48,12,152,228,114,259,480,360,312,495,480,304,252,246,160,60,12,1 # compose_6x4 r=2
-1,0,0,0,-1,0,-1,0,6,0,12,0,2,0,-12,0,-11,0,0,0,6,0,4,0,1 # compose_4x6 r=2
-25,0,-52,0,-36,0,-8,0,26,0,36,0,12,0,0,0,-9,0,-6,0,0,0,0,0,1 # compose_3x8 r=2
-221,0,0,0,0,0,0,0,109,0,0,0,0,0,0,0,-18,0,0,0,0,0,0,0,1 # compose_3x8 r=2
2,-6,3,-1,0,0,0,0,6,-6,3,0,0,0,0,0,3,-3,0,0,0,0,0,0,1 # compose_3x8 r=2
49,0,0,0,0,0,0,90,45,0,0,0,0,0,48,48,12,0,0,0,0,8,12,6,1 # compose_3x8 r=2
-209,0,0,0,0,0,214,0,107,0,0,0,-72,0,-72,0,-18,0,8,0,12,0,6,0,1 # compose_3x8 r=2
-62,0,0,0,0,47,0,0,47,0,-12,0,0,-24,0,1,-12,0,3,0,0,3,0,0,1 # compose_3x8 r=2
-67,0,0,0,0,0,0,-98,49,0,0,0,0,0,-48,48,-12,0,0,0,0,-8,12,-6,1 # compose_3x8 r=2
-13,0,0,0,0,0,-30,0,15,0,0,0,-24,0,24,0,-6,0,-8,0,12,0,-6,0,1 # compose_3x8 r=2
1,0,0,20,0,0,24,0,10,8,0,24,0,0,12,0,6,0,0,6,0,0,0,0,1 # compose_3x8 r=2
-33,0,30,0,-9,0,1,0,30,0,-18,0,3,0,0,0,-9,0,3,0,0,0,0,0,1 # compose_3x8 r=2
-1,0,0,0,0,0,0,0,10,0,0,0,0,0,0,0,-6,0,0,0,0,0,0,0,1 # compose_3x8 r=2
-69,0,98,0,-48,0,8,0,49,0,-48,0,12,0,0,0,-12,0,6,0,0,0,0,0,1 # compose_3x8 r=2
-118,0,74,0,-15,0,1,0,74,0,-30,0,3,0,0,0,-15,0,3,0,0,0,0,0,1 # compose_3x8 r=2
-7,0,0,0,0,0,0,0,0,0,0,0,0,0,0,0,1,0,0,0,-2,0,0,0,1 # compose_2x12 r=2
2,0,0,0,0,-20,0,0,10,0,24,0,0,-24,0,-8,6,0,12,0,0,-6,0,0,1 # compose_3x8 r=2
-1,0,0,0,0,0,0,0,0,0,-4,0,4,0,0,0,0,0,0,0,1,0,-2,0,1 # compose_2x12 r=2
-2,0,0,0,0,0,-2,0,0,0,0,0,6,0,0,0,0,0,-4,0,0,0,0,0,1 # compose_4x6 r=2
-22,0,26,0,-9,0,1,0,26,0,-18,0,3,0,0,0,-9,0,3,0,0,0,0,0,1 # compose_3x8 r=2
-53,0,0,0,0,0,0,0,46,0,0,0,0,0,0,0,-12,0,0,0,0,0,0,0,1 # compose_3x8 r=2
-3,0,0,0,0,0,0,-2,0,0,0,0,1,0,4,0,0,0,0,-4,0,0,0,0,1 # compose_2x12 r=2
-2,0,0,0,0,0,0,0,5,0,0,0,0,0,0,0,-3,0,0,0,0,0,0,0,1 # compose_3x8 r=2
3,0,0,4,0,0,-12,0,2,8,0,-12,0,0,12,0,-3,0,0,6,0,0,0,0,1 # compose_3x8 r=2
-1,0,0,0,0,18,0,0,9,0,-24,0,0,-24,0,8,-6,0,12,0,0,6,0,0,1 # compose_3x8 r=6
-53,0,0,0,0,0,-45,0,45,0,0,0,-12,0,24,0,-12,0,-1,0,3,0,-3,0,1 # compose_3x8 r=6
-1,0,0,0,0,0,0,0,0,0,3,0,0,6,0,1,3,0,3,0,0,3,0,0,1 # compose_3x8 r=2
-143,156,-60,8,0,0,0,0,78,-60,12,0,0,0,0,0,-15,6,0,0,0,0,0,0,1 # compose_3x8 r=2
-24,0,0,0,0,-27,0,0,27,0,-9,0,0,18,0,-1,-9,0,3,0,0,-3,0,0,1 # compose_3x8 r=2
1,-7,1,0,0,0,0,0,0,0,0,0,7,-2,0,0,0,0,0,0,0,0,0,0,1 # compose_2x12 r=2
-133,0,0,0,0,0,0,0,76,0,0,0,0,0,0,0,-15,0,0,0,0,0,0,0,1 # compose_3x8 r=2
-2,0,0,0,0,0,9,-18,9,18,-54,54,-3,-60,90,-54,-15,60,-59,24,9,-20,15,-6,1 # compose_6x4 r=2
-5,-6,24,136,237,216,268,480,486,294,360,480,257,120,240,160,15,60,60,0,6,12,0,0,1 # compose_6x4 r=2
1,0,0,0,0,-20,0,0,10,0,24,0,0,-24,0,-8,6,0,12,0,0,-6,0,0,1 # compose_3x8 r=2
-5,0,0,0,0,-2,0,0,0,0,1,0,2,0,0,0,0,-2,0,0,0,0,0,0,1 # compose_2x12 r=2
-3,0,0,0,8,0,0,0,4,0,0,0,-4,0,0,0,-4,0,0,0,0,0,0,0,1 # compose_2x12 r=6
-117,0,0,0,0,0,0,0,73,0,0,0,0,0,0,0,-15,0,0,0,0,0,0,0,1 # compose_3x8 r=2
-3,0,0,-3,0,0,1,0,0,0,0,0,-3,0,0,2,0,0,0,0,0,0,0,0,1 # compose_2x12 r=2
-6,0,0,0,0,0,0,0,0,0,0,0,2,0,0,0,0,0,0,0,0,0,0,0,1 # compose_2x12 r=2
-6,0,0,0,0,0,0,12,6,0,0,0,0,0,-12,-12,-3,0,0,0,0,8,12,6,1 # compose_3x8 r=2
-11,0,0,0,0,0,-15,0,15,0,0,0,-6,0,12,0,-6,0,-1,0,3,0,-3,0,1 # compose_3x8 r=2
-34,0,0,0,0,0,-60,0,30,0,0,0,-36,0,36,0,-9,0,-8,0,12,0,-6,0,1 # compose_3x8 r=2
3,0,0,0,0,0,-12,0,0,-8,0,12,0,0,12,0,-3,0,0,-6,0,0,0,0,1 # compose_3x8 r=6
-133,0,0,-154,0,0,-60,0,77,-8,0,60,0,0,12,0,-15,0,0,-6,0,0,0,0,1 # compose_3x8 r=2
-131,0,152,0,-60,0,8,0,76,0,-60,0,12,0,0,0,-15,0,6,0,0,0,0,0,1 # compose_3x8 r=2
-221,0,109,0,-18,0,1,0,109,0,-36,0,3,0,0,0,-18,0,3,0,0,0,0,0,1 # compose_3x8 r=2
-1,0,0,-10,5,0,60,-60,15,-160,240,-120,260,-480,360,-312,495,-480,304,-252,246,-160,60,-12,1 # compose_6x4 r=2
-14,0,0,28,0,0,-24,0,14,8,0,-24,0,0,12,0,-6,0,0,6,0,0,0,0,1 # compose_3x8 r=2
-9,1,1,0,0,0,0,0,0,0,0,0,1,2,0,0,0,0,0,0,0,0,0,0,1 # compose_2x12 r=2
-32,0,0,0,0,0,0,0,29,0,0,0,0,0,0,0,-9,0,0,0,0,0,0,0,1 # compose_3x8 r=2
1,0,0,10,0,0,19,0,0,22,0,0,22,0,0,16,0,0,10,0,0,4,0,0,1 # compose_4x6 r=2
-10,0,0,0,0,0,0,4,0,0,0,0,2,0,4,0,0,0,0,4,0,0,0,0,1 # compose_2x12 r=2
-109,0,0,-144,0,0,-60,0,72,-8,0,60,0,0,12,0,-15,0,0,-6,0,0,0,0,1 # compose_3x8 r=6
-7,0,0,-8,0,0,4,0,0,0,0,0,-4,0,0,4,0,0,0,0,0,0,0,0,1 # compose_2x12 r=2
-3,0,0,0,-3,0,0,0,6,0,0,0,17,0,0,0,15,0,0,0,6,0,0,0,1 # compose_6x4 r=2
-31,0,0,0,0,0,0,0,28,0,0,0,0,0,0,0,-9,0,0,0,0,0,0,0,1 # compose_3x8 r=2
-58,94,-48,8,0,0,0,0,47,-48,12,0,0,0,0,0,-12,6,0,0,0,0,0,0,1 # compose_3x8 r=2
-117,0,0,0,-148,0,0,0,14,0,0,0,52,0,0,0,-3,0,0,0,-6,0,0,0,1 # compose_3x8 r=2
-2,0,12,0,4,0,0,0,0,0,0,0,-6,0,-4,0,0,0,0,0,0,0,0,0,1 # compose_2x12 r=6
-4,0,0,0,-1,0,0,0,1,0,0,0,1,0,0,0,-2,0,0,0,0,0,0,0,1 # compose_2x12 r=2
-7,0,0,0,-10,0,0,0,4,0,0,0,11,0,0,0,-3,0,0,0,-3,0,0,0,1 # compose_3x8 r=2
-6,0,0,0,0,0,-10,0,10,0,0,0,-6,0,12,0,-6,0,-1,0,3,0,-3,0,1 # compose_3x8 r=2
-5,0,2,0,1,0,0,0,0,0,0,0,-2,0,-2,0,0,0,0,0,0,0,0,0,1 # compose_2x12 r=2
-65,0,98,0,-48,0,8,0,49,0,-48,0,12,0,0,0,-12,0,6,0,0,0,0,0,1 # compose_3x8 r=2
7,0,0,0,0,0,0,0,0,12,0,0,6,0,0,0,0,0,4,0,0,4,0,0,1 # compose_2x12 r=2
-3,0,0,0,0,0,0,-3,0,0,0,0,3,0,1,0,0,0,0,-2,0,0,0,0,1 # compose_2x12 r=2
-226,0,220,0,-72,0,8,0,110,0,-72,0,12,0,0,0,-18,0,6,0,0,0,0,0,1 # compose_3x8 r=2
-6,0,0,0,0,12,0,0,6,0,-12,0,0,-12,0,8,-3,0,12,0,0,6,0,0,1 # compose_3x8 r=2
-3,0,0,0,0,0,0,4,2,0,0,0,0,0,12,12,3,0,0,0,0,8,12,6,1 # compose_3x8 r=2
2,0,0,0,0,12,0,0,6,0,12,0,0,12,0,8,3,0,12,0,0,6,0,0,1 # compose_3x8 r=2
-10,0,0,0,0,0,0,0,0,0,0,0,-2,0,0,0,0,0,0,0,0,0,0,0,1 # compose_2x12 r=2
-237,0,0,0,0,222,0,0,111,0,-72,0,0,-72,0,8,-18,0,12,0,0,6,0,0,1 # compose_3x8 r=2
-5,0,0,0,0,0,-18,0,9,0,0,0,-24,0,24,0,-6,0,-8,0,12,0,-6,0,1 # compose_3x8 r=2
1,0,0,-15,15,0,24,-48,24,-23,69,-69,38,-60,90,-66,45,-60,61,-36,21,-20,15,-6,1 # compose_6x4 r=2
-218,0,0,-108,0,0,-18,0,108,-1,0,36,0,0,3,0,-18,0,0,-3,0,0,0,0,1 # compose_3x8 r=2
-122,0,0,0,0,0,0,0,75,0,0,0,0,0,0,0,-15,0,0,0,0,0,0,0,1 # compose_3x8 r=2
-37,30,-9,1,0,0,0,0,30,-18,3,0,0,0,0,0,-9,3,0,0,0,0,0,0,1 # compose_3x8 r=2
-5,0,0,0,0,0,-2,0,0,0,0,0,3,0,0,0,0,0,-2,0,0,0,0,0,1 # compose_2x12 r=2
-237,0,-111,0,-18,0,-1,0,111,0,36,0,3,0,0,0,-18,0,-3,0,0,0,0,0,1 # compose_3x8 r=2
-22,0,0,0,0,0,0,0,26,0,0,0,0,0,0,0,-9,0,0,0,0,0,0,0,1 # compose_3x8 r=2
-3,0,0,0,0,0,0,0,0,0,0,5,-5,0,0,0,0,0,0,0,0,0,1,-2,1 # compose_2x12 r=2
-7,0,0,0,0,0,0,0,0,0,0,0,-1,0,0,0,0,0,0,0,0,0,0,0,1 # compose_2x12 r=2
-25,0,0,52,0,0,-36,0,26,8,0,-36,0,0,12,0,-9,0,0,6,0,0,0,0,1 # compose_3x8 r=2
-4,0,0,6,-3,0,24,-24,6,-136,204,-102,257,-480,360,-312,495,-480,304,-252,246,-160,60,-12,1 # compose_6x4 r=2
-211,0,214,0,-72,0,8,0,107,0,-72,0,12,0,0,0,-18,0,6,0,0,0,0,0,1 # compose_3x8 r=2
-8,0,0,0,0,0,0,0,0,0,0,0,0,0,0,0,0,0,4,0,0,-4,0,0,1 # compose_2x12 r=2
-5,0,0,0,0,0,0,0,0,0,0,0,-2,0,0,0,0,0,0,0,0,0,0,0,1 # compose_2x12 r=2
-4,0,0,0,0,0,0,0,0,0,0,0,2,0,0,0,0,0,0,0,0,0,0,0,1 # compose_2x12 r=2
-113,0,0,0,0,0,0,-146,73,0,0,0,0,0,-60,60,-15,0,0,0,0,-8,12,-6,1 # compose_3x8 r=2
-11,0,0,-4,0,0,4,0,0,0,0,0,-2,0,0,4,0,0,0,0,0,0,0,0,1 # compose_2x12 r=2
-6,0,0,0,-6,0,0,0,3,0,0,0,5,0,0,0,0,0,0,0,-3,0,0,0,1 # compose_3x8 r=2
-2,0,0,0,-4,0,-4,0,6,0,12,0,2,0,-12,0,-11,0,0,0,6,0,4,0,1 # compose_4x6 r=2
-201,0,0,0,0,0,0,0,106,0,0,0,0,0,0,0,-18,0,0,0,0,0,0,0,1 # compose_3x8 r=2
-1,0,0,0,0,0,-10,0,5,0,0,0,-12,0,12,0,-3,0,-8,0,12,0,-6,0,1 # compose_3x8 r=2
-11,0,0,0,0,0,0,0,0,0,0,0,1,0,0,0,0,0,0,0,0,0,0,0,1 # compose_2x12 r=2
-9,0,22,0,-24,0,8,0,11,0,-24,0,12,0,0,0,-6,0,6,0,0,0,0,0,1 # compose_3x8 r=2
3,6,1,0,0,0,0,0,0,0,0,0,6,2,0,0,0,0,0,0,0,0,0,0,1 # compose_2x12 r=2
-7,0,0,0,0,0,0,0,10,0,0,0,0,0,0,0,-6,0,0,0,0,0,0,0,1 # compose_3x8 r=2
-10,0,-12,0,-6,0,-1,0,12,0,12,0,3,0,0,0,-6,0,-3,0,0,0,0,0,1 # compose_3x8 r=2
-208,-214,-72,-8,0,0,0,0,107,72,12,0,0,0,0,0,-18,-6,0,0,0,0,0,0,1 # compose_3x8 r=2
-21,0,0,24,0,0,-9,0,24,1,0,-18,0,0,3,0,-9,0,0,3,0,0,0,0,1 # compose_3x8 r=2
-1,0,-9,0,9,0,15,0,-30,0,-9,0,40,0,6,0,-30,0,-10,0,9,0,6,0,1 # compose_6x4 r=2
9,18,4,0,0,0,0,0,0,0,0,0,9,4,0,0,0,0,0,0,0,0,0,0,1 # compose_2x12 r=2
-3,0,0,0,0,0,-2,0,0,0,0,0,5,0,0,0,0,0,-4,0,0,0,0,0,1 # compose_4x6 r=2
-35,0,0,-58,0,0,-36,0,29,-8,0,36,0,0,12,0,-9,0,0,-6,0,0,0,0,1 # compose_3x8 r=2
-5,0,0,0,0,0,0,0,0,5,0,0,-5,0,0,0,0,0,1,0,0,-2,0,0,1 # compose_2x12 r=2
-57,0,0,0,0,0,0,94,47,0,0,0,0,0,-48,-48,-12,0,0,0,0,8,12,6,1 # compose_3x8 r=2
-2,0,4,0,11,0,-10,0,-30,0,6,0,41,0,-6,0,-30,0,10,0,9,0,-6,0,1 # compose_6x4 r=6
-59,0,0,0,0,94,0,0,47,0,-48,0,0,-48,0,8,-12,0,12,0,0,6,0,0,1 # compose_3x8 r=2
-8,0,0,0,0,0,1,0,0,0,0,0,2,0,0,0,0,0,2,0,0,0,0,0,1 # compose_2x12 r=2
-6,0,0,0,0,-2,0,0,0,0,1,0,2,0,0,0,0,-2,0,0,0,0,0,0,1 # compose_2x12 r=2
1,0,0,0,0,0,0,4,2,0,0,0,0,0,-12,-12,-3,0,0,0,0,8,12,6,1 # compose_3x8 r=2
-227,0,0,0,0,0,0,0,110,0,0,0,0,0,0,0,-18,0,0,0,0,0,0,0,1 # compose_3x8 r=2
219,0,0,0,0,0,0,216,108,0,0,0,0,0,72,72,18,0,0,0,0,8,12,6,1 # compose_3x8 r=2
-2,0,4,0,6,0,0,0,-11,0,-12,0,2,0,12,0,6,0,-4,0,-4,0,0,0,1 # compose_4x6 r=6
-10,0,-14,0,-6,0,-1,0,14,0,12,0,3,0,0,0,-6,0,-3,0,0,0,0,0,1 # compose_3x8 r=2
-9,0,0,0,0,0,0,0,-2,0,0,0,1,0,0,0,4,0,0,0,-4,0,0,0,1 # compose_2x12 r=2
-123,0,0,0,0,0,0,150,75,0,0,0,0,0,-60,-60,-15,0,0,0,0,8,12,6,1 # compose_3x8 r=2
-8,0,0,0,0,0,6,0,0,0,0,0,7,0,0,0,0,0,4,0,0,0,0,0,1 # compose_2x12 r=2
-7,-26,-24,-8,0,0,0,0,13,24,12,0,0,0,0,0,-6,-6,0,0,0,0,0,0,1 # compose_3x8 r=2
-1,0,0,9,9,0,18,36,18,21,63,63,36,60,90,66,45,60,61,36,21,20,15,6,1 # compose_6x4 r=2
-13,0,0,0,26,0,0,0,-11,0,0,0,-16,0,0,0,6,0,0,0,6,0,0,0,1 # compose_3x8 r=2
-9,0,0,0,0,0,0,0,0,0,1,0,-1,0,0,0,0,0,0,0,1,0,-2,0,1 # compose_2x12 r=2
-67,0,0,0,0,0,0,48,48,0,0,0,0,0,-12,-24,-12,0,0,0,0,1,3,3,1 # compose_3x8 r=2
-212,0,0,0,0,0,0,-214,107,0,0,0,0,0,-72,72,-18,0,0,0,0,-8,12,-6,1 # compose_3x8 r=2
71,408,984,1288,1164,1368,1996,1920,1206,1158,1440,960,401,480,480,160,60,120,60,0,12,12,0,0,1 # compose_6x4 r=2
-134,0,0,0,0,0,0,0,77,0,0,0,0,0,0,0,-15,0,0,0,0,0,0,0,1 # compose_3x8 r=2
-3,0,0,0,0,0,0,0,0,8,0,0,4,0,0,0,0,0,4,0,0,4,0,0,1 # compose_2x12 r=2
-219,0,216,0,-72,0,8,0,108,0,-72,0,12,0,0,0,-18,0,6,0,0,0,0,0,1 # compose_3x8 r=2
-7,0,0,0,5,0,0,0,1,0,0,0,-5,0,0,0,-2,0,0,0,0,0,0,0,1 # compose_2x12 r=2
-2,0,0,0,0,0,-6,0,0,0,0,0,7,0,0,0,0,0,-4,0,0,0,0,0,1 # compose_2x12 r=2
257,0,0,0,0,514,257,0,0,0,384,384,96,0,0,128,192,96,16,0,16,32,24,8,1 # compose_4x6 r=2
-53,0,0,0,0,0,-92,0,46,0,0,0,-48,0,48,0,-12,0,-8,0,12,0,-6,0,1 # compose_3x8 r=2
-122,75,-15,1,0,0,0,0,75,-30,3,0,0,0,0,0,-15,3,0,0,0,0,0,0,1 # compose_3x8 r=2
-6,20,-24,8,0,0,0,0,10,-24,12,0,0,0,0,0,-6,6,0,0,0,0,0,0,1 # compose_3x8 r=2
-3,-3,12,-19,18,-30,58,-60,42,-63,90,-60,34,-60,60,-20,15,-30,15,0,6,-6,0,0,1 # compose_6x4 r=2
-2,-2,3,-1,0,0,0,0,2,-6,3,0,0,0,0,0,3,-3,0,0,0,0,0,0,1 # compose_3x8 r=2
-1,0,0,-6,0,0,12,0,3,-8,0,-12,0,0,12,0,3,0,0,-6,0,0,0,0,1 # compose_3x8 r=2
-59,0,0,0,0,0,-47,0,47,0,0,0,-12,0,24,0,-12,0,-1,0,3,0,-3,0,1 # compose_3x8 r=2
-138,0,0,0,0,0,0,0,78,0,0,0,0,0,0,0,-15,0,0,0,0,0,0,0,1 # compose_3x8 r=2
-9,0,0,0,0,0,0,0,0,0,0,-3,-3,0,0,0,0,0,0,0,0,0,1,2,1 # compose_2x12 r=2
-123,-150,-60,-8,0,0,0,0,75,60,12,0,0,0,0,0,-15,-6,0,0,0,0,0,0,1 # compose_3x8 r=2
-55,0,0,-90,0,0,-48,0,45,-8,0,48,0,0,12,0,-12,0,0,-6,0,0,0,0,1 # compose_3x8 r=2
-5,0,0,0,0,4,0,0,4,0,-3,0,0,-6,0,1,-3,0,3,0,0,3,0,0,1 # compose_3x8 r=2
-31,0,0,0,0,28,0,0,28,0,-9,0,0,-18,0,1,-9,0,3,0,0,3,0,0,1 # compose_3x8 r=2
-1,0,0,0,0,0,0,0,0,-14,0,0,7,0,0,0,0,0,4,0,0,-4,0,0,1 # compose_2x12 r=2
-143,0,0,0,0,-78,0,0,78,0,-15,0,0,30,0,-1,-15,0,3,0,0,-3,0,0,1 # compose_3x8 r=2
-202,0,0,0,0,0,-212,0,106,0,0,0,-72,0,72,0,-18,0,-8,0,12,0,-6,0,1 # compose_3x8 r=2
-2,0,-10,0,-12,0,-8,0,5,0,12,0,12,0,0,0,-3,0,-6,0,0,0,0,0,1 # compose_3x8 r=2
-233,0,222,0,-72,0,8,0,111,0,-72,0,12,0,0,0,-18,0,6,0,0,0,0,0,1 # compose_3x8 r=2
-2,0,0,5,0,0,-3,0,5,1,0,-6,0,0,3,0,-3,0,0,3,0,0,0,0,1 # compose_3x8 r=2
-5,0,0,0,0,0,0,0,4,0,0,0,0,0,0,0,-3,0,0,0,0,0,0,0,1 # compose_3x8 r=2
-213,0,0,0,0,107,0,0,107,0,-18,0,0,-36,0,1,-18,0,3,0,0,3,0,0,1 # compose_3x8 r=2
-107,0,0,0,0,0,0,0,72,0,0,0,0,0,0,0,-15,0,0,0,0,0,0,0,1 # compose_3x8 r=2
-213,0,108,0,-18,0,1,0,108,0,-36,0,3,0,0,0,-18,0,3,0,0,0,0,0,1 # compose_3x8 r=2
-3,0,0,5,0,0,1,0,0,0,0,0,5,0,0,2,0,0,0,0,0,0,0,0,1 # compose_2x12 r=2
-11,0,-24,0,-24,0,-8,0,12,0,24,0,12,0,0,0,-6,0,-6,0,0,0,0,0,1 # compose_3x8 r=2
-53,0,0,0,0,0,92,0,46,0,0,0,-48,0,-48,0,-12,0,8,0,12,0,6,0,1 # compose_3x8 r=2
6,0,0,-24,0,0,24,0,12,-8,0,-24,0,0,12,0,6,0,0,-6,0,0,0,0,1 # compose_3x8 r=2
-137,0,0,0,0,156,0,0,78,0,-60,0,0,-60,0,8,-15,0,12,0,0,6,0,0,1 # compose_3x8 r=2
-4,-6,24,136,237,216,268,480,486,294,360,480,257,120,240,160,15,60,60,0,6,12,0,0,1 # compose_6x4 r=2
-11,0,0,0,0,-26,0,0,13,0,-24,0,0,24,0,-8,-6,0,12,0,0,-6,0,0,1 # compose_3x8 r=2
-17,-15,-6,-1,0,0,0,0,15,12,3,0,0,0,0,0,-6,-3,0,0,0,0,0,0,1 # compose_3x8 r=2
-65,49,-12,1,0,0,0,0,49,-24,3,0,0,0,0,0,-12,3,0,0,0,0,0,0,1 # compose_3x8 r=2
-7,0,-10,0,4,0,0,0,0,0,0,0,5,0,-4,0,0,0,0,0,0,0,0,0,1 # compose_2x12 r=2
-2,0,0,0,0,-6,0,0,0,0,1,0,-6,0,0,0,0,2,0,0,0,0,0,0,1 # compose_2x12 r=2
-11,0,0,0,0,0,0,0,0,0,0,0,0,0,1,0,0,0,0,-2,0,0,0,0,1 # compose_2x12 r=2
-30,0,0,0,27,0,0,0,18,0,0,0,-17,0,0,0,-6,0,0,0,3,0,0,0,1 # compose_3x8 r=2
-1,0,0,0,5,0,0,0,15,0,0,0,20,0,0,0,15,0,0,0,6,0,0,0,1 # compose_6x4 r=2
-201,0,0,0,210,0,0,0,33,0,0,0,-64,0,0,0,-6,0,0,0,6,0,0,0,1 # compose_3x8 r=2
31,0,0,0,0,0,0,-56,28,0,0,0,0,0,36,-36,9,0,0,0,0,-8,12,-6,1 # compose_3x8 r=2
-5,0,0,0,0,0,-1,0,0,0,0,0,6,0,0,0,0,0,-4,0,0,0,0,0,1 # compose_4x6 r=2
-71,0,0,0,98,0,0,0,1,0,0,0,-40,0,0,0,0,0,0,0,6,0,0,0,1 # compose_3x8 r=2
-71,0,0,0,49,0,0,0,37,0,0,0,-23,0,0,0,-9,0,0,0,3,0,0,0,1 # compose_3x8 r=2
-8,6,4,0,0,0,0,0,0,0,0,0,-3,-4,0,0,0,0,0,0,0,0,0,0,1 # compose_2x12 r=2
-141,0,0,0,78,0,0,0,63,0,0,0,-29,0,0,0,-12,0,0,0,3,0,0,0,1 # compose_3x8 r=2
-9,0,0,0,0,0,0,0,0,0,0,0,3,0,0,0,0,0,0,0,0,0,0,0,1 # compose_2x12 r=2
-6,0,0,0,0,0,0,0,0,6,0,0,3,0,0,0,0,0,4,0,0,4,0,0,1 # compose_2x12 r=2
-213,0,0,0,0,0,0,0,108,0,0,0,0,0,0,0,-18,0,0,0,0,0,0,0,1 # compose_3x8 r=2
222,0,0,0,0,480,240,0,0,0,376,376,94,0,0,128,192,96,16,0,16,32,24,8,1 # compose_4x6 r=2
-137,0,154,0,-60,0,8,0,77,0,-60,0,12,0,0,0,-15,0,6,0,0,0,0,0,1 # compose_3x8 r=2
-71,0,0,0,0,0,0,49,49,0,0,0,0,0,-12,-24,-12,0,0,0,0,1,3,3,1 # compose_3x8 r=2
-1,0,0,0,0,4,4,0,0,0,6,12,6,0,0,4,12,12,4,0,1,4,6,4,1 # compose_4x6 r=2
-3,0,0,0,0,0,0,-6,6,0,0,0,0,0,-3,6,-3,0,0,0,0,-1,3,-3,1 # compose_3x8 r=2
22,0,0,0,0,0,0,-52,26,0,0,0,0,0,36,-36,9,0,0,0,0,-8,12,-6,1 # compose_3x8 r=2
3,0,0,-20,0,0,46,0,0,-68,0,0,73,0,0,-56,0,0,28,0,0,-8,0,0,1 # compose_4x6 r=2
-1,0,0,0,0,0,0,12,0,0,0,0,6,0,4,0,0,0,0,4,0,0,0,0,1 # compose_2x12 r=2
-9,2,1,0,0,0,0,0,0,0,0,0,-2,-2,0,0,0,0,0,0,0,0,0,0,1 # compose_2x12 r=2
-9,0,0,0,0,0,0,-1,0,0,0,0,1,0,1,0,0,0,0,-2,0,0,0,0,1 # compose_2x12 r=2
-1,0,14,0,67,0,220,0,495,0,792,0,924,0,792,0,495,0,220,0,66,0,12,0,1 # compose_6x4 r=2
-38,0,0,60,0,0,-36,0,30,8,0,-36,0,0,12,0,-9,0,0,6,0,0,0,0,1 # compose_3x8 r=2
-4,0,0,0,0,0,-8,0,0,0,0,0,8,0,0,0,0,0,-4,0,0,0,0,0,1 # compose_2x12 r=2
-214,0,0,0,0,0,0,-216,108,0,0,0,0,0,-72,72,-18,0,0,0,0,-8,12,-6,1 # compose_3x8 r=2
2,-5,3,-1,0,0,0,0,5,-6,3,0,0,0,0,0,3,-3,0,0,0,0,0,0,1 # compose_3x8 r=2
-10,0,0,-12,0,0,-6,0,12,-1,0,12,0,0,3,0,-6,0,0,-3,0,0,0,0,1 # compose_3x8 r=2
-58,0,0,0,0,47,0,0,47,0,-12,0,0,-24,0,1,-12,0,3,0,0,3,0,0,1 # compose_3x8 r=2
-142,0,0,0,0,0,0,0,78,0,0,0,0,0,0,0,-15,0,0,0,0,0,0,0,1 # compose_3x8 r=2
-235,0,0,0,-111,0,0,0,93,0,0,0,35,0,0,0,-15,0,0,0,-3,0,0,0,1 # compose_3x8 r=2
62,0,0,0,0,0,0,-94,47,0,0,0,0,0,48,-48,12,0,0,0,0,-8,12,-6,1 # compose_3x8 r=2
-236,222,-72,8,0,0,0,0,111,-72,12,0,0,0,0,0,-18,6,0,0,0,0,0,0,1 # compose_3x8 r=2
-122,0,0,148,0,0,-60,0,74,8,0,-60,0,0,12,0,-15,0,0,6,0,0,0,0,1 # compose_3x8 r=2
-8,0,0,0,0,0,0,0,0,0,4,0,0,0,0,0,0,-4,0,0,0,0,0,0,1 # compose_2x12 r=2
-2,0,0,0,0,0,0,0,0,0,-8,0,4,0,0,0,0,0,0,0,4,0,-4,0,1 # compose_2x12 r=2
-19,0,0,0,0,0,0,25,25,0,0,0,0,0,-9,-18,-9,0,0,0,0,1,3,3,1 # compose_3x8 r=2
-61,0,0,96,0,0,-48,0,48,8,0,-48,0,0,12,0,-12,0,0,6,0,0,0,0,1 # compose_3x8 r=2
-78,0,0,0,0,51,0,0,51,0,-12,0,0,-24,0,1,-12,0,3,0,0,3,0,0,1 # compose_3x8 r=2
-7,0,0,0,0,0,0,0,0,0,0,0,4,0,0,0,0,0,-4,0,0,0,0,0,1 # compose_2x12 r=2
-5,0,0,0,1,0,0,0,1,0,0,0,1,0,0,0,2,0,0,0,0,0,0,0,1 # compose_2x12 r=2
-13,0,0,0,0,0,0,0,0,-2,0,0,-1,0,0,0,0,0,4,0,0,4,0,0,1 # compose_2x12 r=2
-127,0,0,0,0,0,0,0,75,0,0,0,0,0,0,0,-15,0,0,0,0,0,0,0,1 # compose_3x8 r=2
13,20,4,0,0,0,0,0,0,0,0,0,10,4,0,0,0,0,0,0,0,0,0,0,1 # compose_2x12 r=2
-55,0,0,0,0,0,0,0,45,0,0,0,0,0,0,0,-12,0,0,0,0,0,0,0,1 # compose_3x8 r=2
-221,0,0,0,-218,0,0,0,37,0,0,0,64,0,0,0,-6,0,0,0,-6,0,0,0,1 # compose_3x8 r=2
-201,-210,-72,-8,0,0,0,0,105,72,12,0,0,0,0,0,-18,-6,0,0,0,0,0,0,1 # compose_3x8 r=2
10,18,4,0,0,0,0,0,0,0,0,0,9,4,0,0,0,0,0,0,0,0,0,0,1 # compose_2x12 r=2
-3,0,0,-2,0,0,5,0,0,-2,0,0,-8,0,0,8,0,0,2,0,0,-4,0,0,1 # compose_4x6 r=2
-2,0,0,0,-3,0,0,0,6,0,0,0,-7,0,0,0,6,0,0,0,-3,0,0,0,1 # compose_3x8 r=2
-5,0,0,0,0,0,0,0,0,0,0,0,12,0,-12,0,3,0,-8,0,12,0,-6,0,1 # compose_3x8 r=2
-22,0,0,-26,0,0,-9,0,26,-1,0,18,0,0,3,0,-9,0,0,-3,0,0,0,0,1 # compose_3x8 r=2
-3,0,0,0,0,0,12,0,6,0,0,0,-12,0,-12,0,-3,0,8,0,12,0,6,0,1 # compose_3x8 r=2
-117,0,0,0,0,-74,0,0,74,0,-15,0,0,30,0,-1,-15,0,3,0,0,-3,0,0,1 # compose_3x8 r=2
-5,0,0,0,0,0,3,0,0,0,0,0,-2,0,0,0,0,0,-2,0,0,0,0,0,1 # compose_2x12 r=2
-133,0,0,0,0,0,0,0,77,0,0,0,0,0,0,0,-15,0,0,0,0,0,0,0,1 # compose_3x8 r=2
-230,110,-18,1,0,0,0,0,110,-36,3,0,0,0,0,0,-18,3,0,0,0,0,0,0,1 # compose_3x8 r=2
-3,0,0,0,0,0,0,2,2,0,0,0,0,0,-3,-6,-3,0,0,0,0,1,3,3,1 # compose_3x8 r=2
-55,0,0,0,0,0,0,-45,45,0,0,0,0,0,-12,24,-12,0,0,0,0,-1,3,-3,1 # compose_3x8 r=2
62,0,0,0,0,0,0,-96,48,0,0,0,0,0,48,-48,12,0,0,0,0,-8,12,-6,1 # compose_3x8 r=2
85,0,0,456,228,0,1032,1032,258,1304,1956,978,1123,1920,1440,864,1020,960,544,312,252,160,60,12,1 # compose_6x4 r=2
-121,0,0,0,74,0,0,0,59,0,0,0,-29,0,0,0,-12,0,0,0,3,0,0,0,1 # compose_3x8 r=2
-3,0,0,0,0,0,2,0,0,0,0,0,6,0,0,0,0,0,4,0,0,0,0,0,1 # compose_4x6 r=2
-123,0,0,0,0,0,75,0,75,0,0,0,-15,0,-30,0,-15,0,1,0,3,0,3,0,1 # compose_3x8 r=2
-71,0,0,0,0,0,0,98,49,0,0,0,0,0,-48,-48,-12,0,0,0,0,8,12,6,1 # compose_3x8 r=2
-206,0,0,0,212,0,0,0,34,0,0,0,-64,0,0,0,-6,0,0,0,6,0,0,0,1 # compose_3x8 r=2
-2,0,0,0,0,-2,0,0,0,0,1,0,-2,0,0,0,0,2,0,0,0,0,0,0,1 # compose_2x12 r=2
-229,0,0,0,0,-110,0,0,110,0,-18,0,0,36,0,-1,-18,0,3,0,0,-3,0,0,1 # compose_3x8 r=2
-9,0,0,0,1,0,0,0,1,0,0,0,-1,0,0,0,-2,0,0,0,0,0,0,0,1 # compose_2x12 r=2
-6,0,0,0,-24,0,0,0,-12,0,0,0,16,0,0,0,6,0,0,0,-6,0,0,0,1 # compose_3x8 r=2
-223,-109,-18,-1,0,0,0,0,109,36,3,0,0,0,0,0,-18,-3,0,0,0,0,0,0,1 # compose_3x8 r=2
-74,0,0,-51,0,0,-12,0,51,-1,0,24,0,0,3,0,-12,0,0,-3,0,0,0,0,1 # compose_3x8 r=2
-122,0,0,-150,0,0,-60,0,75,-8,0,60,0,0,12,0,-15,0,0,-6,0,0,0,0,1 # compose_3x8 r=2
-5,0,0,0,0,-1,0,0,0,0,1,0,-1,0,0,0,0,2,0,0,0,0,0,0,1 # compose_2x12 r=2
-2,0,0,0,-4,0,-2,0,24,0,24,0,-26,0,-48,0,-8,0,28,0,24,0,8,0,1 # compose_4x6 r=2
-219,0,0,0,0,0,-216,0,108,0,0,0,-72,0,72,0,-18,0,-8,0,12,0,-6,0,1 # compose_3x8 r=2
-13,0,0,-13,0,0,-6,0,13,-1,0,12,0,0,3,0,-6,0,0,-3,0,0,0,0,1 # compose_3x8 r=2
-5,0,0,0,0,0,0,0,6,0,0,0,0,0,0,0,-3,0,0,0,0,0,0,0,1 # compose_3x8 r=2
-5,0,0,0,0,0,2,0,0,0,0,0,3,0,0,0,0,0,-4,0,0,0,0,0,1 # compose_4x6 r=2
-1,0,0,0,6,0,3,0,24,0,24,0,38,0,48,0,40,0,36,0,24,0,8,0,1 # compose_4x6 r=2
-8,0,0,0,0,0,0,0,4,0,0,0,0,0,0,0,4,0,0,0,0,0,0,0,1 # compose_2x12 r=2
-11,0,0,24,0,0,-24,0,12,8,0,-24,0,0,12,0,-6,0,0,6,0,0,0,0,1 # compose_3x8 r=2
2,-20,36,-32,16,0,10,-36,48,-32,0,0,9,-24,24,0,0,0,4,-8,0,0,0,0,1 # compose_4x6 r=2
-4,0,-2,0,4,0,0,0,0,0,0,0,1,0,-4,0,0,0,0,0,0,0,0,0,1 # compose_2x12 r=2
-58,0,-92,0,-48,0,-8,0,46,0,48,0,12,0,0,0,-12,0,-6,0,0,0,0,0,1 # compose_3x8 r=2
-5,0,0,0,6,0,0,0,3,0,0,0,-5,0,0,0,0,0,0,0,3,0,0,0,1 # compose_3x8 r=2
-13,0,0,0,0,-26,0,0,13,0,-24,0,0,24,0,-8,-6,0,12,0,0,-6,0,0,1 # compose_3x8 r=2
-67,0,0,0,-49,0,0,0,37,0,0,0,23,0,0,0,-9,0,0,0,-3,0,0,0,1 # compose_3x8 r=2
-3,0,0,0,-4,0,0,0,14,0,0,0,-20,0,0,0,15,0,0,0,-6,0,0,0,1 # compose_3x8 r=2
-21,0,24,0,-9,0,1,0,24,0,-18,0,3,0,0,0,-9,0,3,0,0,0,0,0,1 # compose_3x8 r=2
-55,0,0,0,0,0,-45,0,45,0,0,0,-12,0,24,0,-12,0,-1,0,3,0,-3,0,1 # compose_3x8 r=2
-2,0,-4,0,-12,0,-8,0,2,0,12,0,12,0,0,0,-3,0,-6,0,0,0,0,0,1 # compose_3x8 r=2
-5,0,0,0,4,0,0,0,4,0,0,0,-2,0,0,0,-4,0,0,0,0,0,0,0,1 # compose_2x12 r=2
-7,0,10,0,-6,0,1,0,10,0,-12,0,3,0,0,0,-6,0,3,0,0,0,0,0,1 # compose_3x8 r=2
-3,0,-3,0,-3,0,-1,0,3,0,6,0,3,0,0,0,-3,0,-3,0,0,0,0,0,1 # compose_3x8 r=2
-54,0,-46,0,-12,0,-1,0,46,0,24,0,3,0,0,0,-12,0,-3,0,0,0,0,0,1 # compose_3x8 r=2
-123,-148,-60,-8,0,0,0,0,74,60,12,0,0,0,0,0,-15,-6,0,0,0,0,0,0,1 # compose_3x8 r=2
-10,0,0,0,0,0,-24,0,12,0,0,0,-24,0,24,0,-6,0,-8,0,12,0,-6,0,1 # compose_3x8 r=2
-119,0,0,0,74,0,0,0,59,0,0,0,-29,0,0,0,-12,0,0,0,3,0,0,0,1 # compose_3x8 r=2
-66,-48,-12,-1,0,0,0,0,48,24,3,0,0,0,0,0,-12,-3,0,0,0,0,0,0,1 # compose_3x8 r=2
-1,0,0,0,-3,0,1,0,0,0,-6,0,3,0,0,0,-3,0,3,0,0,0,0,0,1 # compose_3x8 r=2
-71,0,-98,0,-48,0,-8,0,49,0,48,0,12,0,0,0,-12,0,-6,0,0,0,0,0,1 # compose_3x8 r=2
-3,0,0,0,-8,0,0,0,4,0,0,0,4,0,0,0,-4,0,0,0,0,0,0,0,1 # compose_2x12 r=2
-197,-210,-72,-8,0,0,0,0,105,72,12,0,0,0,0,0,-18,-6,0,0,0,0,0,0,1 # compose_3x8 r=6
-2,2,-3,1,0,0,0,0,2,-6,3,0,0,0,0,0,-3,3,0,0,0,0,0,0,1 # compose_3x8 r=2
-79,0,0,0,0,0,-51,0,51,0,0,0,-12,0,24,0,-12,0,-1,0,3,0,-3,0,1 # compose_3x8 r=2
-5,0,-3,0,18,0,-50,0,90,0,-126,0,141,0,-126,0,90,0,-50,0,21,0,-6,0,1 # compose_6x4 r=2
-7,0,1,0,1,0,0,0,0,0,0,0,1,0,2,0,0,0,0,0,0,0,0,0,1 # compose_2x12 r=2
-7,0,0,0,0,0,0,0,0,0,0,0,5,0,0,0,0,0,0,0,0,0,0,0,1 # compose_2x12 r=2
-4,-3,-3,-1,0,0,0,0,3,6,3,0,0,0,0,0,-3,-3,0,0,0,0,0,0,1 # compose_3x8 r=2
-3,0,0,0,-3,0,0,0,15,0,0,0,-20,0,0,0,15,0,0,0,-6,0,0,0,1 # compose_6x4 r=2
-8,0,0,0,1,0,0,0,0,0,0,0,0,0,-2,0,0,0,0,0,0,0,0,0,1 # compose_2x12 r=2
-39,0,0,0,0,-30,0,0,30,0,-9,0,0,18,0,-1,-9,0,3,0,0,-3,0,0,1 # compose_3x8 r=2
-8,0,0,0,0,0,0,0,0,0,0,0,-3,0,0,0,0,0,0,0,0,0,0,0,1 # compose_2x12 r=2
-49,-45,-12,-1,0,0,0,0,45,24,3,0,0,0,0,0,-12,-3,0,0,0,0,0,0,1 # compose_3x8 r=2
-1,0,0,0,-7,0,0,0,15,0,0,0,-20,0,0,0,15,0,0,0,-6,0,0,0,1 # compose_6x4 r=2
-1,0,0,0,-5,0,0,0,15,0,0,0,-20,0,0,0,15,0,0,0,-6,0,0,0,1 # compose_6x4 r=2
-1,0,-12,0,28,0,-26,0,-12,0,48,0,-25,0,-24,0,24,0,4,0,-8,0,0,0,1 # compose_4x6 r=2
-7,0,22,0,-24,0,8,0,11,0,-24,0,12,0,0,0,-6,0,6,0,0,0,0,0,1 # compose_3x8 r=2
-142,0,0,0,0,-156,0,0,78,0,-60,0,0,60,0,-8,-15,0,12,0,0,-6,0,0,1 # compose_3x8 r=2
-3,0,-2,0,12,0,-8,0,1,0,-12,0,12,0,0,0,3,0,-6,0,0,0,0,0,1 # compose_3x8 r=2
-67,0,0,0,0,-98,0,0,49,0,-48,0,0,48,0,-8,-12,0,12,0,0,-6,0,0,1 # compose_3x8 r=2
-62,-96,-48,-8,0,0,0,0,48,48,12,0,0,0,0,0,-12,-6,0,0,0,0,0,0,1 # compose_3x8 r=2
-31,0,0,0,0,0,-29,0,29,0,0,0,-9,0,18,0,-9,0,-1,0,3,0,-3,0,1 # compose_3x8 r=2
-225,0,0,0,0,0,0,218,109,0,0,0,0,0,-72,-72,-18,0,0,0,0,8,12,6,1 # compose_3x8 r=2
-8,0,0,0,0,0,0,0,0,0,-1,0,1,0,0,0,0,0,0,0,1,0,-2,0,1 # compose_2x12 r=2
-3,0,0,0,0,0,3,0,0,1,0,6,0,0,3,0,3,0,0,3,0,0,0,0,1 # compose_3x8 r=2
-22,0,0,0,0,0,0,52,26,0,0,0,0,0,-36,-36,-9,0,0,0,0,8,12,6,1 # compose_3x8 r=2
-6,0,0,0,0,6,0,0,6,0,-3,0,0,-6,0,1,-3,0,3,0,0,3,0,0,1 # compose_3x8 r=2
-61,0,94,0,-48,0,8,0,47,0,-48,0,12,0,0,0,-12,0,6,0,0,0,0,0,1 # compose_3x8 r=2
-49,-90,-48,-8,0,0,0,0,45,48,12,0,0,0,0,0,-12,-6,0,0,0,0,0,0,1 # compose_3x8 r=2
-5,0,0,0,0,0,0,0,9,0,0,0,0,0,0,0,-6,0,0,0,0,0,0,0,1 # compose_3x8 r=2
-113,0,0,0,0,146,0,0,73,0,-60,0,0,-60,0,8,-15,0,12,0,0,6,0,0,1 # compose_3x8 r=2
-4,0,0,0,0,0,-2,0,1,0,0,0,12,0,-12,0,3,0,-8,0,12,0,-6,0,1 # compose_3x8 r=2
-209,0,0,0,0,-214,0,0,107,0,-72,0,0,72,0,-8,-18,0,12,0,0,-6,0,0,1 # compose_3x8 r=2
-3,0,0,0,0,0,0,0,0,0,0,3,3,0,0,0,0,0,0,0,0,0,1,2,1 # compose_2x12 r=2
-119,0,0,0,0,0,0,0,74,0,0,0,0,0,0,0,-15,0,0,0,0,0,0,0,1 # compose_3x8 r=2
2,20,24,8,0,0,0,0,10,24,12,0,0,0,0,0,6,6,0,0,0,0,0,0,1 # compose_3x8 r=2
2,0,0,0,0,0,0,2,1,0,0,0,0,0,12,12,3,0,0,0,0,8,12,6,1 # compose_3x8 r=2
-8,0,0,0,11,0,0,0,5,0,0,0,-11,0,0,0,-3,0,0,0,3,0,0,0,1 # compose_3x8 r=2
-34,0,58,0,-36,0,8,0,29,0,-36,0,12,0,0,0,-9,0,6,0,0,0,0,0,1 # compose_3x8 r=2
-25,54,-36,8,0,0,0,0,27,-36,12,0,0,0,0,0,-9,6,0,0,0,0,0,0,1 # compose_3x8 r=2
-2,-10,4,0,0,0,0,0,0,0,0,0,5,-4,0,0,0,0,0,0,0,0,0,0,1 # compose_2x12 r=2
-5,0,0,0,0,0,0,0,-1,0,0,0,1,0,0,0,1,0,0,0,-2,0,0,0,1 # compose_2x12 r=2
-1,0,0,0,0,-18,0,0,9,0,24,0,0,-24,0,-8,6,0,12,0,0,-6,0,0,1 # compose_3x8 r=2
-226,110,-18,1,0,0,0,0,110,-36,3,0,0,0,0,0,-18,3,0,0,0,0,0,0,1 # compose_3x8 r=2
3,0,0,0,0,0,0,-2,1,0,0,0,0,0,-12,12,-3,0,0,0,0,-8,12,-6,1 # compose_3x8 r=2
-212,0,0,0,0,107,0,0,107,0,-18,0,0,-36,0,1,-18,0,3,0,0,3,0,0,1 # compose_3x8 r=2
-27,26,-9,1,0,0,0,0,26,-18,3,0,0,0,0,0,-9,3,0,0,0,0,0,0,1 # compose_3x8 r=2
123,0,0,0,0,0,0,-150,75,0,0,0,0,0,60,-60,15,0,0,0,0,-8,12,-6,1 # compose_3x8 r=2
-225,0,0,0,109,0,0,0,91,0,0,0,-35,0,0,0,-15,0,0,0,3,0,0,0,1 # compose_3x8 r=2
4,0,0,0,0,0,0,22,11,0,0,0,0,0,24,24,6,0,0,0,0,8,12,6,1 # compose_3x8 r=2
-4,0,0,0,-22,0,0,0,-13,0,0,0,16,0,0,0,6,0,0,0,-6,0,0,0,1 # compose_3x8 r=2
-218,216,-72,8,0,0,0,0,108,-72,12,0,0,0,0,0,-18,6,0,0,0,0,0,0,1 # compose_3x8 r=2
-139,0,0,-156,0,0,-60,0,78,-8,0,60,0,0,12,0,-15,0,0,-6,0,0,0,0,1 # compose_3x8 r=2
-111,0,0,-144,0,0,-60,0,72,-8,0,60,0,0,12,0,-15,0,0,-6,0,0,0,0,1 # compose_3x8 r=6
574,0,0,0,0,960,480,0,0,0,592,592,148,0,0,160,240,120,20,0,16,32,24,8,1 # compose_4x6 r=2
-3,0,-2,0,6,0,-2,0,-11,0,12,0,2,0,-12,0,6,0,4,0,-4,0,0,0,1 # compose_4x6 r=2
-15,0,0,-48,0,0,-36,0,24,-8,0,36,0,0,12,0,-9,0,0,-6,0,0,0,0,1 # compose_3x8 r=2
-14,0,0,0,0,0,28,0,14,0,0,0,-24,0,-24,0,-6,0,8,0,12,0,6,0,1 # compose_3x8 r=2
-237,0,0,-111,0,0,-18,0,111,-1,0,36,0,0,3,0,-18,0,0,-3,0,0,0,0,1 # compose_3x8 r=2
-74,0,102,0,-48,0,8,0,51,0,-48,0,12,0,0,0,-12,0,6,0,0,0,0,0,1 # compose_3x8 r=2
673,0,0,0,0,-1040,520,0,0,0,608,-608,152,0,0,-160,240,-120,20,0,16,-32,24,-8,1 # compose_4x6 r=2
-2,0,0,0,0,0,0,-4,0,0,0,0,4,0,1,0,0,0,0,-2,0,0,0,0,1 # compose_2x12 r=2
3,0,0,0,0,0,0,-22,11,0,0,0,0,0,24,-24,6,0,0,0,0,-8,12,-6,1 # compose_3x8 r=2
-3,2,3,-4,1,0,2,6,-12,4,0,0,3,-12,6,0,0,0,-4,4,0,0,0,0,1 # compose_4x6 r=2
-128,0,-150,0,-60,0,-8,0,75,0,60,0,12,0,0,0,-15,0,-6,0,0,0,0,0,1 # compose_3x8 r=2
-218,0,0,216,0,0,-72,0,108,8,0,-72,0,0,12,0,-18,0,0,6,0,0,0,0,1 # compose_3x8 r=2
-1,0,0,6,3,0,48,48,12,152,228,114,259,480,360,312,495,480,304,252,246,160,60,12,1 # compose_6x4 r=2
-138,0,0,0,0,0,-156,0,78,0,0,0,-60,0,60,0,-15,0,-8,0,12,0,-6,0,1 # compose_3x8 r=2
-229,0,0,-110,0,0,-18,0,110,-1,0,36,0,0,3,0,-18,0,0,-3,0,0,0,0,1 # compose_3x8 r=2
-11,0,0,0,0,0,0,0,15,0,0,0,0,0,0,0,-6,0,0,0,0,0,0,0,1 # compose_3x8 r=2
-119,-74,-15,-1,0,0,0,0,74,30,3,0,0,0,0,0,-15,-3,0,0,0,0,0,0,1 # compose_3x8 r=2
2,0,0,10,0,0,6,0,10,1,0,12,0,0,3,0,6,0,0,3,0,0,0,0,1 # compose_3x8 r=2
-9,0,0,0,22,0,0,0,-13,0,0,0,-16,0,0,0,6,0,0,0,6,0,0,0,1 # compose_3x8 r=2
-3,0,0,0,3,0,-1,0,0,0,-6,0,3,0,0,0,3,0,-3,0,0,0,0,0,1 # compose_3x8 r=2
-113,0,0,0,73,0,0,0,58,0,0,0,-29,0,0,0,-12,0,0,0,3,0,0,0,1 # compose_3x8 r=2
-226,0,-110,0,-18,0,-1,0,110,0,36,0,3,0,0,0,-18,0,-3,0,0,0,0,0,1 # compose_3x8 r=2
-1,0,0,0,6,0,0,0,3,0,0,0,-5,0,0,0,0,0,0,0,3,0,0,0,1 # compose_3x8 r=2
-229,0,0,0,0,0,0,110,110,0,0,0,0,0,-18,-36,-18,0,0,0,0,1,3,3,1 # compose_3x8 r=2
-6,0,-2,0,1,0,0,0,0,0,0,0,-2,0,2,0,0,0,0,0,0,0,0,0,1 # compose_2x12 r=2
-109,0,0,0,0,0,0,0,72,0,0,0,0,0,0,0,-15,0,0,0,0,0,0,0,1 # compose_3x8 r=6
-3,0,0,0,0,0,0,0,0,-1,0,0,-1,0,0,0,0,0,1,0,0,2,0,0,1 # compose_2x12 r=2
-11,0,0,0,0,0,0,0,0,0,0,0,-1,0,0,0,0,0,0,0,0,0,0,0,1 # compose_2x12 r=2
-35,0,60,0,-36,0,8,0,30,0,-36,0,12,0,0,0,-9,0,6,0,0,0,0,0,1 # compose_3x8 r=2
-6,0,-4,0,4,0,0,0,0,0,0,0,2,0,-4,0,0,0,0,0,0,0,0,0,1 # compose_2x12 r=2
-61,48,-12,1,0,0,0,0,48,-24,3,0,0,0,0,0,-12,3,0,0,0,0,0,0,1 # compose_3x8 r=2
-5,0,0,0,0,0,0,0,0,0,1,0,-1,0,0,0,0,0,0,0,1,0,-2,0,1 # compose_2x12 r=2
-122,0,0,0,0,0,0,-150,75,0,0,0,0,0,-60,60,-15,0,0,0,0,-8,12,-6,1 # compose_3x8 r=2
-2,0,0,0,0,0,0,0,8,0,0,0,4,0,0,0,4,0,0,0,4,0,0,0,1 # compose_2x12 r=2
-2,0,0,0,0,0,0,0,0,0,0,0,3,0,0,0,0,0,0,0,0,0,0,0,1 # compose_2x12 r=2
-2,0,-4,0,6,0,-8,0,13,0,-12,0,10,0,-12,0,6,0,-4,0,4,0,0,0,1 # compose_4x6 r=2
-231,0,0,0,0,0,-222,0,111,0,0,0,-72,0,72,0,-18,0,-8,0,12,0,-6,0,1 # compose_3x8 r=2
-13,0,0,-30,0,0,-24,0,15,-8,0,24,0,0,12,0,-6,0,0,-6,0,0,0,0,1 # compose_3x8 r=2
-1,0,0,0,0,0,-5,0,0,0,0,0,6,0,0,0,0,0,-4,0,0,0,0,0,1 # compose_4x6 r=2
-121,0,0,0,0,0,-74,0,74,0,0,0,-15,0,30,0,-15,0,-1,0,3,0,-3,0,1 # compose_3x8 r=2
52,0,0,0,0,180,90,0,0,0,204,204,51,0,0,96,144,72,12,0,16,32,24,8,1 # compose_4x6 r=2
-122,0,0,0,-75,0,0,0,60,0,0,0,29,0,0,0,-12,0,0,0,-3,0,0,0,1 # compose_3x8 r=2
-69,0,0,0,0,0,0,49,49,0,0,0,0,0,-12,-24,-12,0,0,0,0,1,3,3,1 # compose_3x8 r=2
-79,0,0,0,-51,0,0,0,39,0,0,0,23,0,0,0,-9,0,0,0,-3,0,0,0,1 # compose_3x8 r=2
-18,50,-36,8,0,0,0,0,25,-36,12,0,0,0,0,0,-9,6,0,0,0,0,0,0,1 # compose_3x8 r=2
-26,0,0,0,52,0,0,0,-10,0,0,0,-28,0,0,0,3,0,0,0,6,0,0,0,1 # compose_3x8 r=2
-219,216,-72,8,0,0,0,0,108,-72,12,0,0,0,0,0,-18,6,0,0,0,0,0,0,1 # compose_3x8 r=2
19,0,0,0,0,0,0,50,25,0,0,0,0,0,36,36,9,0,0,0,0,8,12,6,1 # compose_3x8 r=2
-63,0,0,0,0,0,-94,0,47,0,0,0,-48,0,48,0,-12,0,-8,0,12,0,-6,0,1 # compose_3x8 r=2
-5,0,0,0,0,0,0,0,0,0,5,0,5,0,0,0,0,0,0,0,1,0,2,0,1 # compose_2x12 r=2
-2,0,-2,0,1,0,0,0,0,0,0,0,-2,0,2,0,0,0,0,0,0,0,0,0,1 # compose_2x12 r=2
236,0,0,0,0,0,0,222,111,0,0,0,0,0,72,72,18,0,0,0,0,8,12,6,1 # compose_3x8 r=2
-7,0,8,0,4,0,0,0,0,0,0,0,4,0,4,0,0,0,0,0,0,0,0,0,1 # compose_2x12 r=2
645,0,0,2754,1377,0,4752,4752,1188,4296,6444,3222,2697,4320,3240,1656,1575,1440,784,372,258,160,60,12,1 # compose_6x4 r=2
-2,0,0,0,0,0,0,0,0,0,0,0,-3,0,0,0,0,0,0,0,0,0,0,0,1 # compose_2x12 r=2
-129,0,-152,0,-60,0,-8,0,76,0,60,0,12,0,0,0,-15,0,-6,0,0,0,0,0,1 # compose_3x8 r=2
-3,0,0,6,0,0,1,0,0,0,0,0,6,0,0,2,0,0,0,0,0,0,0,0,1 # compose_2x12 r=2
-53,0,0,0,0,92,0,0,46,0,-48,0,0,-48,0,8,-12,0,12,0,0,6,0,0,1 # compose_3x8 r=2
89,0,0,0,0,-222,111,0,0,0,216,-216,54,0,0,-96,144,-72,12,0,16,-32,24,-8,1 # compose_4x6 r=2
-71,0,0,0,0,0,0,0,50,0,0,0,0,0,0,0,-12,0,0,0,0,0,0,0,1 # compose_3x8 r=2
-141,0,0,156,0,0,-60,0,78,8,0,-60,0,0,12,0,-15,0,0,6,0,0,0,0,1 # compose_3x8 r=2
-123,0,0,0,0,0,-148,0,74,0,0,0,-60,0,60,0,-15,0,-8,0,12,0,-6,0,1 # compose_3x8 r=2
-11,0,0,0,0,0,0,-2,0,0,0,0,1,0,4,0,0,0,0,-4,0,0,0,0,1 # compose_2x12 r=2
-75,0,0,0,0,-102,0,0,51,0,-48,0,0,48,0,-8,-12,0,12,0,0,-6,0,0,1 # compose_3x8 r=2
-1,0,-4,0,12,0,-8,0,2,0,-12,0,12,0,0,0,3,0,-6,0,0,0,0,0,1 # compose_3x8 r=2
-14,0,14,0,-6,0,1,0,14,0,-12,0,3,0,0,0,-6,0,3,0,0,0,0,0,1 # compose_3x8 r=2
-9,0,0,0,0,0,0,0,0,-3,0,0,3,0,0,0,0,0,1,0,0,-2,0,0,1 # compose_2x12 r=2
-1,0,0,0,0,0,0,0,0,0,-10,0,-5,0,0,0,0,0,0,0,4,0,4,0,1 # compose_2x12 r=2
1,20,24,8,0,0,0,0,10,24,12,0,0,0,0,0,6,6,0,0,0,0,0,0,1 # compose_3x8 r=2
-3,0,0,0,0,0,-9,0,9,0,0,0,-6,0,12,0,-6,0,-1,0,3,0,-3,0,1 # compose_3x8 r=6
-201,0,-210,0,-72,0,-8,0,105,0,72,0,12,0,0,0,-18,0,-6,0,0,0,0,0,1 # compose_3x8 r=2
-5,0,0,0,0,0,0,0,11,0,0,0,0,0,0,0,-6,0,0,0,0,0,0,0,1 # compose_3x8 r=2
-3,0,0,0,-6,0,3,0,24,0,-24,0,-26,0,48,0,-8,0,-28,0,24,0,-8,0,1 # compose_4x6 r=2
-5,0,2,0,3,0,-6,0,-5,0,12,0,-1,0,-12,0,6,0,4,0,-4,0,0,0,1 # compose_4x6 r=2
-1,0,0,0,7,0,0,0,15,0,0,0,20,0,0,0,15,0,0,0,6,0,0,0,1 # compose_6x4 r=2
-29,-27,-9,-1,0,0,0,0,27,18,3,0,0,0,0,0,-9,-3,0,0,0,0,0,0,1 # compose_3x8 r=2
-4,0,0,0,0,0,-2,0,0,0,0,0,3,0,0,0,0,0,4,0,0,0,0,0,1 # compose_4x6 r=2
53,0,0,-360,180,0,936,-936,234,-1272,1908,-954,1119,-1920,1440,-864,1020,-960,544,-312,252,-160,60,-12,1 # compose_6x4 r=2
-6,0,0,0,0,0,12,0,6,0,0,0,-12,0,-12,0,-3,0,8,0,12,0,6,0,1 # compose_3x8 r=2
-213,0,0,0,0,214,0,0,107,0,-72,0,0,-72,0,8,-18,0,12,0,0,6,0,0,1 # compose_3x8 r=2
55,0,0,0,0,0,0,-90,45,0,0,0,0,0,48,-48,12,0,0,0,0,-8,12,-6,1 # compose_3x8 r=2
-67,-48,-12,-1,0,0,0,0,48,24,3,0,0,0,0,0,-12,-3,0,0,0,0,0,0,1 # compose_3x8 r=2
-232,0,-222,0,-72,0,-8,0,111,0,72,0,12,0,0,0,-18,0,-6,0,0,0,0,0,1 # compose_3x8 r=2
-3,0,0,0,0,6,0,0,0,0,4,0,3,0,0,0,0,4,0,0,0,0,0,0,1 # compose_2x12 r=2
-15,0,48,0,-36,0,8,0,24,0,-36,0,12,0,0,0,-9,0,6,0,0,0,0,0,1 # compose_3x8 r=2
-74,0,0,0,0,0,0,50,50,0,0,0,0,0,-12,-24,-12,0,0,0,0,1,3,3,1 # compose_3x8 r=2
-136,0,0,0,0,0,0,0,77,0,0,0,0,0,0,0,-15,0,0,0,0,0,0,0,1 # compose_3x8 r=2
-70,0,0,0,0,0,50,0,50,0,0,0,-12,0,-24,0,-12,0,1,0,3,0,3,0,1 # compose_3x8 r=2
-2,0,0,0,0,4,0,0,0,0,1,0,4,0,0,0,0,2,0,0,0,0,0,0,1 # compose_2x12 r=2
-7,0,0,0,0,0,0,11,11,0,0,0,0,0,-6,-12,-6,0,0,0,0,1,3,3,1 # compose_3x8 r=2
-8,0,0,0,0,0,0,-11,11,0,0,0,0,0,-6,12,-6,0,0,0,0,-1,3,-3,1 # compose_3x8 r=2
-74,0,0,0,-50,0,0,0,38,0,0,0,23,0,0,0,-9,0,0,0,-3,0,0,0,1 # compose_3x8 r=2
-237,222,-72,8,0,0,0,0,111,-72,12,0,0,0,0,0,-18,6,0,0,0,0,0,0,1 # compose_3x8 r=2
-23,0,0,0,-52,0,0,0,-10,0,0,0,28,0,0,0,3,0,0,0,-6,0,0,0,1 # compose_3x8 r=2
-111,0,0,0,0,0,144,0,72,0,0,0,-60,0,-60,0,-15,0,8,0,12,0,6,0,1 # compose_3x8 r=6
-225,0,0,-218,0,0,-72,0,109,-8,0,72,0,0,12,0,-18,0,0,-6,0,0,0,0,1 # compose_3x8 r=2
-232,0,0,-111,0,0,-18,0,111,-1,0,36,0,0,3,0,-18,0,0,-3,0,0,0,0,1 # compose_3x8 r=2
-7,0,4,0,1,0,0,0,0,0,0,0,-4,0,-2,0,0,0,0,0,0,0,0,0,1 # compose_2x12 r=2
-2,0,0,-4,4,0,15,-30,15,-20,60,-60,35,-60,90,-66,45,-60,61,-36,21,-20,15,-6,1 # compose_6x4 r=2
4,0,0,0,0,0,0,-16,0,0,0,0,8,0,4,0,0,0,0,-4,0,0,0,0,1 # compose_2x12 r=2
-118,0,0,0,0,0,-74,0,74,0,0,0,-15,0,30,0,-15,0,-1,0,3,0,-3,0,1 # compose_3x8 r=2
-223,0,0,0,-109,0,0,0,91,0,0,0,35,0,0,0,-15,0,0,0,-3,0,0,0,1 # compose_3x8 r=2
-30,54,-36,8,0,0,0,0,27,-36,12,0,0,0,0,0,-9,6,0,0,0,0,0,0,1 # compose_3x8 r=2
-7,0,13,0,-6,0,1,0,13,0,-12,0,3,0,0,0,-6,0,3,0,0,0,0,0,1 # compose_3x8 r=2
