# IGP24 batch: one polynomial per distinct (group fingerprint, signature) cluster.
4090,0,12284,0,21502,0,25600,0,23040,0,16128,0,9024,0,4032,0,1440,0,400,0,84,0,12,0,1 # compose_6x4 r=0
5,0,0,0,0,0,0,6,6,0,0,0,0,0,3,6,3,0,0,0,0,1,3,3,1 # compose_3x8 r=0
9,0,0,0,0,0,0,0,0,5,0,0,5,0,0,0,0,0,1,0,0,2,0,0,1 # compose_2x12 r=0
263,0,0,-516,0,0,642,0,0,-512,0,0,304,0,0,-128,0,0,40,0,0,-8,0,0,1 # compose_4x6 r=0
11,0,-14,0,6,0,-1,0,14,0,-12,0,3,0,0,0,6,0,-3,0,0,0,0,0,1 # compose_3x8 r=0
15753,0,18825,0,-9435,0,-16279,0,2262,0,6033,0,-400,0,-1206,0,90,0,130,0,-15,0,-6,0,1 # compose_6x4 r=0
603,0,0,0,980,0,490,0,596,0,596,0,309,0,240,0,136,0,52,0,24,0,8,0,1 # compose_4x6 r=0
242,0,-496,0,380,0,-376,0,396,0,-192,0,127,0,-96,0,24,0,-16,0,8,0,0,0,1 # compose_4x6 r=0
725,0,-1457,0,2672,0,-2970,0,2970,0,-2178,0,1441,0,-726,0,330,0,-110,0,33,0,-6,0,1 # compose_6x4 r=0
123,0,0,0,0,0,0,-74,74,0,0,0,0,0,15,-30,15,0,0,0,0,-1,3,-3,1 # compose_3x8 r=0
20,0,0,-14,0,0,4,0,0,0,0,0,-7,0,0,4,0,0,0,0,0,0,0,0,1 # compose_2x12 r=0
4029,6096,3828,1279,6336,7680,3838,960,3948,3843,1440,240,1294,960,240,20,240,120,15,0,24,6,0,0,1 # compose_6x4 r=0
1,0,2,0,5,0,6,0,11,0,12,0,9,0,12,0,6,0,4,0,4,0,0,0,1 # compose_4x6 r=0
1222,0,0,0,0,0,840,0,0,0,0,0,214,0,0,0,0,0,24,0,0,0,0,0,1 # compose_4x6 r=0
33,0,-24,0,4,0,0,0,0,0,0,0,12,0,-4,0,0,0,0,0,0,0,0,0,1 # compose_2x12 r=0
4034,0,0,0,-6096,0,0,0,3828,0,0,0,-1279,0,0,0,240,0,0,0,-24,0,0,0,1 # compose_6x4 r=0
127,0,0,0,0,0,-150,0,75,0,0,0,60,0,-60,0,15,0,-8,0,12,0,-6,0,1 # compose_3x8 r=0
46875,0,-46764,0,66222,0,-43237,0,32961,0,-15159,0,7742,0,-2526,0,915,0,-200,0,51,0,-6,0,1 # compose_6x4 r=0
34,0,0,0,-20,0,0,0,4,0,0,0,10,0,0,0,-4,0,0,0,0,0,0,0,1 # compose_2x12 r=0
246,0,0,0,0,0,-254,0,0,0,0,0,96,0,0,0,0,0,-16,0,0,0,0,0,1 # compose_4x6 r=4
46651,0,0,0,-46655,0,0,0,19440,0,0,0,-4320,0,0,0,540,0,0,0,-36,0,0,0,1 # compose_6x4 r=0
15,0,-30,0,24,0,-8,0,15,0,-24,0,12,0,0,0,6,0,-6,0,0,0,0,0,1 # compose_3x8 r=0
11,0,0,0,0,0,0,0,0,0,-12,0,6,0,0,0,0,0,0,0,4,0,-4,0,1 # compose_2x12 r=0
34,0,0,0,0,30,0,0,30,0,9,0,0,18,0,1,9,0,3,0,0,3,0,0,1 # compose_3x8 r=0
101,0,0,0,-240,0,120,0,224,0,-224,0,-40,0,144,0,-56,0,-20,0,24,0,-8,0,1 # compose_4x6 r=0
3,0,0,-12,-6,0,60,60,15,-160,-240,-120,220,480,360,-72,-465,-480,-176,132,234,160,60,12,1 # compose_6x4 r=0
29,0,0,0,0,0,0,0,0,0,0,0,-12,0,0,0,0,0,0,0,0,0,0,0,1 # compose_2x12 r=4
249,0,0,0,0,0,255,0,0,0,0,0,96,0,0,0,0,0,16,0,0,0,0,0,1 # compose_4x6 r=0
15628,0,0,0,18750,0,0,0,9375,0,0,0,2500,0,0,0,375,0,0,0,30,0,0,0,1 # compose_6x4 r=0
4222,-12480,15456,-10256,10080,-16224,15448,-7680,5784,-7884,5760,-1920,1522,-1920,960,-160,240,-240,60,0,24,-12,0,0,1 # compose_6x4 r=0
14,0,0,0,0,0,-4,0,0,0,0,0,-3,0,0,0,0,0,2,0,0,0,0,0,1 # compose_2x12 r=0
98,0,0,0,240,0,120,0,224,0,224,0,152,0,144,0,88,0,44,0,24,0,8,0,1 # compose_4x6 r=0
607,0,497,0,150,0,-477,0,-299,0,-60,0,146,0,60,0,6,0,-20,0,-4,0,0,0,1 # compose_4x6 r=4
5,0,0,0,9,0,0,0,15,0,0,0,20,0,0,0,15,0,0,0,6,0,0,0,1 # compose_6x4 r=0
19531,-44922,43164,-22168,-16045,42172,-33188,12832,8311,-16434,9624,-2480,-2531,3208,-1240,160,401,-310,60,0,-31,12,0,0,1 # compose_6x4 r=0
35,0,0,0,0,0,0,0,0,0,0,0,-10,0,0,0,0,0,0,0,0,0,0,0,1 # compose_2x12 r=0
245,0,0,506,0,0,131,0,0,-256,0,0,-80,0,0,64,0,0,8,0,0,-8,0,0,1 # compose_4x6 r=4
1,0,0,0,0,0,0,0,0,0,-5,0,5,0,0,0,0,0,0,0,1,0,-2,0,1 # compose_2x12 r=0
14,0,0,0,0,-20,0,0,0,0,4,0,10,0,0,0,0,-4,0,0,0,0,0,0,1 # compose_2x12 r=0
5,0,0,0,0,0,0,0,0,-4,0,0,-4,0,0,0,0,0,1,0,0,2,0,0,1 # compose_2x12 r=0
1289,0,0,0,0,0,-863,0,0,0,0,0,216,0,0,0,0,0,-24,0,0,0,0,0,1 # compose_4x6 r=4
19531,-22461,10791,-2771,22862,-21613,8314,-1604,10946,-8319,2406,-310,2786,-1604,310,-20,401,-155,15,0,31,-6,0,0,1 # compose_6x4 r=0
1,0,8,0,-12,0,8,0,4,0,-12,0,12,0,0,0,-3,0,6,0,0,0,0,0,1 # compose_3x8 r=0
4081,0,12282,0,9219,0,-5120,0,-7680,0,768,0,2624,0,-192,0,-480,0,80,0,36,0,-12,0,1 # compose_6x4 r=4
18,0,0,0,-8,0,0,0,1,0,0,0,8,0,0,0,-2,0,0,0,0,0,0,0,1 # compose_2x12 r=0
4086,-12284,15360,-10240,9982,-16128,15424,-7680,5760,-7872,5760,-1920,1520,-1920,960,-160,240,-240,60,0,24,-12,0,0,1 # compose_6x4 r=0
4223,0,0,0,-6240,0,0,0,3864,0,0,0,-1282,0,0,0,240,0,0,0,-24,0,0,0,1 # compose_6x4 r=4
632,-501,150,-20,1,0,-501,300,-60,4,0,0,150,-60,6,0,0,0,-20,4,0,0,0,0,1 # compose_4x6 r=0
3,0,0,0,0,0,0,0,0,0,0,6,3,0,0,0,0,0,0,0,0,0,4,4,1 # compose_2x12 r=0
33,0,0,0,0,0,0,0,28,0,0,0,0,0,0,0,9,0,0,0,0,0,0,0,1 # compose_3x8 r=0
9,0,0,0,0,0,0,0,0,0,-14,0,-7,0,0,0,0,0,0,0,4,0,4,0,1 # compose_2x12 r=4
1334,0,0,1752,0,0,1744,0,0,1060,0,0,521,0,0,176,0,0,48,0,0,8,0,0,1 # compose_4x6 r=0
19,0,0,-24,0,0,9,0,24,-1,0,-18,0,0,3,0,9,0,0,-3,0,0,0,0,1 # compose_3x8 r=0
11,0,0,0,0,0,0,0,0,-14,0,0,7,0,0,0,0,0,4,0,0,-4,0,0,1 # compose_2x12 r=0
62,0,0,192,-192,0,240,-480,240,160,-480,480,-100,-240,360,-228,0,120,-119,54,3,-20,15,-6,1 # compose_6x4 r=4
30,0,0,0,0,0,0,0,0,0,12,0,12,0,0,0,0,0,0,0,1,0,2,0,1 # compose_2x12 r=0
138,0,0,0,0,0,0,0,78,0,0,0,0,0,0,0,15,0,0,0,0,0,0,0,1 # compose_3x8 r=0
23,0,0,0,0,-50,0,0,25,0,36,0,0,-36,0,-8,9,0,12,0,0,-6,0,0,1 # compose_3x8 r=0
736,0,-1461,0,-246,0,1890,0,-270,0,-1098,0,181,0,366,0,-30,0,-70,0,-3,0,6,0,1 # compose_6x4 r=4
3,0,0,6,6,0,15,30,15,20,60,60,35,60,90,66,45,60,61,36,21,20,15,6,1 # compose_6x4 r=0
46007,0,0,0,46332,0,0,0,19386,0,0,0,4317,0,0,0,540,0,0,0,36,0,0,0,1 # compose_6x4 r=0
3966,0,0,0,-6048,0,0,0,3816,0,0,0,-1278,0,0,0,240,0,0,0,-24,0,0,0,1 # compose_6x4 r=4
2,0,0,0,9,0,0,0,15,0,0,0,20,0,0,0,15,0,0,0,6,0,0,0,1 # compose_6x4 r=0
46437,0,0,0,46548,0,0,0,19422,0,0,0,4319,0,0,0,540,0,0,0,36,0,0,0,1 # compose_6x4 r=0
15623,0,18750,0,28125,0,21250,0,17250,0,9030,0,4901,0,1806,0,690,0,170,0,45,0,6,0,1 # compose_6x4 r=0
46875,0,0,0,46764,0,0,0,19458,0,0,0,4321,0,0,0,540,0,0,0,36,0,0,0,1 # compose_6x4 r=0
1,0,0,0,0,5,5,0,0,0,6,12,6,0,0,4,12,12,4,0,1,4,6,4,1 # compose_4x6 r=0
53,0,0,0,0,0,0,0,0,0,0,0,15,0,0,0,0,0,0,0,0,0,0,0,1 # compose_2x12 r=0
13,0,0,0,0,0,0,0,0,-8,0,0,4,0,0,0,0,0,4,0,0,-4,0,0,1 # compose_2x12 r=0
31,0,0,0,0,0,-22,0,0,0,0,0,15,0,0,0,0,0,-4,0,0,0,0,0,1 # compose_2x12 r=0
1317,0,0,-867,0,0,1083,0,0,-456,0,0,289,0,0,-76,0,0,30,0,0,-4,0,0,1 # compose_4x6 r=0
67,0,49,0,12,0,1,0,49,0,24,0,3,0,0,0,12,0,3,0,0,0,0,0,1 # compose_3x8 r=0
274,0,0,0,0,0,-264,0,0,0,0,0,97,0,0,0,0,0,-16,0,0,0,0,0,1 # compose_4x6 r=0
641,0,0,1006,0,0,1103,0,0,760,0,0,406,0,0,152,0,0,44,0,0,8,0,0,1 # compose_4x6 r=0
1187,-828,213,-24,1,0,828,-426,72,-4,0,0,213,-72,6,0,0,0,24,-4,0,0,0,0,1 # compose_4x6 r=0
254,0,0,0,0,510,-255,0,0,0,384,-384,96,0,0,128,-192,96,-16,0,16,-32,24,-8,1 # compose_4x6 r=0
22,0,0,0,68,0,34,0,96,0,96,0,88,0,96,0,64,0,40,0,24,0,8,0,1 # compose_4x6 r=0
208,0,0,0,0,0,-107,0,107,0,0,0,18,0,-36,0,18,0,-1,0,3,0,-3,0,1 # compose_3x8 r=0
11,0,0,0,0,60,-30,0,0,0,96,-96,24,0,0,64,-96,48,-8,0,16,-32,24,-8,1 # compose_4x6 r=4
23,0,0,0,-72,0,-36,0,100,0,100,0,-39,0,-96,0,-32,0,24,0,24,0,8,0,1 # compose_4x6 r=0
15503,37350,37440,19992,-12675,-36480,-29924,-12000,6960,14802,9000,2400,-2259,-3000,-1200,-160,375,300,60,0,-30,-12,0,0,1 # compose_6x4 r=0
4091,0,0,0,6142,0,0,0,3840,0,0,0,1280,0,0,0,240,0,0,0,24,0,0,0,1 # compose_6x4 r=0
2,0,-9,0,24,0,-50,0,90,0,-126,0,141,0,-126,0,90,0,-50,0,21,0,-6,0,1 # compose_6x4 r=0
15873,0,0,-37800,18900,0,37620,-37620,9405,-20016,30024,-15012,8502,-12000,9000,-3960,2775,-2400,1264,-492,270,-160,60,-12,1 # compose_6x4 r=0
301,0,0,0,0,0,-280,0,0,0,0,0,99,0,0,0,0,0,-16,0,0,0,0,0,1 # compose_4x6 r=4
631,0,0,0,0,-1002,-501,0,0,0,600,600,150,0,0,-160,-240,-120,-20,0,16,32,24,8,1 # compose_4x6 r=0
4,0,0,6,-6,0,15,-30,15,20,-60,60,-5,-60,90,-54,-15,60,-59,24,9,-20,15,-6,1 # compose_6x4 r=0
79,0,-214,0,216,0,11,0,-200,0,144,0,22,0,-72,0,24,0,12,0,-8,0,0,0,1 # compose_4x6 r=0
736,0,0,2922,1461,0,4860,4860,1215,4320,6480,3240,2700,4320,3240,1656,1575,1440,784,372,258,160,60,12,1 # compose_6x4 r=0
1263,0,0,0,0,0,-852,0,0,0,0,0,215,0,0,0,0,0,-24,0,0,0,0,0,1 # compose_4x6 r=0
-1,0,0,0,0,0,0,5,0,0,0,0,-5,0,1,0,0,0,0,-2,0,0,0,0,1 # compose_2x12 r=4
7,0,0,0,10,0,0,0,4,0,0,0,-5,0,0,0,-4,0,0,0,0,0,0,0,1 # compose_2x12 r=0
2,0,0,0,0,0,0,0,0,0,0,0,0,0,4,0,0,0,0,-4,0,0,0,0,1 # compose_2x12 r=0
15497,0,-18675,0,28035,0,-21219,0,17232,0,-9027,0,4900,0,-1806,0,690,0,-170,0,45,0,-6,0,1 # compose_6x4 r=0
46439,0,-46548,0,-27126,0,34525,0,7005,0,-10833,0,-1258,0,1806,0,195,0,-160,0,-21,0,6,0,1 # compose_6x4 r=4
7,0,0,10,0,0,6,0,10,1,0,12,0,0,3,0,6,0,0,3,0,0,0,0,1 # compose_3x8 r=0
25,0,0,0,0,0,0,0,22,0,0,0,11,0,0,0,4,0,0,0,4,0,0,0,1 # compose_2x12 r=0
105,0,0,0,-126,0,126,0,57,0,-114,0,45,0,36,0,-35,0,8,0,6,0,-4,0,1 # compose_4x6 r=0
5,0,0,0,0,0,0,2,0,0,0,0,1,0,4,0,0,0,0,4,0,0,0,0,1 # compose_2x12 r=0
1,0,0,0,0,0,0,0,5,0,0,0,5,0,0,0,1,0,0,0,2,0,0,0,1 # compose_2x12 r=0
15609,0,-18747,0,28122,0,-21250,0,17250,0,-9030,0,4901,0,-1806,0,690,0,-170,0,45,0,-6,0,1 # compose_6x4 r=0
255,0,0,0,510,0,255,0,384,0,384,0,224,0,192,0,112,0,48,0,24,0,8,0,1 # compose_4x6 r=0
25,-9,1,0,0,0,0,0,0,0,0,0,9,-2,0,0,0,0,0,0,0,0,0,0,1 # compose_2x12 r=0
1331,0,0,1752,0,0,-8,0,0,-676,0,0,-55,0,0,112,0,0,0,0,0,-8,0,0,1 # compose_4x6 r=4
13,0,0,18,0,0,4,0,0,0,0,0,-9,0,0,-4,0,0,0,0,0,0,0,0,1 # compose_2x12 r=4
17,0,0,0,0,0,-10,0,0,0,0,0,11,0,0,0,0,0,-2,0,0,0,0,0,1 # compose_2x12 r=0
4,0,0,0,-3,0,0,0,1,0,0,0,3,0,0,0,-2,0,0,0,0,0,0,0,1 # compose_2x12 r=0
7,0,0,0,-15,0,0,0,24,0,0,0,-23,0,0,0,15,0,0,0,-6,0,0,0,1 # compose_6x4 r=0
40,0,0,0,0,0,0,0,0,0,-11,0,11,0,0,0,0,0,0,0,1,0,-2,0,1 # compose_2x12 r=0
24,-18,4,0,0,0,0,0,0,0,0,0,-9,4,0,0,0,0,0,0,0,0,0,0,1 # compose_2x12 r=0
13,0,0,0,0,0,0,0,0,8,0,0,-4,0,0,0,0,0,4,0,0,-4,0,0,1 # compose_2x12 r=0
13,0,0,0,0,0,30,0,15,0,0,0,24,0,24,0,6,0,8,0,12,0,6,0,1 # compose_3x8 r=0
38,0,0,0,-12,0,0,0,1,0,0,0,-12,0,0,0,2,0,0,0,0,0,0,0,1 # compose_2x12 r=0
269,0,-518,0,384,0,131,0,-368,0,192,0,64,0,-96,0,24,0,16,0,-8,0,0,0,1 # compose_4x6 r=0
214,0,0,0,0,-216,0,0,108,0,72,0,0,-72,0,-8,18,0,12,0,0,-6,0,0,1 # compose_3x8 r=0
21,0,-11,0,1,0,0,0,0,0,0,0,11,0,-2,0,0,0,0,0,0,0,0,0,1 # compose_2x12 r=0
628,0,-500,0,150,0,-520,0,301,0,-60,0,154,0,-60,0,6,0,-20,0,4,0,0,0,1 # compose_4x6 r=0
19,0,0,0,0,0,0,0,0,0,18,0,9,0,0,0,0,0,0,0,4,0,4,0,1 # compose_2x12 r=0
11,0,0,30,0,0,24,0,15,8,0,24,0,0,12,0,6,0,0,6,0,0,0,0,1 # compose_3x8 r=0
4029,0,6096,0,-2268,0,-6377,0,231,0,2901,0,42,0,-726,0,15,0,100,0,-9,0,-6,0,1 # compose_6x4 r=4
1261,0,0,0,0,-1704,852,0,0,0,860,-860,215,0,0,-192,288,-144,24,0,16,-32,24,-8,1 # compose_4x6 r=0
4035,0,0,6096,6096,0,3828,7656,3828,1279,3837,3837,1519,960,1440,984,360,240,241,126,39,20,15,6,1 # compose_6x4 r=0
258,0,256,0,96,0,272,0,193,0,48,0,100,0,48,0,6,0,16,0,4,0,0,0,1 # compose_4x6 r=0
631,0,0,0,0,0,501,0,0,0,0,0,150,0,0,0,0,0,20,0,0,0,0,0,1 # compose_4x6 r=0
117,0,0,0,0,73,0,0,73,0,15,0,0,30,0,1,15,0,3,0,0,3,0,0,1 # compose_3x8 r=0
46654,0,0,-93312,46656,0,77760,-77760,19440,-34560,51840,-25920,12960,-17280,12960,-5472,3420,-2880,1504,-552,276,-160,60,-12,1 # compose_6x4 r=0
57,0,0,0,-30,0,0,0,4,0,0,0,-15,0,0,0,4,0,0,0,0,0,0,0,1 # compose_2x12 r=0
34,0,0,0,0,0,0,0,0,0,0,0,-13,0,0,0,0,0,0,0,0,0,0,0,1 # compose_2x12 r=4
1317,0,-867,0,216,0,-891,0,433,0,-72,0,220,0,-72,0,6,0,-24,0,4,0,0,0,1 # compose_4x6 r=0
75,0,0,0,0,0,-102,0,51,0,0,0,48,0,-48,0,12,0,-8,0,12,0,-6,0,1 # compose_3x8 r=0
1257,0,0,0,0,0,852,0,0,0,0,0,215,0,0,0,0,0,24,0,0,0,0,0,1 # compose_4x6 r=0
20,-11,1,0,0,0,0,0,0,0,0,0,-11,2,0,0,0,0,0,0,0,0,0,0,1 # compose_2x12 r=4
42,0,0,0,0,12,0,0,0,0,1,0,12,0,0,0,0,2,0,0,0,0,0,0,1 # compose_2x12 r=0
21,0,0,0,0,33,-33,0,0,0,24,-48,24,0,0,8,-24,24,-8,0,1,-4,6,-4,1 # compose_4x6 r=0
46873,0,0,-93528,-46764,0,77832,77832,19458,-34568,-51852,-25926,4319,17280,12960,3168,-2340,-2880,-1376,-168,204,160,60,12,1 # compose_6x4 r=0
61,0,0,0,0,0,86,0,0,0,0,0,46,0,0,0,0,0,11,0,0,0,0,0,1 # compose_4x6 r=0
547,0,0,0,-1139,0,0,0,991,0,0,0,-461,0,0,0,121,0,0,0,-17,0,0,0,1 # compose_6x4 r=0
13,0,0,0,0,0,0,0,0,0,0,7,-7,0,0,0,0,0,0,0,0,0,1,-2,1 # compose_2x12 r=0
33,0,-60,0,36,0,-8,0,30,0,-36,0,12,0,0,0,9,0,-6,0,0,0,0,0,1 # compose_3x8 r=0
13,0,0,0,0,29,-29,0,0,0,24,-48,24,0,0,8,-24,24,-8,0,1,-4,6,-4,1 # compose_4x6 r=0
107,0,72,0,15,0,1,0,72,0,30,0,3,0,0,0,15,0,3,0,0,0,0,0,1 # compose_3x8 r=0
18,0,0,0,0,0,0,0,0,-10,0,0,-10,0,0,0,0,0,1,0,0,2,0,0,1 # compose_2x12 r=4
4223,0,6240,0,10104,0,9010,0,7950,0,4830,0,2843,0,1206,0,495,0,140,0,39,0,6,0,1 # compose_6x4 r=0
31,0,0,0,22,0,0,0,4,0,0,0,11,0,0,0,4,0,0,0,0,0,0,0,1 # compose_2x12 r=0
15631,0,0,37502,18751,0,37500,37500,9375,20000,30000,15000,8500,12000,9000,3960,2775,2400,1264,492,270,160,60,12,1 # compose_6x4 r=0
31,0,0,0,0,-22,0,0,0,0,4,0,-11,0,0,0,0,4,0,0,0,0,0,0,1 # compose_2x12 r=0
11,0,0,14,0,0,4,0,0,0,0,0,-7,0,0,-4,0,0,0,0,0,0,0,0,1 # compose_2x12 r=4
47,0,0,0,0,0,0,0,0,0,0,0,-13,0,0,0,0,0,0,0,0,0,0,0,1 # compose_2x12 r=0
2,0,0,0,0,0,0,0,0,0,0,0,0,0,0,0,0,0,4,0,0,4,0,0,1 # compose_2x12 r=0
13021,0,-16059,0,24320,0,-18791,0,15419,0,-8240,0,4521,0,-1700,0,656,0,-165,0,44,0,-6,0,1 # compose_6x4 r=0
603,0,0,0,0,0,490,0,0,0,0,0,149,0,0,0,0,0,20,0,0,0,0,0,1 # compose_4x6 r=0
39991,0,40943,0,58422,0,38941,0,29939,0,14028,0,7225,0,2400,0,876,0,195,0,50,0,6,0,1 # compose_6x4 r=0
74,100,48,8,0,0,0,0,50,48,12,0,0,0,0,0,12,6,0,0,0,0,0,0,1 # compose_3x8 r=0
46871,0,0,0,-46764,0,0,0,19458,0,0,0,-4321,0,0,0,540,0,0,0,-36,0,0,0,1 # compose_6x4 r=4
637,0,0,0,0,0,-503,0,0,0,0,0,150,0,0,0,0,0,-20,0,0,0,0,0,1 # compose_4x6 r=4
5461,0,0,0,-7737,0,0,0,4589,0,0,0,-1457,0,0,0,261,0,0,0,-25,0,0,0,1 # compose_6x4 r=0
29,0,0,0,-20,0,0,0,4,0,0,0,10,0,0,0,-4,0,0,0,0,0,0,0,1 # compose_2x12 r=0
1275,0,861,0,216,0,-837,0,-431,0,-72,0,212,0,72,0,6,0,-24,0,-4,0,0,0,1 # compose_4x6 r=4
1291,0,1726,0,864,0,1055,0,880,0,288,0,248,0,144,0,24,0,24,0,8,0,0,0,1 # compose_4x6 r=0
15,0,0,0,0,0,0,0,-5,0,0,0,-5,0,0,0,1,0,0,0,2,0,0,0,1 # compose_2x12 r=0
623,0,0,0,0,0,-499,0,0,0,0,0,150,0,0,0,0,0,-20,0,0,0,0,0,1 # compose_4x6 r=0
1401,1800,876,192,16,0,-900,-876,-288,-32,0,0,219,144,24,0,0,0,-24,-8,0,0,0,0,1 # compose_4x6 r=4
673,0,0,0,0,520,520,0,0,0,152,304,152,0,0,20,60,60,20,0,1,4,6,4,1 # compose_4x6 r=0
46659,0,0,-46657,46657,0,19440,-38880,19440,-4320,12960,-12960,4860,-2160,3240,-2196,720,-360,361,-186,51,-20,15,-6,1 # compose_6x4 r=0
7,0,0,5,0,0,1,0,0,0,0,0,-5,0,0,-2,0,0,0,0,0,0,0,0,1 # compose_2x12 r=0
15377,0,0,37200,-18600,0,37380,-37380,9345,19984,-29976,14988,3502,-12000,9000,-2040,-2025,2400,-1136,108,210,-160,60,-12,1 # compose_6x4 r=0
209,0,0,0,0,0,0,0,107,0,0,0,0,0,0,0,18,0,0,0,0,0,0,0,1 # compose_3x8 r=0
13,0,0,0,0,0,0,0,0,0,0,0,-6,0,0,0,0,0,0,0,0,0,0,0,1 # compose_2x12 r=0
73,0,195,0,435,0,640,0,780,0,732,0,581,0,366,0,195,0,80,0,27,0,6,0,1 # compose_6x4 r=0
8,0,0,0,0,0,0,0,-5,0,0,0,-5,0,0,0,1,0,0,0,2,0,0,0,1 # compose_2x12 r=0
53,0,0,0,0,30,0,0,0,0,4,0,15,0,0,0,0,4,0,0,0,0,0,0,1 # compose_2x12 r=0
3,0,0,0,0,0,0,-2,0,0,0,0,-1,0,4,0,0,0,0,4,0,0,0,0,1 # compose_2x12 r=0
23,0,0,0,0,0,-9,0,0,0,0,0,10,0,0,0,0,0,-2,0,0,0,0,0,1 # compose_2x12 r=0
5,0,0,0,0,0,0,0,0,0,0,1,1,0,0,0,0,0,0,0,0,0,1,2,1 # compose_2x12 r=0
46226,0,46440,0,65844,0,43126,0,32898,0,15150,0,7739,0,2526,0,915,0,200,0,51,0,6,0,1 # compose_6x4 r=0
5,0,-1,0,1,0,0,0,0,0,0,0,1,0,-2,0,0,0,0,0,0,0,0,0,1 # compose_2x12 r=0
46442,93096,77688,34552,-37908,-76536,-51764,-17280,16542,25722,12960,2880,-4079,-4320,-1440,-160,540,360,60,0,-36,-12,0,0,1 # compose_6x4 r=0
13,0,6,0,4,0,0,0,0,0,0,0,-3,0,-4,0,0,0,0,0,0,0,0,0,1 # compose_2x12 r=0
1259,852,215,24,1,0,852,430,72,4,0,0,215,72,6,0,0,0,24,4,0,0,0,0,1 # compose_4x6 r=0
4086,-6142,3840,-1280,-5902,7656,-3839,960,3720,-3834,1440,-240,-1265,960,-240,20,240,-120,15,0,-24,6,0,0,1 # compose_6x4 r=4
601,0,0,0,0,980,490,0,0,0,596,596,149,0,0,160,240,120,20,0,16,32,24,8,1 # compose_4x6 r=0
38,0,0,0,-24,0,0,0,4,0,0,0,-12,0,0,0,4,0,0,0,0,0,0,0,1 # compose_2x12 r=0
621,0,998,0,600,0,-339,0,-584,0,-240,0,118,0,120,0,24,0,-20,0,-8,0,0,0,1 # compose_4x6 r=0
46667,0,0,0,-46658,0,0,0,19440,0,0,0,-4320,0,0,0,540,0,0,0,-36,0,0,0,1 # compose_6x4 r=4
37,0,0,0,0,0,0,0,0,0,0,-11,11,0,0,0,0,0,0,0,0,0,1,-2,1 # compose_2x12 r=0
9,0,0,0,0,0,0,8,0,0,0,0,-4,0,4,0,0,0,0,-4,0,0,0,0,1 # compose_2x12 r=0
703,0,0,0,0,0,530,0,0,0,0,0,153,0,0,0,0,0,20,0,0,0,0,0,1 # compose_4x6 r=0
755,0,1485,0,2709,0,2989,0,2982,0,2181,0,1442,0,726,0,330,0,110,0,33,0,6,0,1 # compose_6x4 r=0
78,0,0,0,0,0,51,0,51,0,0,0,12,0,24,0,12,0,1,0,3,0,3,0,1 # compose_3x8 r=0
4,0,8,0,24,0,28,0,-8,0,-48,0,-26,0,24,0,24,0,-4,0,-8,0,0,0,1 # compose_4x6 r=0
15629,0,0,18751,18751,0,9375,18750,9375,2500,7500,7500,2875,1500,2250,1530,525,300,301,156,45,20,15,6,1 # compose_6x4 r=0
27,0,0,0,0,0,0,0,0,0,-11,0,11,0,0,0,0,0,0,0,1,0,-2,0,1 # compose_2x12 r=0
-3,0,0,0,0,4,-2,0,0,0,20,-20,5,0,0,32,-48,24,-4,0,16,-32,24,-8,1 # compose_4x6 r=4
267,-259,96,-16,1,0,-259,192,-48,4,0,0,96,-48,6,0,0,0,-16,4,0,0,0,0,1 # compose_4x6 r=4
25,-22,4,0,0,0,0,0,0,0,0,0,-11,4,0,0,0,0,0,0,0,0,0,0,1 # compose_2x12 r=4
15752,0,0,0,18825,0,0,0,9390,0,0,0,2501,0,0,0,375,0,0,0,30,0,0,0,1 # compose_6x4 r=0
30,0,0,0,0,0,0,0,0,0,0,10,10,0,0,0,0,0,0,0,0,0,1,2,1 # compose_2x12 r=0
5,0,0,0,0,0,0,5,5,0,0,0,0,0,3,6,3,0,0,0,0,1,3,3,1 # compose_3x8 r=0
38,0,0,13,0,0,1,0,0,0,0,0,-13,0,0,-2,0,0,0,0,0,0,0,0,1 # compose_2x12 r=4
242,0,-248,0,95,0,-264,0,191,0,-48,0,99,0,-48,0,6,0,-16,0,4,0,0,0,1 # compose_4x6 r=0
71,0,0,0,-194,0,0,0,240,0,0,0,-160,0,0,0,60,0,0,0,-12,0,0,0,1 # compose_6x4 r=0
111,0,0,126,0,0,183,0,0,126,0,0,94,0,0,40,0,0,18,0,0,4,0,0,1 # compose_4x6 r=0
7,0,0,0,0,-24,24,0,0,0,22,-44,22,0,0,-8,24,-24,8,0,1,-4,6,-4,1 # compose_4x6 r=0
18,0,-8,0,1,0,0,0,0,0,0,0,8,0,-2,0,0,0,0,0,0,0,0,0,1 # compose_2x12 r=0
2,0,0,0,0,0,0,-6,6,0,0,0,0,0,3,-6,3,0,0,0,0,-1,3,-3,1 # compose_3x8 r=0
7,0,0,0,-20,0,-20,0,21,0,42,0,13,0,-24,0,-23,0,-4,0,6,0,4,0,1 # compose_4x6 r=0
46227,0,46440,0,-27036,0,-34490,0,6990,0,10830,0,-1257,0,-1806,0,195,0,160,0,-21,0,-6,0,1 # compose_6x4 r=0
43,0,0,0,0,0,0,0,0,0,28,0,14,0,0,0,0,0,0,0,4,0,4,0,1 # compose_2x12 r=0
15873,0,37800,0,56520,0,57636,0,45429,0,27972,0,13966,0,5592,0,1815,0,460,0,90,0,12,0,1 # compose_6x4 r=0
1,0,0,0,0,-2,0,0,2,0,3,0,0,-6,0,-1,3,0,3,0,0,-3,0,0,1 # compose_3x8 r=0
21,0,16,0,4,0,0,0,0,0,0,0,-8,0,-4,0,0,0,0,0,0,0,0,0,1 # compose_2x12 r=0
1,0,0,0,0,0,0,0,0,0,16,16,4,0,0,32,48,24,4,0,16,32,24,8,1 # compose_4x6 r=0
11,0,0,0,10,0,0,0,4,0,0,0,-5,0,0,0,-4,0,0,0,0,0,0,0,1 # compose_2x12 r=0
65,0,0,0,0,0,0,-49,49,0,0,0,0,0,12,-24,12,0,0,0,0,-1,3,-3,1 # compose_3x8 r=0
89,0,0,0,0,220,110,0,0,0,216,216,54,0,0,96,144,72,12,0,16,32,24,8,1 # compose_4x6 r=0
15638,0,0,-18752,-18752,0,9375,18750,9375,-2500,-7500,-7500,-2125,1500,2250,1470,225,-300,-299,-144,-15,20,15,6,1 # compose_6x4 r=0
2,0,24,0,72,0,92,0,-3,0,-156,0,-78,0,168,0,15,0,-100,0,54,0,-12,0,1 # compose_6x4 r=4
4162,0,0,12384,6192,0,15408,15408,3852,10248,15372,7686,5121,7680,5760,2688,2160,1920,1024,432,264,160,60,12,1 # compose_6x4 r=0
15752,0,0,-18825,18825,0,9390,-18780,9390,-2501,7503,-7503,2876,-1500,2250,-1530,525,-300,301,-156,45,-20,15,-6,1 # compose_6x4 r=0
263,0,0,0,516,0,-258,0,384,0,-384,0,224,0,-192,0,112,0,-48,0,24,0,-8,0,1 # compose_4x6 r=4
271,0,0,0,-264,0,-264,0,97,0,194,0,81,0,-48,0,-47,0,-12,0,6,0,4,0,1 # compose_4x6 r=4
26,0,0,0,0,0,-52,0,26,0,0,0,36,0,-36,0,9,0,-8,0,12,0,-6,0,1 # compose_3x8 r=0
5,0,-4,0,1,0,0,0,0,0,0,0,-4,0,2,0,0,0,0,0,0,0,0,0,1 # compose_2x12 r=0
15249,0,-18525,0,27855,0,-21157,0,17196,0,-9021,0,4898,0,-1806,0,690,0,-170,0,45,0,-6,0,1 # compose_6x4 r=0
41,0,0,0,0,0,0,0,0,0,0,-26,-13,0,0,0,0,0,0,0,0,0,4,4,1 # compose_2x12 r=4
3,0,-9,0,24,0,-50,0,90,0,-126,0,141,0,-126,0,90,0,-50,0,21,0,-6,0,1 # compose_6x4 r=0
631,501,150,20,1,0,-501,-300,-60,-4,0,0,150,60,6,0,0,0,-20,-4,0,0,0,0,1 # compose_4x6 r=0
627,0,0,0,0,1002,-501,0,0,0,600,-600,150,0,0,160,-240,120,-20,0,16,-32,24,-8,1 # compose_4x6 r=4
53,0,0,-28,0,0,4,0,0,0,0,0,-14,0,0,4,0,0,0,0,0,0,0,0,1 # compose_2x12 r=0
43,0,0,0,0,0,0,0,0,15,0,0,15,0,0,0,0,0,1,0,0,2,0,0,1 # compose_2x12 r=0
43,0,-30,0,4,0,0,0,0,0,0,0,15,0,-4,0,0,0,0,0,0,0,0,0,1 # compose_2x12 r=0
27,0,0,0,0,0,0,0,0,0,0,0,11,0,0,0,0,0,0,0,0,0,0,0,1 # compose_2x12 r=0
1298,0,0,0,-864,0,-864,0,216,0,432,0,192,0,-72,0,-71,0,-20,0,6,0,4,0,1 # compose_4x6 r=0
3,0,0,0,0,10,-10,0,0,0,9,-18,9,0,0,4,-12,12,-4,0,1,-4,6,-4,1 # compose_4x6 r=4
32,0,0,0,0,0,0,0,0,0,0,0,-13,0,0,0,0,0,0,0,0,0,0,0,1 # compose_2x12 r=4
46441,0,0,-93096,-46548,0,77688,77688,19422,-34552,-51828,-25914,4321,17280,12960,3168,-2340,-2880,-1376,-168,204,160,60,12,1 # compose_6x4 r=0
21,0,0,0,0,0,0,0,0,-9,0,0,9,0,0,0,0,0,1,0,0,-2,0,0,1 # compose_2x12 r=0
1222,0,0,-1680,0,0,16,0,0,664,0,0,-58,0,0,-112,0,0,0,0,0,8,0,0,1 # compose_4x6 r=4
15,0,0,0,0,0,0,0,9,0,0,0,9,0,0,0,1,0,0,0,2,0,0,0,1 # compose_2x12 r=0
29,0,28,0,9,0,1,0,28,0,18,0,3,0,0,0,9,0,3,0,0,0,0,0,1 # compose_3x8 r=0
1305,0,0,0,0,0,-865,0,0,0,0,0,216,0,0,0,0,0,-24,0,0,0,0,0,1 # compose_4x6 r=0
35,0,0,0,0,0,0,0,0,0,-10,0,10,0,0,0,0,0,0,0,1,0,-2,0,1 # compose_2x12 r=0
628,-1000,600,-160,16,0,-500,600,-240,32,0,0,150,-120,24,0,0,0,-20,8,0,0,0,0,1 # compose_4x6 r=0
617,0,996,0,600,0,-338,0,-584,0,-240,0,118,0,120,0,24,0,-20,0,-8,0,0,0,1 # compose_4x6 r=0
4,0,0,0,0,-6,0,0,0,0,4,0,-3,0,0,0,0,4,0,0,0,0,0,0,1 # compose_2x12 r=0
613,0,0,0,497,0,-497,0,150,0,-300,0,170,0,-60,0,61,0,-24,0,6,0,-4,0,1 # compose_4x6 r=0
11,0,0,0,0,0,0,0,0,0,-2,0,-2,0,0,0,0,0,0,0,1,0,2,0,1 # compose_2x12 r=0
4226,0,0,12480,6240,0,15456,15456,3864,10256,15384,7692,5122,7680,5760,2688,2160,1920,1024,432,264,160,60,12,1 # compose_6x4 r=0
26,0,0,0,0,0,0,0,0,0,0,20,-10,0,0,0,0,0,0,0,0,0,4,-4,1 # compose_2x12 r=0
15637,0,0,0,-18752,0,0,0,9375,0,0,0,-2500,0,0,0,375,0,0,0,-30,0,0,0,1 # compose_6x4 r=0
2,0,0,0,0,0,0,0,0,-14,0,0,-7,0,0,0,0,0,4,0,0,4,0,0,1 # compose_2x12 r=4
27,0,0,0,0,0,0,0,0,-16,0,0,8,0,0,0,0,0,4,0,0,-4,0,0,1 # compose_2x12 r=0
15998,0,0,-18975,-18975,0,9420,18840,9420,-2503,-7509,-7509,-2128,1500,2250,1470,225,-300,-299,-144,-15,20,15,6,1 # compose_6x4 r=4
24,0,24,0,4,0,0,0,0,0,0,0,12,0,4,0,0,0,0,0,0,0,0,0,1 # compose_2x12 r=0
626,0,0,0,0,-500,500,0,0,0,150,-300,150,0,0,-20,60,-60,20,0,1,-4,6,-4,1 # compose_4x6 r=0
25,0,0,0,0,0,44,0,0,0,0,0,27,0,0,0,0,0,8,0,0,0,0,0,1 # compose_4x6 r=0
1,0,0,0,-15,0,0,0,24,0,0,0,-23,0,0,0,15,0,0,0,-6,0,0,0,1 # compose_6x4 r=4
47,0,0,0,0,0,0,0,0,0,0,12,-12,0,0,0,0,0,0,0,0,0,1,-2,1 # compose_2x12 r=0
673,0,2808,0,6192,0,9092,0,9813,0,8124,0,5282,0,2712,0,1095,0,340,0,78,0,12,0,1 # compose_6x4 r=0
4,0,0,0,0,0,0,0,0,2,0,0,-2,0,0,0,0,0,1,0,0,-2,0,0,1 # compose_2x12 r=0
46661,93314,77760,34560,-38017,-76608,-51776,-17280,16560,25728,12960,2880,-4080,-4320,-1440,-160,540,360,60,0,-36,-12,0,0,1 # compose_6x4 r=4
237,0,0,-111,0,0,18,0,111,-1,0,-36,0,0,3,0,18,0,0,-3,0,0,0,0,1 # compose_3x8 r=0
34,0,0,0,20,0,0,0,4,0,0,0,-10,0,0,0,-4,0,0,0,0,0,0,0,1 # compose_2x12 r=0
79,0,0,0,0,-108,108,0,0,0,54,-108,54,0,0,-12,36,-36,12,0,1,-4,6,-4,1 # compose_4x6 r=0
15,0,0,-28,0,0,51,0,0,-54,0,0,48,0,0,-28,0,0,14,0,0,-4,0,0,1 # compose_4x6 r=0
4,5,6,4,1,0,5,12,12,4,0,0,6,12,6,0,0,0,4,4,0,0,0,0,1 # compose_4x6 r=0
10,0,0,0,18,0,0,0,4,0,0,0,-9,0,0,0,-4,0,0,0,0,0,0,0,1 # compose_2x12 r=4
1310,0,0,-1732,0,0,-2,0,0,672,0,0,-56,0,0,-112,0,0,0,0,0,8,0,0,1 # compose_4x6 r=0
15,0,0,0,0,0,0,0,0,0,0,9,9,0,0,0,0,0,0,0,0,0,1,2,1 # compose_2x12 r=0
3,0,0,0,-4,0,0,0,4,0,0,0,-2,0,0,0,4,0,0,0,0,0,0,0,1 # compose_2x12 r=0
11,0,0,0,0,0,18,0,0,0,0,0,13,0,0,0,0,0,4,0,0,0,0,0,1 # compose_2x12 r=0
1555,-1970,940,-200,16,0,-985,940,-300,32,0,0,235,-150,24,0,0,0,-25,8,0,0,0,0,1 # compose_4x6 r=0
46653,0,0,0,-46656,0,0,0,19440,0,0,0,-4320,0,0,0,540,0,0,0,-36,0,0,0,1 # compose_6x4 r=4
15639,-37506,37500,-20000,24753,-38460,30064,-12000,11775,-15192,9000,-2400,2740,-3000,1200,-160,375,-300,60,0,30,-12,0,0,1 # compose_6x4 r=0
61,0,0,189,189,0,240,480,240,160,480,480,220,240,360,252,120,120,121,66,27,20,15,6,1 # compose_6x4 r=0
18,0,0,0,0,0,0,-6,0,0,0,0,-6,0,1,0,0,0,0,2,0,0,0,0,1 # compose_2x12 r=0
1,0,0,0,0,-2,-1,0,0,0,24,24,6,0,0,-32,-48,-24,-4,0,16,32,24,8,1 # compose_4x6 r=0
20,0,6,0,1,0,0,0,0,0,0,0,6,0,2,0,0,0,0,0,0,0,0,0,1 # compose_2x12 r=0
29,0,0,0,-9,0,0,0,1,0,0,0,9,0,0,0,-2,0,0,0,0,0,0,0,1 # compose_2x12 r=0
4102,0,0,6146,6146,0,3840,7680,3840,1280,3840,3840,1520,960,1440,984,360,240,241,126,39,20,15,6,1 # compose_6x4 r=0
29,22,4,0,0,0,0,0,0,0,0,0,-11,-4,0,0,0,0,0,0,0,0,0,0,1 # compose_2x12 r=4
22,0,0,0,-10,0,0,0,1,0,0,0,-10,0,0,0,2,0,0,0,0,0,0,0,1 # compose_2x12 r=4
15629,37502,37500,20000,-12751,-36540,-29936,-12000,6975,14808,9000,2400,-2260,-3000,-1200,-160,375,300,60,0,-30,-12,0,0,1 # compose_6x4 r=4
717,0,0,0,-1455,0,0,0,1215,0,0,0,-540,0,0,0,135,0,0,0,-18,0,0,0,1 # compose_6x4 r=4
226,0,0,-240,0,0,-146,0,0,172,0,0,47,0,0,-44,0,0,-10,0,0,4,0,0,1 # compose_4x6 r=0
46223,-46440,19404,-4318,46980,-38844,12955,-2160,19584,-12960,3240,-360,4333,-2160,360,-20,540,-180,15,0,36,-6,0,0,1 # compose_6x4 r=0
4103,0,0,12292,-6146,0,15360,-15360,3840,10240,-15360,7680,2560,-7680,5760,-1152,-1680,1920,-896,48,216,-160,60,-12,1 # compose_6x4 r=4
4031,6096,3828,1279,-5856,-7632,-3836,-960,3708,3831,1440,240,-1264,-960,-240,-20,240,120,15,0,-24,-6,0,0,1 # compose_6x4 r=4
10,0,0,0,6,0,0,0,4,0,0,0,3,0,0,0,4,0,0,0,0,0,0,0,1 # compose_2x12 r=0
46653,-46655,19440,-4320,47195,-38916,12961,-2160,19620,-12966,3240,-360,4335,-2160,360,-20,540,-180,15,0,36,-6,0,0,1 # compose_6x4 r=0
254,-510,384,-128,16,0,255,-384,192,-32,0,0,96,-96,24,0,0,0,16,-8,0,0,0,0,1 # compose_4x6 r=0
10,0,0,0,0,0,8,0,0,0,0,0,-7,0,0,0,0,0,-2,0,0,0,0,0,1 # compose_2x12 r=4
3,0,0,0,0,0,0,-2,2,0,0,0,0,0,3,-6,3,0,0,0,0,-1,3,-3,1 # compose_3x8 r=0
4093,0,6143,0,9983,0,8960,0,7920,0,4824,0,2841,0,1206,0,495,0,140,0,39,0,6,0,1 # compose_6x4 r=0
23,0,0,0,0,0,18,0,0,0,0,0,13,0,0,0,0,0,4,0,0,0,0,0,1 # compose_2x12 r=0
813,0,0,-1539,1539,0,1242,-2484,1242,-543,1629,-1629,678,-540,810,-558,225,-180,181,-96,33,-20,15,-6,1 # compose_6x4 r=0
15,0,0,0,0,-60,30,0,0,0,96,-96,24,0,0,-64,96,-48,8,0,16,-32,24,-8,1 # compose_4x6 r=0
14,0,0,0,0,0,0,-14,0,0,0,0,7,0,4,0,0,0,0,-4,0,0,0,0,1 # compose_2x12 r=0
19,0,0,0,0,0,0,0,0,0,-22,0,11,0,0,0,0,0,0,0,4,0,-4,0,1 # compose_2x12 r=4
46,0,0,0,13,0,0,0,1,0,0,0,-13,0,0,0,-2,0,0,0,0,0,0,0,1 # compose_2x12 r=0
15632,0,0,0,18751,0,0,0,9375,0,0,0,2500,0,0,0,375,0,0,0,30,0,0,0,1 # compose_6x4 r=0
4102,0,0,0,6146,0,0,0,3840,0,0,0,1280,0,0,0,240,0,0,0,24,0,0,0,1 # compose_6x4 r=0
15501,37350,37440,19992,24675,38400,30052,12000,11760,15186,9000,2400,2739,3000,1200,160,375,300,60,0,30,12,0,0,1 # compose_6x4 r=0
5,0,8,0,1,0,0,0,0,0,0,0,8,0,2,0,0,0,0,0,0,0,0,0,1 # compose_2x12 r=0
637,0,0,503,0,0,653,0,0,320,0,0,211,0,0,64,0,0,26,0,0,4,0,0,1 # compose_4x6 r=0
62,0,190,0,430,0,640,0,780,0,732,0,581,0,366,0,195,0,80,0,27,0,6,0,1 # compose_6x4 r=0
47,0,0,0,-26,0,0,0,4,0,0,0,13,0,0,0,-4,0,0,0,0,0,0,0,1 # compose_2x12 r=0
11,0,0,7,0,0,1,0,0,0,0,0,7,0,0,2,0,0,0,0,0,0,0,0,1 # compose_2x12 r=0
142,156,60,8,0,0,0,0,78,60,12,0,0,0,0,0,15,6,0,0,0,0,0,0,1 # compose_3x8 r=0
47,0,0,0,0,0,0,28,0,0,0,0,14,0,4,0,0,0,0,4,0,0,0,0,1 # compose_2x12 r=0
22,0,0,0,0,0,0,0,0,0,8,0,8,0,0,0,0,0,0,0,1,0,2,0,1 # compose_2x12 r=0
247,0,0,0,0,254,-254,0,0,0,96,-192,96,0,0,16,-48,48,-16,0,1,-4,6,-4,1 # compose_4x6 r=4
703,0,0,0,-1060,0,530,0,612,0,-612,0,-7,0,240,0,-104,0,-12,0,24,0,-8,0,1 # compose_4x6 r=0
626,0,0,-1000,0,0,1100,0,0,-760,0,0,406,0,0,-152,0,0,44,0,0,-8,0,0,1 # compose_4x6 r=0
11,0,0,0,0,0,0,0,0,0,6,0,6,0,0,0,0,0,0,0,1,0,2,0,1 # compose_2x12 r=0
9,0,0,0,0,0,0,0,0,0,0,-18,9,0,0,0,0,0,0,0,0,0,4,-4,1 # compose_2x12 r=4
673,0,0,0,0,1040,-520,0,0,0,608,-608,152,0,0,160,-240,120,-20,0,16,-32,24,-8,1 # compose_4x6 r=4
2,0,8,0,23,0,50,0,90,0,126,0,141,0,126,0,90,0,50,0,21,0,6,0,1 # compose_6x4 r=0
227,240,94,16,1,0,-240,-188,-48,-4,0,0,94,48,6,0,0,0,-16,-4,0,0,0,0,1 # compose_4x6 r=0
5,0,0,0,0,0,0,0,0,1,0,0,1,0,0,0,0,0,1,0,0,2,0,0,1 # compose_2x12 r=0
86,0,220,0,216,0,206,0,232,0,144,0,86,0,72,0,24,0,12,0,8,0,0,0,1 # compose_4x6 r=0
67,0,0,384,192,0,960,960,240,1280,1920,960,1120,1920,1440,864,1020,960,544,312,252,160,60,12,1 # compose_6x4 r=0
73,0,0,0,0,-102,0,0,51,0,48,0,0,-48,0,-8,12,0,12,0,0,-6,0,0,1 # compose_3x8 r=0
1293,864,216,24,1,0,864,432,72,4,0,0,216,72,6,0,0,0,24,4,0,0,0,0,1 # compose_4x6 r=0
4035,-6096,3828,-1279,6336,-7680,3838,-960,3948,-3843,1440,-240,1294,-960,240,-20,240,-120,15,0,24,-6,0,0,1 # compose_6x4 r=0
50,0,0,-336,168,0,912,-912,228,-1264,1896,-948,1118,-1920,1440,-864,1020,-960,544,-312,252,-160,60,-12,1 # compose_6x4 r=0
52,0,0,0,0,0,26,0,0,0,0,0,17,0,0,0,0,0,4,0,0,0,0,0,1 # compose_2x12 r=0
628,0,0,0,0,1000,-500,0,0,0,600,-600,150,0,0,160,-240,120,-20,0,16,-32,24,-8,1 # compose_4x6 r=0
253,0,0,0,0,256,256,0,0,0,96,192,96,0,0,16,48,48,16,0,1,4,6,4,1 # compose_4x6 r=0
50,26,4,0,0,0,0,0,0,0,0,0,-13,-4,0,0,0,0,0,0,0,0,0,0,1 # compose_2x12 r=0
3,0,-6,0,4,0,0,0,0,0,0,0,-3,0,4,0,0,0,0,0,0,0,0,0,1 # compose_2x12 r=0
211,0,0,-232,0,0,-139,0,0,170,0,0,46,0,0,-44,0,0,-10,0,0,4,0,0,1 # compose_4x6 r=0
78,0,0,0,-108,0,108,0,54,0,-108,0,42,0,36,0,-35,0,8,0,6,0,-4,0,1 # compose_4x6 r=0
14,0,0,0,0,0,0,0,-20,0,0,0,-10,0,0,0,4,0,0,0,4,0,0,0,1 # compose_2x12 r=4
18,0,0,0,0,10,0,0,0,0,1,0,-10,0,0,0,0,-2,0,0,0,0,0,0,1 # compose_2x12 r=4
20,0,0,0,0,0,0,0,0,0,0,0,11,0,0,0,0,0,0,0,0,0,0,0,1 # compose_2x12 r=0
9,0,0,0,0,26,0,0,13,0,24,0,0,24,0,8,6,0,12,0,0,6,0,0,1 # compose_3x8 r=0
1093,0,0,0,2005,0,0,0,1549,0,0,0,643,0,0,0,151,0,0,0,19,0,0,0,1 # compose_6x4 r=0
3966,0,12096,0,21312,0,25488,0,22992,0,16116,0,9022,0,4032,0,1440,0,400,0,84,0,12,0,1 # compose_6x4 r=0
11,0,0,0,-6,0,0,0,1,0,0,0,-6,0,0,0,2,0,0,0,0,0,0,0,1 # compose_2x12 r=0
46636,0,0,0,46653,0,0,0,19440,0,0,0,4320,0,0,0,540,0,0,0,36,0,0,0,1 # compose_6x4 r=0
602,0,0,0,-980,0,-490,0,596,0,596,0,-11,0,-240,0,-104,0,12,0,24,0,8,0,1 # compose_4x6 r=0
31,0,0,0,0,0,-49,0,0,0,0,0,31,0,0,0,0,0,-9,0,0,0,0,0,1 # compose_4x6 r=0
1294,0,0,0,-864,0,-864,0,216,0,432,0,192,0,-72,0,-71,0,-20,0,6,0,4,0,1 # compose_4x6 r=4
613,0,994,0,600,0,-337,0,-584,0,-240,0,118,0,120,0,24,0,-20,0,-8,0,0,0,1 # compose_4x6 r=0
10,0,0,0,0,0,0,0,-16,0,0,0,-8,0,0,0,4,0,0,0,4,0,0,0,1 # compose_2x12 r=4
47091,-93744,77904,-34576,55512,-79056,51928,-17280,22356,-26124,12960,-2880,4562,-4320,1440,-160,540,-360,60,0,36,-12,0,0,1 # compose_6x4 r=0
47,0,0,0,0,0,0,0,0,0,0,26,-13,0,0,0,0,0,0,0,0,0,4,-4,1 # compose_2x12 r=0
3,0,0,0,0,6,0,0,0,0,1,0,6,0,0,0,0,2,0,0,0,0,0,0,1 # compose_2x12 r=0
3277,0,0,0,5079,0,0,0,3285,0,0,0,1135,0,0,0,221,0,0,0,23,0,0,0,1 # compose_6x4 r=0
10,0,0,0,0,0,0,0,0,0,0,-12,6,0,0,0,0,0,0,0,0,0,4,-4,1 # compose_2x12 r=0
21,0,0,0,0,-9,0,0,0,0,1,0,9,0,0,0,0,-2,0,0,0,0,0,0,1 # compose_2x12 r=0
33,0,0,0,0,0,0,0,0,0,12,0,12,0,0,0,0,0,0,0,1,0,2,0,1 # compose_2x12 r=0
38,0,0,0,0,0,0,0,0,0,0,0,13,0,0,0,0,0,0,0,0,0,0,0,1 # compose_2x12 r=0
25,0,0,0,0,0,-35,0,0,0,0,0,24,0,0,0,0,0,-8,0,0,0,0,0,1 # compose_4x6 r=0
11,0,0,0,0,0,0,0,0,0,18,0,9,0,0,0,0,0,0,0,4,0,4,0,1 # compose_2x12 r=0
262,0,0,0,0,0,-258,0,0,0,0,0,96,0,0,0,0,0,-16,0,0,0,0,0,1 # compose_4x6 r=4
133,0,0,0,0,0,0,0,77,0,0,0,0,0,0,0,15,0,0,0,0,0,0,0,1 # compose_3x8 r=0
31,0,0,-24,0,0,4,0,0,0,0,0,12,0,0,-4,0,0,0,0,0,0,0,0,1 # compose_2x12 r=0
5,0,0,0,0,0,0,0,-6,0,0,0,-3,0,0,0,4,0,0,0,4,0,0,0,1 # compose_2x12 r=0
15634,0,0,-37504,18752,0,37500,-37500,9375,-20000,30000,-15000,8500,-12000,9000,-3960,2775,-2400,1264,-492,270,-160,60,-12,1 # compose_6x4 r=0
45,0,13,0,1,0,0,0,0,0,0,0,13,0,2,0,0,0,0,0,0,0,0,0,1 # compose_2x12 r=0
4103,0,0,0,-6146,0,0,0,3840,0,0,0,-1280,0,0,0,240,0,0,0,-24,0,0,0,1 # compose_6x4 r=4
11,0,0,0,0,0,-24,0,0,0,0,0,22,0,0,0,0,0,-8,0,0,0,0,0,1 # compose_4x6 r=0
1294,0,0,0,-864,0,864,0,216,0,-432,0,192,0,72,0,-71,0,20,0,6,0,-4,0,1 # compose_4x6 r=0
236,0,0,0,0,0,0,111,111,0,0,0,0,0,18,36,18,0,0,0,0,1,3,3,1 # compose_3x8 r=0
5,0,0,0,0,0,0,-2,0,0,0,0,-2,0,1,0,0,0,0,2,0,0,0,0,1 # compose_2x12 r=0
701,0,0,-2862,1431,0,4824,-4824,1206,-4312,6468,-3234,2699,-4320,3240,-1656,1575,-1440,784,-372,258,-160,60,-12,1 # compose_6x4 r=0
1279,1722,864,192,16,0,861,864,288,32,0,0,216,144,24,0,0,0,24,8,0,0,0,0,1 # compose_4x6 r=0
10,0,0,0,0,0,0,0,0,0,6,0,-6,0,0,0,0,0,0,0,1,0,-2,0,1 # compose_2x12 r=0
20,0,0,0,0,0,11,0,0,0,0,0,12,0,0,0,0,0,2,0,0,0,0,0,1 # compose_2x12 r=0
4094,0,0,-6144,-6144,0,3840,7680,3840,-1280,-3840,-3840,-1040,960,1440,936,120,-240,-239,-114,-9,20,15,6,1 # compose_6x4 r=4
46671,93318,77760,34560,55299,78912,51904,17280,22320,26112,12960,2880,4560,4320,1440,160,540,360,60,0,36,12,0,0,1 # compose_6x4 r=0
119,0,0,0,148,0,0,0,134,0,0,0,68,0,0,0,27,0,0,0,6,0,0,0,1 # compose_3x8 r=0
15878,37800,37620,20016,24900,38580,30088,12000,11805,15204,9000,2400,2742,3000,1200,160,375,300,60,0,30,12,0,0,1 # compose_6x4 r=0
73,0,0,0,0,204,-102,0,0,0,212,-212,53,0,0,96,-144,72,-12,0,16,-32,24,-8,1 # compose_4x6 r=0
32,0,0,29,0,0,9,0,29,1,0,18,0,0,3,0,9,0,0,3,0,0,0,0,1 # compose_3x8 r=0
4161,0,0,12384,6192,0,15408,15408,3852,10248,15372,7686,5121,7680,5760,2688,2160,1920,1024,432,264,160,60,12,1 # compose_6x4 r=0
15609,0,0,0,18747,0,0,0,9375,0,0,0,2500,0,0,0,375,0,0,0,30,0,0,0,1 # compose_6x4 r=0
1366,0,0,-1776,0,0,1760,0,0,-1064,0,0,522,0,0,-176,0,0,48,0,0,-8,0,0,1 # compose_4x6 r=0
30,0,0,-24,0,0,4,0,0,0,0,0,-12,0,0,4,0,0,0,0,0,0,0,0,1 # compose_2x12 r=4
4091,0,0,12286,-6143,0,15360,-15360,3840,10240,-15360,7680,2560,-7680,5760,-1152,-1680,1920,-896,48,216,-160,60,-12,1 # compose_6x4 r=4
13,0,0,0,0,0,0,0,0,-18,0,0,9,0,0,0,0,0,4,0,0,-4,0,0,1 # compose_2x12 r=0
7,0,0,0,0,0,4,0,0,0,0,0,2,0,0,0,0,0,-4,0,0,0,0,0,1 # compose_2x12 r=0
4106,0,0,0,-6146,0,0,0,3840,0,0,0,-1280,0,0,0,240,0,0,0,-24,0,0,0,1 # compose_6x4 r=0
11,0,0,0,0,0,0,0,0,0,-14,0,7,0,0,0,0,0,0,0,4,0,-4,0,1 # compose_2x12 r=4
291,0,0,0,0,0,-272,0,0,0,0,0,98,0,0,0,0,0,-16,0,0,0,0,0,1 # compose_4x6 r=0
122,-150,60,-8,0,0,0,0,75,-60,12,0,0,0,0,0,15,-6,0,0,0,0,0,0,1 # compose_3x8 r=0
1371,-888,218,-24,1,0,-888,436,-72,4,0,0,218,-72,6,0,0,0,-24,4,0,0,0,0,1 # compose_4x6 r=0
208,0,0,0,-107,0,0,0,125,0,0,0,-37,0,0,0,21,0,0,0,-3,0,0,0,1 # compose_3x8 r=0
48,0,0,0,0,0,0,0,0,0,0,0,-15,0,0,0,0,0,0,0,0,0,0,0,1 # compose_2x12 r=4
61,48,12,1,0,0,0,0,48,24,3,0,0,0,0,0,12,3,0,0,0,0,0,0,1 # compose_3x8 r=0
726,0,-1458,0,2673,0,-2970,0,2970,0,-2178,0,1441,0,-726,0,330,0,-110,0,33,0,-6,0,1 # compose_6x4 r=0
4286,0,-6288,0,-2412,0,6469,0,267,0,-2913,0,38,0,726,0,15,0,-100,0,-9,0,6,0,1 # compose_6x4 r=4
5,0,0,0,7,0,0,0,1,0,0,0,-7,0,0,0,-2,0,0,0,0,0,0,0,1 # compose_2x12 r=4
6,0,0,0,0,-6,6,0,0,0,6,-12,6,0,0,-4,12,-12,4,0,1,-4,6,-4,1 # compose_4x6 r=0
47,0,0,0,-13,0,0,0,1,0,0,0,-13,0,0,0,2,0,0,0,0,0,0,0,1 # compose_2x12 r=0
1262,0,0,0,0,1704,-852,0,0,0,860,-860,215,0,0,192,-288,144,-24,0,16,-32,24,-8,1 # compose_4x6 r=0
23,0,0,0,20,0,0,0,4,0,0,0,10,0,0,0,4,0,0,0,0,0,0,0,1 # compose_2x12 r=0
257,0,0,256,0,0,-160,0,0,-176,0,0,49,0,0,44,0,0,-10,0,0,-4,0,0,1 # compose_4x6 r=0
13,0,0,0,0,0,0,0,-14,0,0,0,7,0,0,0,4,0,0,0,-4,0,0,0,1 # compose_2x12 r=0
651,0,2754,0,3375,0,-456,0,-3096,0,-522,0,1327,0,168,0,-345,0,20,0,42,0,-12,0,1 # compose_6x4 r=0
1371,0,0,0,0,-888,-888,0,0,0,218,436,218,0,0,-24,-72,-72,-24,0,1,4,6,4,1 # compose_4x6 r=0
18,0,0,0,0,0,0,16,0,0,0,0,8,0,4,0,0,0,0,4,0,0,0,0,1 # compose_2x12 r=0
21,0,0,18,0,0,4,0,0,0,0,0,9,0,0,4,0,0,0,0,0,0,0,0,1 # compose_2x12 r=0
8,0,0,0,0,0,0,5,0,0,0,0,-5,0,1,0,0,0,0,-2,0,0,0,0,1 # compose_2x12 r=0
547,0,0,0,0,0,470,0,0,0,0,0,147,0,0,0,0,0,20,0,0,0,0,0,1 # compose_4x6 r=0
2,0,0,0,-12,0,6,0,24,0,-24,0,-26,0,48,0,-8,0,-28,0,24,0,-8,0,1 # compose_4x6 r=4
107,-144,60,-8,0,0,0,0,72,-60,12,0,0,0,0,0,15,-6,0,0,0,0,0,0,1 # compose_3x8 r=0
46437,46548,19422,4319,47088,38880,12958,2160,19602,12963,3240,360,4334,2160,360,20,540,180,15,0,36,6,0,0,1 # compose_6x4 r=0
14,0,0,0,0,0,0,0,-4,0,0,0,4,0,0,0,1,0,0,0,-2,0,0,0,1 # compose_2x12 r=0
5,0,10,0,9,0,14,0,19,0,12,0,13,0,12,0,6,0,4,0,4,0,0,0,1 # compose_4x6 r=0
32,0,0,0,0,0,0,0,0,0,0,0,13,0,0,0,0,0,0,0,0,0,0,0,1 # compose_2x12 r=0
6,0,0,0,0,4,0,0,0,0,1,0,4,0,0,0,0,2,0,0,0,0,0,0,1 # compose_2x12 r=0
18,0,0,0,0,0,25,0,25,0,0,0,9,0,18,0,9,0,1,0,3,0,3,0,1 # compose_3x8 r=0
17,0,0,0,64,0,32,0,96,0,96,0,88,0,96,0,64,0,40,0,24,0,8,0,1 # compose_4x6 r=0
129,0,0,0,152,0,0,0,136,0,0,0,68,0,0,0,27,0,0,0,6,0,0,0,1 # compose_3x8 r=0
242,0,0,-496,0,0,132,0,0,252,0,0,-81,0,0,-64,0,0,8,0,0,8,0,0,1 # compose_4x6 r=0
207,0,0,0,0,0,-232,0,0,0,0,0,93,0,0,0,0,0,-16,0,0,0,0,0,1 # compose_4x6 r=4
214,0,0,0,0,108,0,0,108,0,18,0,0,36,0,1,18,0,3,0,0,3,0,0,1 # compose_3x8 r=0
15501,37350,37440,19992,-12675,-36480,-29924,-12000,6960,14802,9000,2400,-2259,-3000,-1200,-160,375,300,60,0,-30,-12,0,0,1 # compose_6x4 r=0
1,0,0,0,0,0,-4,0,4,0,0,0,3,0,-6,0,3,0,-1,0,3,0,-3,0,1 # compose_3x8 r=0
1287,0,862,0,216,0,-838,0,-431,0,-72,0,212,0,72,0,6,0,-24,0,-4,0,0,0,1 # compose_4x6 r=0
34,0,0,0,0,0,-60,0,30,0,0,0,36,0,-36,0,9,0,-8,0,12,0,-6,0,1 # compose_3x8 r=0
10,0,0,0,0,24,0,0,12,0,24,0,0,24,0,8,6,0,12,0,0,6,0,0,1 # compose_3x8 r=0
271,0,528,0,388,0,-136,0,-372,0,-192,0,65,0,96,0,24,0,-16,0,-8,0,0,0,1 # compose_4x6 r=4
33,0,0,0,0,0,0,-30,30,0,0,0,0,0,9,-18,9,0,0,0,0,-1,3,-3,1 # compose_3x8 r=0
17,0,0,0,0,0,0,0,0,-5,0,0,5,0,0,0,0,0,1,0,0,-2,0,0,1 # compose_2x12 r=0
6,0,0,12,12,0,21,42,21,22,66,66,37,60,90,66,45,60,61,36,21,20,15,6,1 # compose_6x4 r=0
123,0,0,0,0,0,-74,0,74,0,0,0,15,0,-30,0,15,0,-1,0,3,0,-3,0,1 # compose_3x8 r=0
71,194,240,160,-134,-468,-479,-240,180,474,360,120,-145,-240,-120,-20,60,60,15,0,-12,-6,0,0,1 # compose_6x4 r=0
52,0,0,0,0,0,0,0,0,0,0,0,-15,0,0,0,0,0,0,0,0,0,0,0,1 # compose_2x12 r=4
22,0,0,0,0,0,18,0,0,0,0,0,13,0,0,0,0,0,4,0,0,0,0,0,1 # compose_2x12 r=0
46672,0,0,46659,46659,0,19440,38880,19440,4320,12960,12960,4860,2160,3240,2196,720,360,361,186,51,20,15,6,1 # compose_6x4 r=0
29,0,0,0,0,0,0,0,0,0,0,-10,10,0,0,0,0,0,0,0,0,0,1,-2,1 # compose_2x12 r=0
622,0,0,0,0,998,499,0,0,0,600,600,150,0,0,160,240,120,20,0,16,32,24,8,1 # compose_4x6 r=0
46643,46654,19440,4320,-46114,-38844,-12959,-2160,19260,12954,3240,360,-4305,-2160,-360,-20,540,180,15,0,-36,-6,0,0,1 # compose_6x4 r=4
38,0,0,0,0,0,0,12,0,0,0,0,12,0,1,0,0,0,0,2,0,0,0,0,1 # compose_2x12 r=0
73,0,0,408,204,0,984,984,246,1288,1932,966,1121,1920,1440,864,1020,960,544,312,252,160,60,12,1 # compose_6x4 r=0
1261,0,0,0,852,0,-852,0,215,0,-430,0,239,0,-72,0,73,0,-28,0,6,0,-4,0,1 # compose_4x6 r=0
9,0,0,0,0,0,0,0,0,0,-16,0,-8,0,0,0,0,0,0,0,4,0,4,0,1 # compose_2x12 r=4
25,0,0,0,0,-26,0,0,26,0,9,0,0,-18,0,-1,9,0,3,0,0,-3,0,0,1 # compose_3x8 r=0
626,0,0,0,0,-1000,500,0,0,0,600,-600,150,0,0,-160,240,-120,20,0,16,-32,24,-8,1 # compose_4x6 r=0
235,0,0,0,0,0,0,0,111,0,0,0,0,0,0,0,18,0,0,0,0,0,0,0,1 # compose_3x8 r=0
98,0,0,0,0,0,-120,0,0,0,0,0,56,0,0,0,0,0,-12,0,0,0,0,0,1 # compose_4x6 r=4
5,0,0,0,0,0,0,0,0,7,0,0,-7,0,0,0,0,0,1,0,0,-2,0,0,1 # compose_2x12 r=4
1298,0,0,1728,0,0,0,0,0,-672,0,0,-56,0,0,112,0,0,0,0,0,-8,0,0,1 # compose_4x6 r=0
91,0,0,456,228,0,1032,1032,258,1304,1956,978,1123,1920,1440,864,1020,960,544,312,252,160,60,12,1 # compose_6x4 r=0
1,-3,9,-13,8,13,-38,44,-16,-33,66,-50,2,44,-50,20,11,-25,15,0,-5,6,0,0,1 # compose_6x4 r=0
78,0,0,0,-216,0,-108,0,216,0,216,0,-42,0,-144,0,-56,0,20,0,24,0,8,0,1 # compose_4x6 r=4
10,0,0,0,0,0,0,0,0,0,0,6,6,0,0,0,0,0,0,0,0,0,1,2,1 # compose_2x12 r=0
47,26,4,0,0,0,0,0,0,0,0,0,-13,-4,0,0,0,0,0,0,0,0,0,0,1 # compose_2x12 r=0
1403,0,0,-900,0,0,-681,0,0,414,0,0,148,0,0,-68,0,0,-18,0,0,4,0,0,1 # compose_4x6 r=4
17,0,0,0,-64,0,32,0,96,0,-96,0,-40,0,96,0,-32,0,-24,0,24,0,-8,0,1 # compose_4x6 r=0
251,0,0,0,0,0,254,0,0,0,0,0,96,0,0,0,0,0,16,0,0,0,0,0,1 # compose_4x6 r=0
22,0,0,0,0,7,0,0,0,0,1,0,7,0,0,0,0,2,0,0,0,0,0,0,1 # compose_2x12 r=0
87,0,0,0,0,0,-111,0,0,0,0,0,54,0,0,0,0,0,-12,0,0,0,0,0,1 # compose_4x6 r=4
46654,0,0,0,-46656,0,0,0,19440,0,0,0,-4320,0,0,0,540,0,0,0,-36,0,0,0,1 # compose_6x4 r=4
36,0,0,0,0,10,0,0,0,0,1,0,10,0,0,0,0,2,0,0,0,0,0,0,1 # compose_2x12 r=0
4161,0,-12384,0,21600,0,-25656,0,23064,0,-16134,0,9025,0,-4032,0,1440,0,-400,0,84,0,-12,0,1 # compose_6x4 r=0
623,0,0,0,0,0,500,0,0,0,0,0,150,0,0,0,0,0,20,0,0,0,0,0,1 # compose_4x6 r=0
19,0,33,0,24,0,-25,0,-47,0,-24,0,20,0,24,0,6,0,-8,0,-4,0,0,0,1 # compose_4x6 r=0
122,0,-74,0,15,0,-1,0,74,0,-30,0,3,0,0,0,15,0,-3,0,0,0,0,0,1 # compose_3x8 r=0
1275,0,0,0,1722,0,-861,0,864,0,-864,0,408,0,-288,0,160,0,-56,0,24,0,-8,0,1 # compose_4x6 r=4
1402,0,0,0,0,0,-900,0,0,0,0,0,219,0,0,0,0,0,-24,0,0,0,0,0,1 # compose_4x6 r=4
45,0,0,0,0,0,0,0,0,0,0,0,12,0,0,0,0,0,0,0,0,0,0,0,1 # compose_2x12 r=0
4107,6146,3840,1280,6386,7704,3841,960,3960,3846,1440,240,1295,960,240,20,240,120,15,0,24,6,0,0,1 # compose_6x4 r=0
3,0,0,0,-3,0,0,0,12,0,0,0,-19,0,0,0,15,0,0,0,-6,0,0,0,1 # compose_6x4 r=0
15643,0,0,0,-18753,0,0,0,9375,0,0,0,-2500,0,0,0,375,0,0,0,-30,0,0,0,1 # compose_6x4 r=0
267,0,0,0,259,0,-259,0,96,0,-192,0,112,0,-48,0,49,0,-20,0,6,0,-4,0,1 # compose_4x6 r=4
548,0,0,470,0,0,617,0,0,314,0,0,208,0,0,64,0,0,26,0,0,4,0,0,1 # compose_4x6 r=0
73,0,204,0,212,0,-6,0,-196,0,-144,0,21,0,72,0,24,0,-12,0,-8,0,0,0,1 # compose_4x6 r=0
16001,0,0,-18975,18975,0,9420,-18840,9420,-2503,7509,-7509,2878,-1500,2250,-1530,525,-300,301,-156,45,-20,15,-6,1 # compose_6x4 r=0
725,0,2914,0,6317,0,9180,0,9855,0,8136,0,5284,0,2712,0,1095,0,340,0,78,0,12,0,1 # compose_6x4 r=0
303,0,0,0,0,-560,-280,0,0,0,396,396,99,0,0,-128,-192,-96,-16,0,16,32,24,8,1 # compose_4x6 r=4
4,0,-10,0,24,0,-27,0,-8,0,48,0,-26,0,-24,0,24,0,4,0,-8,0,0,0,1 # compose_4x6 r=0
9,0,0,0,0,0,0,8,0,0,0,0,-8,0,1,0,0,0,0,-2,0,0,0,0,1 # compose_2x12 r=4
18,0,0,0,0,0,0,0,-14,0,0,0,-7,0,0,0,4,0,0,0,4,0,0,0,1 # compose_2x12 r=0
674,0,0,-1404,-1404,0,1197,2394,1197,-538,-1614,-1614,-403,540,810,522,45,-180,-179,-84,-3,20,15,6,1 # compose_6x4 r=4
1,0,0,9,9,0,15,30,15,20,60,60,35,60,90,66,45,60,61,36,21,20,15,6,1 # compose_6x4 r=0
69,-195,240,-160,255,-492,481,-240,300,-486,360,-120,175,-240,120,-20,60,-60,15,0,12,-6,0,0,1 # compose_6x4 r=0
6,0,0,0,0,-48,-24,0,0,0,88,88,22,0,0,-64,-96,-48,-8,0,16,32,24,8,1 # compose_4x6 r=4
229,0,0,0,0,-220,0,0,110,0,72,0,0,-72,0,-8,18,0,12,0,0,-6,0,0,1 # compose_3x8 r=0
1407,0,0,0,-1800,0,900,0,876,0,-876,0,27,0,288,0,-128,0,-8,0,24,0,-8,0,1 # compose_4x6 r=0
37,0,0,0,0,0,0,0,0,0,0,0,13,0,0,0,0,0,0,0,0,0,0,0,1 # compose_2x12 r=0
269,0,0,0,-518,0,259,0,384,0,-384,0,-32,0,192,0,-80,0,-16,0,24,0,-8,0,1 # compose_4x6 r=0
3,0,-10,0,4,0,0,0,0,0,0,0,-5,0,4,0,0,0,0,0,0,0,0,0,1 # compose_2x12 r=4
69,0,49,0,12,0,1,0,49,0,24,0,3,0,0,0,12,0,3,0,0,0,0,0,1 # compose_3x8 r=0
65,0,-98,0,48,0,-8,0,49,0,-48,0,12,0,0,0,12,0,-6,0,0,0,0,0,1 # compose_3x8 r=0
-5,0,0,0,0,0,0,0,0,4,0,0,-2,0,0,0,0,0,4,0,0,-4,0,0,1 # compose_2x12 r=4
602,0,0,490,0,0,639,0,0,318,0,0,210,0,0,64,0,0,26,0,0,4,0,0,1 # compose_4x6 r=0
15617,0,0,18748,18748,0,9375,18750,9375,2500,7500,7500,2875,1500,2250,1530,525,300,301,156,45,20,15,6,1 # compose_6x4 r=0
1310,0,0,0,0,0,866,0,0,0,0,0,216,0,0,0,0,0,24,0,0,0,0,0,1 # compose_4x6 r=0
59,0,0,360,180,0,936,936,234,1272,1908,954,1119,1920,1440,864,1020,960,544,312,252,160,60,12,1 # compose_6x4 r=0
213,0,0,0,0,0,-214,0,107,0,0,0,72,0,-72,0,18,0,-8,0,12,0,-6,0,1 # compose_3x8 r=0
46677,0,0,93318,-46659,0,77760,-77760,19440,34560,-51840,25920,4320,-17280,12960,-3168,-2340,2880,-1376,168,204,-160,60,-12,1 # compose_6x4 r=0
5,0,0,0,-10,0,0,0,4,0,0,0,-5,0,0,0,4,0,0,0,0,0,0,0,1 # compose_2x12 r=4
1,0,0,0,0,14,7,0,0,0,24,24,6,0,0,32,48,24,4,0,16,32,24,8,1 # compose_4x6 r=4
622,998,600,160,16,0,499,600,240,32,0,0,150,120,24,0,0,0,20,8,0,0,0,0,1 # compose_4x6 r=0
69,0,0,0,102,0,-102,0,53,0,-106,0,65,0,-36,0,37,0,-16,0,6,0,-4,0,1 # compose_4x6 r=4
19,0,0,0,0,0,0,-12,0,0,0,0,6,0,4,0,0,0,0,-4,0,0,0,0,1 # compose_2x12 r=0
15,0,0,0,0,0,0,0,0,0,7,0,-7,0,0,0,0,0,0,0,1,0,-2,0,1 # compose_2x12 r=0
46011,92664,77544,34536,-37692,-76392,-51740,-17280,16506,25710,12960,2880,-4077,-4320,-1440,-160,540,360,60,0,-36,-12,0,0,1 # compose_6x4 r=0
19,0,0,0,-11,0,0,0,1,0,0,0,11,0,0,0,-2,0,0,0,0,0,0,0,1 # compose_2x12 r=0
6,0,0,-16,-8,0,60,60,15,-160,-240,-120,220,480,360,-72,-465,-480,-176,132,234,160,60,12,1 # compose_6x4 r=0
1279,0,0,0,1722,0,-861,0,864,0,-864,0,408,0,-288,0,160,0,-56,0,24,0,-8,0,1 # compose_4x6 r=4
45,0,0,0,0,0,0,26,0,0,0,0,-13,0,4,0,0,0,0,-4,0,0,0,0,1 # compose_2x12 r=0
53,0,0,0,0,0,0,0,-26,0,0,0,-13,0,0,0,4,0,0,0,4,0,0,0,1 # compose_2x12 r=0
14,0,0,0,0,0,0,16,0,0,0,0,8,0,4,0,0,0,0,4,0,0,0,0,1 # compose_2x12 r=0
46874,0,46764,0,66222,0,43237,0,32961,0,15159,0,7742,0,2526,0,915,0,200,0,51,0,6,0,1 # compose_6x4 r=0
5,0,0,0,0,0,0,0,-7,0,0,0,7,0,0,0,1,0,0,0,-2,0,0,0,1 # compose_2x12 r=0
239,0,0,0,0,0,248,0,0,0,0,0,95,0,0,0,0,0,16,0,0,0,0,0,1 # compose_4x6 r=0
1,0,0,0,0,0,0,0,0,-6,0,0,-3,0,0,0,0,0,4,0,0,4,0,0,1 # compose_2x12 r=4
15997,0,0,0,-18975,0,0,0,9420,0,0,0,-2503,0,0,0,375,0,0,0,-30,0,0,0,1 # compose_6x4 r=4
47,0,0,24,0,0,4,0,0,0,0,0,-12,0,0,-4,0,0,0,0,0,0,0,0,1 # compose_2x12 r=0
22,0,0,0,-52,0,0,0,62,0,0,0,-44,0,0,0,21,0,0,0,-6,0,0,0,1 # compose_3x8 r=0
7,0,0,0,0,0,0,0,0,0,0,-6,-6,0,0,0,0,0,0,0,0,0,1,2,1 # compose_2x12 r=4
16,0,0,0,0,0,0,0,0,0,6,0,-6,0,0,0,0,0,0,0,1,0,-2,0,1 # compose_2x12 r=0
13,0,0,0,0,0,0,0,0,0,-18,0,9,0,0,0,0,0,0,0,4,0,-4,0,1 # compose_2x12 r=4
11,0,0,0,0,0,0,0,0,0,-6,0,6,0,0,0,0,0,0,0,1,0,-2,0,1 # compose_2x12 r=0
26,0,0,0,0,0,0,0,0,0,-8,0,-8,0,0,0,0,0,0,0,1,0,2,0,1 # compose_2x12 r=0
242,0,0,0,0,0,248,0,0,0,0,0,95,0,0,0,0,0,16,0,0,0,0,0,1 # compose_4x6 r=0
205,0,0,430,0,0,555,0,0,460,0,0,281,0,0,122,0,0,39,0,0,8,0,0,1 # compose_4x6 r=0
46675,0,0,-46659,-46659,0,19440,38880,19440,-4320,-12960,-12960,-3780,2160,3240,2124,360,-360,-359,-174,-21,20,15,6,1 # compose_6x4 r=4
17,0,0,0,0,0,0,0,-14,0,0,0,-7,0,0,0,4,0,0,0,4,0,0,0,1 # compose_2x12 r=0
1366,0,0,0,1776,0,-888,0,872,0,-872,0,410,0,-288,0,160,0,-56,0,24,0,-8,0,1 # compose_4x6 r=4
138,0,0,0,0,-78,0,0,78,0,15,0,0,-30,0,-1,15,0,3,0,0,-3,0,0,1 # compose_3x8 r=0
22,0,0,0,0,0,0,0,-7,0,0,0,7,0,0,0,1,0,0,0,-2,0,0,0,1 # compose_2x12 r=0
7,0,0,0,20,0,10,0,36,0,36,0,41,0,48,0,40,0,36,0,24,0,8,0,1 # compose_4x6 r=0
4087,0,12284,0,9218,0,-5120,0,-7680,0,768,0,2624,0,-192,0,-480,0,80,0,36,0,-12,0,1 # compose_6x4 r=4
7,0,0,0,0,-9,0,0,0,0,1,0,9,0,0,0,0,-2,0,0,0,0,0,0,1 # compose_2x12 r=0
47302,0,0,0,-46980,0,0,0,19494,0,0,0,-4323,0,0,0,540,0,0,0,-36,0,0,0,1 # compose_6x4 r=4
4222,-6240,3864,-1282,-6000,7704,-3845,960,3744,-3840,1440,-240,-1267,960,-240,20,240,-120,15,0,-24,6,0,0,1 # compose_6x4 r=4
2,0,0,0,0,0,0,0,0,6,0,0,-6,0,0,0,0,0,1,0,0,-2,0,0,1 # compose_2x12 r=4
15,-4,1,0,0,0,0,0,0,0,0,0,4,-2,0,0,0,0,0,0,0,0,0,0,1 # compose_2x12 r=0
2,0,-10,0,9,0,6,0,-17,0,12,0,5,0,-12,0,6,0,4,0,-4,0,0,0,1 # compose_4x6 r=4
257,0,-514,0,384,0,129,0,-368,0,192,0,64,0,-96,0,24,0,16,0,-8,0,0,0,1 # compose_4x6 r=0
19,0,0,0,0,0,0,-14,0,0,0,0,7,0,4,0,0,0,0,-4,0,0,0,0,1 # compose_2x12 r=0
809,-3078,4968,-4344,621,4392,-6452,4320,-198,-3066,3240,-1440,-303,1080,-720,160,135,-180,60,0,-18,12,0,0,1 # compose_6x4 r=4
1227,0,0,0,0,0,-840,0,0,0,0,0,214,0,0,0,0,0,-24,0,0,0,0,0,1 # compose_4x6 r=0
33,0,0,0,0,0,-60,0,30,0,0,0,36,0,-36,0,9,0,-8,0,12,0,-6,0,1 # compose_3x8 r=0
21,0,0,0,0,0,0,0,0,-8,0,0,-8,0,0,0,0,0,1,0,0,2,0,0,1 # compose_2x12 r=0
19,0,0,0,12,0,0,0,4,0,0,0,6,0,0,0,4,0,0,0,0,0,0,0,1 # compose_2x12 r=0
21,0,0,0,0,0,0,0,0,0,14,0,-7,0,0,0,0,0,0,0,4,0,-4,0,1 # compose_2x12 r=0
31,0,0,0,0,0,0,0,0,0,0,-11,11,0,0,0,0,0,0,0,0,0,1,-2,1 # compose_2x12 r=0
13,0,0,0,64,0,-32,0,96,0,-96,0,88,0,-96,0,64,0,-40,0,24,0,-8,0,1 # compose_4x6 r=4
1,0,0,0,-3,0,3,0,6,0,-12,0,2,0,12,0,-11,0,0,0,6,0,-4,0,1 # compose_4x6 r=0
17,0,0,14,0,0,4,0,0,0,0,0,7,0,0,4,0,0,0,0,0,0,0,0,1 # compose_2x12 r=0
15877,0,0,0,18900,0,0,0,9405,0,0,0,2502,0,0,0,375,0,0,0,30,0,0,0,1 # compose_6x4 r=0
23,0,-80,0,104,0,-104,0,120,0,-96,0,58,0,-48,0,24,0,-8,0,8,0,0,0,1 # compose_4x6 r=4
703,1060,612,160,16,0,530,612,240,32,0,0,153,120,24,0,0,0,20,8,0,0,0,0,1 # compose_4x6 r=0
5,0,0,10,0,0,12,0,5,8,0,12,0,0,12,0,3,0,0,6,0,0,0,0,1 # compose_3x8 r=0
35,0,0,0,20,0,0,0,4,0,0,0,10,0,0,0,4,0,0,0,0,0,0,0,1 # compose_2x12 r=0
89,0,0,0,-110,0,110,0,54,0,-108,0,42,0,36,0,-35,0,8,0,6,0,-4,0,1 # compose_4x6 r=0
4081,0,0,12282,-6141,0,15360,-15360,3840,10240,-15360,7680,2560,-7680,5760,-1152,-1680,1920,-896,48,216,-160,60,-12,1 # compose_6x4 r=4
127,0,76,0,15,0,1,0,76,0,30,0,3,0,0,0,15,0,3,0,0,0,0,0,1 # compose_3x8 r=0
698,0,-530,0,153,0,510,0,-305,0,60,0,149,0,-60,0,6,0,20,0,-4,0,0,0,1 # compose_4x6 r=0
3,0,0,0,0,-5,-5,0,0,0,6,12,6,0,0,-4,-12,-12,-4,0,1,4,6,4,1 # compose_4x6 r=0
247,0,508,0,384,0,382,0,400,0,192,0,128,0,96,0,24,0,16,0,8,0,0,0,1 # compose_4x6 r=0
69,0,-105,0,54,0,-117,0,109,0,-36,0,58,0,-36,0,6,0,-12,0,4,0,0,0,1 # compose_4x6 r=4
15,0,-15,0,6,0,-1,0,15,0,-12,0,3,0,0,0,6,0,-3,0,0,0,0,0,1 # compose_3x8 r=0
21,0,0,0,0,0,0,0,0,14,0,0,7,0,0,0,0,0,4,0,0,4,0,0,1 # compose_2x12 r=0
35,0,0,0,0,0,0,0,0,0,-22,0,11,0,0,0,0,0,0,0,4,0,-4,0,1 # compose_2x12 r=0
29,0,0,10,0,0,1,0,0,0,0,0,10,0,0,2,0,0,0,0,0,0,0,0,1 # compose_2x12 r=0
38,0,0,0,0,0,0,0,-26,0,0,0,13,0,0,0,4,0,0,0,-4,0,0,0,1 # compose_2x12 r=0
13,0,0,7,0,0,1,0,0,0,0,0,7,0,0,2,0,0,0,0,0,0,0,0,1 # compose_2x12 r=0
698,0,0,0,0,0,-530,0,0,0,0,0,153,0,0,0,0,0,-20,0,0,0,0,0,1 # compose_4x6 r=4
15629,18751,9375,2500,19126,18780,7501,1500,9525,7506,2250,300,2515,1500,300,20,375,150,15,0,30,6,0,0,1 # compose_6x4 r=0
13,0,0,0,-64,0,32,0,96,0,-96,0,-40,0,96,0,-32,0,-24,0,24,0,-8,0,1 # compose_4x6 r=4
4289,6288,3876,1283,6528,7776,3850,960,3996,3855,1440,240,1298,960,240,20,240,120,15,0,24,6,0,0,1 # compose_6x4 r=0
25,22,4,0,0,0,0,0,0,0,0,0,11,4,0,0,0,0,0,0,0,0,0,0,1 # compose_2x12 r=0
263,0,0,0,0,257,257,0,0,0,96,192,96,0,0,16,48,48,16,0,1,4,6,4,1 # compose_4x6 r=0
809,0,1539,0,2781,0,3027,0,3006,0,2187,0,1444,0,726,0,330,0,110,0,33,0,6,0,1 # compose_6x4 r=0
43,0,0,0,0,0,0,-13,0,0,0,0,13,0,1,0,0,0,0,-2,0,0,0,0,1 # compose_2x12 r=0
262,0,0,0,257,0,257,0,96,0,192,0,112,0,48,0,49,0,20,0,6,0,4,0,1 # compose_4x6 r=0
51,0,-15,0,1,0,0,0,0,0,0,0,-15,0,2,0,0,0,0,0,0,0,0,0,1 # compose_2x12 r=4
89,0,0,0,0,-110,-110,0,0,0,54,108,54,0,0,-12,-36,-36,-12,0,1,4,6,4,1 # compose_4x6 r=0
11,0,-14,0,4,0,0,0,0,0,0,0,-7,0,4,0,0,0,0,0,0,0,0,0,1 # compose_2x12 r=4
46873,0,0,46764,46764,0,19458,38916,19458,4321,12963,12963,4861,2160,3240,2196,720,360,361,186,51,20,15,6,1 # compose_6x4 r=0
46671,-46658,19440,-4320,-46118,38844,-12959,2160,19260,-12954,3240,-360,-4305,2160,-360,20,540,-180,15,0,-36,6,0,0,1 # compose_6x4 r=0
197,0,0,0,0,105,0,0,105,0,18,0,0,36,0,1,18,0,3,0,0,3,0,0,1 # compose_3x8 r=0
31,0,0,0,0,0,0,0,0,0,0,10,10,0,0,0,0,0,0,0,0,0,1,2,1 # compose_2x12 r=0
6,0,0,0,0,0,0,0,0,0,0,0,8,0,0,0,0,0,0,0,0,0,0,0,1 # compose_2x12 r=0
19531,0,22461,0,33252,0,24353,0,19505,0,9948,0,5333,0,1920,0,726,0,175,0,46,0,6,0,1 # compose_6x4 r=0
26,0,0,0,-20,0,0,0,4,0,0,0,10,0,0,0,-4,0,0,0,0,0,0,0,1 # compose_2x12 r=0
233,0,0,222,0,0,72,0,111,8,0,72,0,0,12,0,18,0,0,6,0,0,0,0,1 # compose_3x8 r=0
20,0,0,0,0,0,0,0,-6,0,0,0,-6,0,0,0,1,0,0,0,2,0,0,0,1 # compose_2x12 r=0
4106,0,-12294,0,21507,0,-25600,0,23040,0,-16128,0,9024,0,-4032,0,1440,0,-400,0,84,0,-12,0,1 # compose_6x4 r=0
1303,0,0,0,1730,0,865,0,864,0,864,0,408,0,288,0,160,0,56,0,24,0,8,0,1 # compose_4x6 r=0
131,0,0,0,76,0,0,0,91,0,0,0,31,0,0,0,18,0,0,0,3,0,0,0,1 # compose_3x8 r=0
1,0,0,-5,5,0,15,-30,15,-20,60,-60,35,-60,90,-66,45,-60,61,-36,21,-20,15,-6,1 # compose_6x4 r=0
15613,-18748,9375,-2500,19123,-18780,7501,-1500,9525,-7506,2250,-300,2515,-1500,300,-20,375,-150,15,0,30,-6,0,0,1 # compose_6x4 r=0
43,0,0,0,0,0,0,0,0,0,0,-15,-15,0,0,0,0,0,0,0,0,0,1,2,1 # compose_2x12 r=4
46873,0,0,0,-46764,0,0,0,19458,0,0,0,-4321,0,0,0,540,0,0,0,-36,0,0,0,1 # compose_6x4 r=0
31,0,0,0,0,22,0,0,0,0,4,0,11,0,0,0,0,4,0,0,0,0,0,0,1 # compose_2x12 r=0
23,0,0,0,0,0,0,-9,0,0,0,0,-9,0,1,0,0,0,0,2,0,0,0,0,1 # compose_2x12 r=0
4103,0,-12292,0,21506,0,-25600,0,23040,0,-16128,0,9024,0,-4032,0,1440,0,-400,0,84,0,-12,0,1 # compose_6x4 r=0
37,0,0,0,0,0,0,0,0,0,-26,0,-13,0,0,0,0,0,0,0,4,0,4,0,1 # compose_2x12 r=4
547,0,0,0,470,0,-470,0,147,0,-294,0,167,0,-60,0,61,0,-24,0,6,0,-4,0,1 # compose_4x6 r=4
18,0,0,0,0,0,8,0,0,0,0,0,9,0,0,0,0,0,2,0,0,0,0,0,1 # compose_2x12 r=0
15751,0,18825,0,-9435,0,-16279,0,2262,0,6033,0,-400,0,-1206,0,90,0,130,0,-15,0,-6,0,1 # compose_6x4 r=0
647,0,1020,0,604,0,670,0,620,0,240,0,183,0,120,0,24,0,20,0,8,0,0,0,1 # compose_4x6 r=0
11,0,0,-8,0,0,1,0,0,0,0,0,-8,0,0,2,0,0,0,0,0,0,0,0,1 # compose_2x12 r=4
27,0,0,10,0,0,1,0,0,0,0,0,-10,0,0,-2,0,0,0,0,0,0,0,0,1 # compose_2x12 r=0
8,0,0,0,0,0,0,0,0,0,0,8,4,0,0,0,0,0,0,0,0,0,4,4,1 # compose_2x12 r=0
42,0,0,0,0,24,0,0,0,0,4,0,-12,0,0,0,0,-4,0,0,0,0,0,0,1 # compose_2x12 r=0
137,0,0,0,0,0,0,77,77,0,0,0,0,0,15,30,15,0,0,0,0,1,3,3,1 # compose_3x8 r=0
4090,0,-12284,0,21502,0,-25600,0,23040,0,-16128,0,9024,0,-4032,0,1440,0,-400,0,84,0,-12,0,1 # compose_6x4 r=0
521,0,-868,0,544,0,282,0,-528,0,228,0,104,0,-114,0,24,0,19,0,-8,0,0,0,1 # compose_4x6 r=0
59,0,0,0,0,0,0,-47,47,0,0,0,0,0,12,-24,12,0,0,0,0,-1,3,-3,1 # compose_3x8 r=0
46647,0,93310,0,124415,0,112320,0,79920,0,44352,0,20224,0,7392,0,2220,0,520,0,96,0,12,0,1 # compose_6x4 r=0
4163,12384,15408,10248,-2352,-14640,-15308,-7680,1932,7494,5760,1920,-1041,-1920,-960,-160,240,240,60,0,-24,-12,0,0,1 # compose_6x4 r=0
59,0,0,0,0,0,-28,0,0,0,0,0,18,0,0,0,0,0,-4,0,0,0,0,0,1 # compose_2x12 r=0
4031,0,0,0,6096,0,0,0,3828,0,0,0,1279,0,0,0,240,0,0,0,24,0,0,0,1 # compose_6x4 r=0
341,0,0,-313,0,0,-204,0,0,201,0,0,59,0,0,-47,0,0,-11,0,0,4,0,0,1 # compose_4x6 r=0
78,0,0,51,0,0,12,0,51,1,0,24,0,0,3,0,12,0,0,3,0,0,0,0,1 # compose_3x8 r=0
225,0,0,0,0,0,-109,0,109,0,0,0,18,0,-36,0,18,0,-1,0,3,0,-3,0,1 # compose_3x8 r=0
32,0,0,0,0,0,-22,0,0,0,0,0,15,0,0,0,0,0,-4,0,0,0,0,0,1 # compose_2x12 r=0
254,0,0,0,0,256,-256,0,0,0,96,-192,96,0,0,16,-48,48,-16,0,1,-4,6,-4,1 # compose_4x6 r=4
83,0,0,-216,-216,0,252,504,252,-162,-486,-486,-102,240,360,228,0,-120,-119,-54,3,20,15,6,1 # compose_6x4 r=0
3,0,0,0,0,0,0,0,0,0,2,0,-1,0,0,0,0,0,0,0,4,0,-4,0,1 # compose_2x12 r=0
7,0,0,0,0,0,12,0,6,0,0,0,12,0,12,0,3,0,8,0,12,0,6,0,1 # compose_3x8 r=0
5,0,0,0,5,0,0,0,1,0,0,0,5,0,0,0,2,0,0,0,0,0,0,0,1 # compose_2x12 r=0
58,0,-92,0,48,0,-8,0,46,0,-48,0,12,0,0,0,12,0,-6,0,0,0,0,0,1 # compose_3x8 r=0
26,0,0,0,0,0,0,22,0,0,0,0,11,0,4,0,0,0,0,4,0,0,0,0,1 # compose_2x12 r=0
11,0,0,0,0,0,0,0,0,0,-6,0,-6,0,0,0,0,0,0,0,1,0,2,0,1 # compose_2x12 r=0
15623,-37500,37500,-20000,24750,-38460,30064,-12000,11775,-15192,9000,-2400,2740,-3000,1200,-160,375,-300,60,0,30,-12,0,0,1 # compose_6x4 r=0
341,0,0,0,0,0,-313,0,0,0,0,0,109,0,0,0,0,0,-17,0,0,0,0,0,1 # compose_4x6 r=0
18,0,0,-20,0,0,4,0,0,0,0,0,10,0,0,-4,0,0,0,0,0,0,0,0,1 # compose_2x12 r=0
48,0,0,0,0,0,0,0,0,0,0,0,-13,0,0,0,0,0,0,0,0,0,0,0,1 # compose_2x12 r=0
1,0,0,0,-6,0,0,0,4,0,0,0,-3,0,0,0,4,0,0,0,0,0,0,0,1 # compose_2x12 r=4
9,0,0,0,0,0,0,0,0,0,-2,0,-1,0,0,0,0,0,0,0,4,0,4,0,1 # compose_2x12 r=0
15631,0,-37502,0,18749,0,17500,0,-14625,0,-3960,0,4164,0,792,0,-585,0,-140,0,30,0,12,0,1 # compose_6x4 r=0
15641,0,0,0,-18753,0,0,0,9375,0,0,0,-2500,0,0,0,375,0,0,0,-30,0,0,0,1 # compose_6x4 r=4
3,0,0,0,0,3,0,0,0,0,1,0,3,0,0,0,0,2,0,0,0,0,0,0,1 # compose_2x12 r=0
7,0,0,0,7,0,0,0,1,0,0,0,7,0,0,0,2,0,0,0,0,0,0,0,1 # compose_2x12 r=0
74,0,0,0,0,0,106,0,0,0,0,0,54,0,0,0,0,0,12,0,0,0,0,0,1 # compose_4x6 r=0
17,0,18,0,4,0,0,0,0,0,0,0,9,0,4,0,0,0,0,0,0,0,0,0,1 # compose_2x12 r=0
601,490,149,20,1,0,490,298,60,4,0,0,149,60,6,0,0,0,20,4,0,0,0,0,1 # compose_4x6 r=0
4090,12284,15360,10240,-2302,-14592,-15296,-7680,1920,7488,5760,1920,-1040,-1920,-960,-160,240,240,60,0,-24,-12,0,0,1 # compose_6x4 r=0
253,0,0,-256,0,0,-160,0,0,176,0,0,49,0,0,-44,0,0,-10,0,0,4,0,0,1 # compose_4x6 r=4
16,0,0,0,-62,0,31,0,96,0,-96,0,-40,0,96,0,-32,0,-24,0,24,0,-8,0,1 # compose_4x6 r=0
16,0,0,6,0,0,1,0,0,0,0,0,-6,0,0,-2,0,0,0,0,0,0,0,0,1 # compose_2x12 r=0
1370,0,0,0,0,-888,888,0,0,0,218,-436,218,0,0,-24,72,-72,24,0,1,-4,6,-4,1 # compose_4x6 r=0
231,0,0,0,0,0,0,-111,111,0,0,0,0,0,18,-36,18,0,0,0,0,-1,3,-3,1 # compose_3x8 r=0
63,0,380,0,1150,0,2240,0,3120,0,3264,0,2624,0,1632,0,780,0,280,0,72,0,12,0,1 # compose_6x4 r=0
21,0,8,0,1,0,0,0,0,0,0,0,8,0,2,0,0,0,0,0,0,0,0,0,1 # compose_2x12 r=0
38,0,0,60,0,0,36,0,30,8,0,36,0,0,12,0,9,0,0,6,0,0,0,0,1 # compose_3x8 r=0
250,0,0,0,508,0,254,0,384,0,384,0,224,0,192,0,112,0,48,0,24,0,8,0,1 # compose_4x6 r=0
17,0,66,0,96,0,31,0,-80,0,-96,0,-8,0,48,0,24,0,-8,0,-8,0,0,0,1 # compose_4x6 r=4
20,0,0,0,0,0,0,10,0,0,0,0,10,0,1,0,0,0,0,2,0,0,0,0,1 # compose_2x12 r=0
6,0,0,0,0,12,0,0,6,0,12,0,0,12,0,8,3,0,12,0,0,6,0,0,1 # compose_3x8 r=0
781,0,586,0,166,0,607,0,333,0,63,0,170,0,63,0,6,0,21,0,4,0,0,0,1 # compose_4x6 r=0
15751,0,0,0,-18825,0,0,0,9390,0,0,0,-2501,0,0,0,375,0,0,0,-30,0,0,0,1 # compose_6x4 r=0
42,0,0,0,0,0,24,0,0,0,0,0,-8,0,0,0,0,0,-4,0,0,0,0,0,1 # compose_2x12 r=0
4106,0,0,-12292,-6146,0,15360,15360,3840,-10240,-15360,-7680,2560,7680,5760,1152,-1680,-1920,-896,-48,216,160,60,12,1 # compose_6x4 r=0
31,0,0,0,-26,0,0,0,4,0,0,0,-13,0,0,0,4,0,0,0,0,0,0,0,1 # compose_2x12 r=4
13,0,0,0,-14,0,0,0,4,0,0,0,7,0,0,0,-4,0,0,0,0,0,0,0,1 # compose_2x12 r=0
46653,0,0,46656,46656,0,19440,38880,19440,4320,12960,12960,4860,2160,3240,2196,720,360,361,186,51,20,15,6,1 # compose_6x4 r=0
4093,0,0,6144,-6144,0,3840,-7680,3840,1280,-3840,3840,-1040,-960,1440,-936,120,240,-239,114,-9,-20,15,-6,1 # compose_6x4 r=4
46007,0,0,0,-46332,0,0,0,19386,0,0,0,-4317,0,0,0,540,0,0,0,-36,0,0,0,1 # compose_6x4 r=4
736,0,0,2922,-1461,0,4860,-4860,1215,4320,-6480,3240,1620,-4320,3240,-504,-1305,1440,-656,-12,222,-160,60,-12,1 # compose_6x4 r=4
46671,0,93318,0,124419,0,112320,0,79920,0,44352,0,20224,0,7392,0,2220,0,520,0,96,0,12,0,1 # compose_6x4 r=0
4081,12282,15360,10240,-2301,-14592,-15296,-7680,1920,7488,5760,1920,-1040,-1920,-960,-160,240,240,60,0,-24,-12,0,0,1 # compose_6x4 r=4
573,0,0,0,0,0,-480,0,0,0,0,0,148,0,0,0,0,0,-20,0,0,0,0,0,1 # compose_4x6 r=4
59,0,0,-14,0,0,1,0,0,0,0,0,14,0,0,-2,0,0,0,0,0,0,0,0,1 # compose_2x12 r=0
19,0,0,0,0,0,-34,0,0,0,0,0,24,0,0,0,0,0,-8,0,0,0,0,0,1 # compose_4x6 r=4
4226,0,12480,0,21696,0,25712,0,23088,0,16140,0,9026,0,4032,0,1440,0,400,0,84,0,12,0,1 # compose_6x4 r=0
254,0,0,-510,0,0,639,0,0,-512,0,0,304,0,0,-128,0,0,40,0,0,-8,0,0,1 # compose_4x6 r=0
4107,12294,15360,10240,9987,16128,15424,7680,5760,7872,5760,1920,1520,1920,960,160,240,240,60,0,24,12,0,0,1 # compose_6x4 r=0
27,0,0,0,0,0,0,0,0,-10,0,0,10,0,0,0,0,0,1,0,0,-2,0,0,1 # compose_2x12 r=0
1,0,-5,0,6,0,1,0,-11,0,12,0,2,0,-12,0,6,0,4,0,-4,0,0,0,1 # compose_4x6 r=4
47,0,0,0,0,0,0,0,0,0,0,0,12,0,0,0,0,0,0,0,0,0,0,0,1 # compose_2x12 r=0
13,0,0,0,0,0,0,0,0,0,-7,0,-7,0,0,0,0,0,0,0,1,0,2,0,1 # compose_2x12 r=0
5,0,0,0,-3,0,0,0,1,0,0,0,3,0,0,0,-2,0,0,0,0,0,0,0,1 # compose_2x12 r=0
781,3024,4932,4336,648,-4356,-6440,-4320,-207,3060,3240,1440,-302,-1080,-720,-160,135,180,60,0,-18,-12,0,0,1 # compose_6x4 r=4
599,0,0,0,0,0,-490,0,0,0,0,0,149,0,0,0,0,0,-20,0,0,0,0,0,1 # compose_4x6 r=4
21,0,0,7,0,0,1,0,0,0,0,0,-7,0,0,-2,0,0,0,0,0,0,0,0,1 # compose_2x12 r=0
20,0,0,0,0,0,0,0,0,0,0,0,-11,0,0,0,0,0,0,0,0,0,0,0,1 # compose_2x12 r=4
29,0,0,0,-22,0,0,0,4,0,0,0,11,0,0,0,-4,0,0,0,0,0,0,0,1 # compose_2x12 r=0
53,0,0,0,0,30,0,0,0,0,4,0,-15,0,0,0,0,-4,0,0,0,0,0,0,1 # compose_2x12 r=4
678,520,152,20,1,0,-520,-304,-60,-4,0,0,152,60,6,0,0,0,-20,-4,0,0,0,0,1 # compose_4x6 r=0
4227,0,0,0,6240,0,0,0,3864,0,0,0,1282,0,0,0,240,0,0,0,24,0,0,0,1 # compose_6x4 r=0
121,0,0,0,0,142,142,0,0,0,64,128,64,0,0,13,39,39,13,0,1,4,6,4,1 # compose_4x6 r=0
31,0,0,0,0,0,22,0,0,0,0,0,15,0,0,0,0,0,4,0,0,0,0,0,1 # compose_2x12 r=0
7,0,0,0,0,0,0,0,-7,0,0,0,7,0,0,0,1,0,0,0,-2,0,0,0,1 # compose_2x12 r=0
59,0,0,190,190,0,240,480,240,160,480,480,220,240,360,252,120,120,121,66,27,20,15,6,1 # compose_6x4 r=0
111,0,0,0,0,0,-72,0,72,0,0,0,15,0,-30,0,15,0,-1,0,3,0,-3,0,1 # compose_3x8 r=0
290,0,0,0,0,272,272,0,0,0,98,196,98,0,0,16,48,48,16,0,1,4,6,4,1 # compose_4x6 r=0
9,0,0,0,0,0,0,0,0,0,-8,0,8,0,0,0,0,0,0,0,1,0,-2,0,1 # compose_2x12 r=0
1,4,15,20,19,36,61,60,45,66,90,60,35,60,60,20,15,30,15,0,6,6,0,0,1 # compose_6x4 r=0
9,0,0,0,-7,0,0,0,1,0,0,0,7,0,0,0,-2,0,0,0,0,0,0,0,1 # compose_2x12 r=0
17,0,0,0,0,0,0,0,0,0,-20,0,10,0,0,0,0,0,0,0,4,0,-4,0,1 # compose_2x12 r=4
45,0,0,0,-13,0,0,0,1,0,0,0,13,0,0,0,-2,0,0,0,0,0,0,0,1 # compose_2x12 r=0
599,-490,149,-20,1,0,-490,298,-60,4,0,0,149,-60,6,0,0,0,-20,4,0,0,0,0,1 # compose_4x6 r=4
15627,-37500,37500,-20000,24750,-38460,30064,-12000,11775,-15192,9000,-2400,2740,-3000,1200,-160,375,-300,60,0,30,-12,0,0,1 # compose_6x4 r=0
4082,0,6141,0,-2301,0,-6400,0,240,0,2904,0,41,0,-726,0,15,0,100,0,-9,0,-6,0,1 # compose_6x4 r=4
19,0,0,0,0,48,0,0,24,0,36,0,0,36,0,8,9,0,12,0,0,6,0,0,1 # compose_3x8 r=0
9,0,0,8,0,0,1,0,0,0,0,0,-8,0,0,-2,0,0,0,0,0,0,0,0,1 # compose_2x12 r=4
9,0,0,0,0,0,0,10,0,0,0,0,-5,0,4,0,0,0,0,-4,0,0,0,0,1 # compose_2x12 r=0
5,0,-14,0,4,0,0,0,0,0,0,0,-7,0,4,0,0,0,0,0,0,0,0,0,1 # compose_2x12 r=4
290,272,98,16,1,0,272,196,48,4,0,0,98,48,6,0,0,0,16,4,0,0,0,0,1 # compose_4x6 r=0
1,-3,12,-19,12,18,-56,60,-18,-51,90,-60,-4,60,-60,20,15,-30,15,0,-6,6,0,0,1 # compose_6x4 r=0
37,0,0,0,0,13,0,0,0,0,1,0,-13,0,0,0,0,-2,0,0,0,0,0,0,1 # compose_2x12 r=4
10,0,0,0,-30,0,-30,0,24,0,48,0,16,0,-24,0,-23,0,-4,0,6,0,4,0,1 # compose_4x6 r=4
735,0,0,0,1459,0,0,0,1215,0,0,0,540,0,0,0,135,0,0,0,18,0,0,0,1 # compose_6x4 r=0
15,0,0,0,0,-66,-33,0,0,0,96,96,24,0,0,-64,-96,-48,-8,0,16,32,24,8,1 # compose_4x6 r=4
118,0,0,0,0,0,0,0,73,0,0,0,0,0,0,0,15,0,0,0,0,0,0,0,1 # compose_3x8 r=0
59,0,378,0,771,0,320,0,-720,0,-576,0,384,0,288,0,-180,0,-40,0,48,0,-12,0,1 # compose_6x4 r=4
213,0,0,0,0,0,0,-108,108,0,0,0,0,0,18,-36,18,0,0,0,0,-1,3,-3,1 # compose_3x8 r=0
19,0,-33,0,24,0,-41,0,49,0,-24,0,28,0,-24,0,6,0,-8,0,4,0,0,0,1 # compose_4x6 r=0
23,0,0,0,0,0,0,0,0,0,8,0,-8,0,0,0,0,0,0,0,1,0,-2,0,1 # compose_2x12 r=0
257,0,-256,0,96,0,240,0,-191,0,48,0,92,0,-48,0,6,0,16,0,-4,0,0,0,1 # compose_4x6 r=0
4,0,0,0,0,-1,0,0,1,0,-3,0,0,6,0,-1,-3,0,3,0,0,-3,0,0,1 # compose_3x8 r=0
5,0,0,0,0,-11,0,0,11,0,6,0,0,-12,0,-1,6,0,3,0,0,-3,0,0,1 # compose_3x8 r=0
726,0,0,2912,1456,0,4860,4860,1215,4320,6480,3240,2700,4320,3240,1656,1575,1440,784,372,258,160,60,12,1 # compose_6x4 r=0
618,0,-498,0,150,0,478,0,-299,0,60,0,146,0,-60,0,6,0,20,0,-4,0,0,0,1 # compose_4x6 r=0
1277,0,0,0,0,0,861,0,0,0,0,0,216,0,0,0,0,0,24,0,0,0,0,0,1 # compose_4x6 r=0
133,-152,60,-8,0,0,0,0,76,-60,12,0,0,0,0,0,15,-6,0,0,0,0,0,0,1 # compose_3x8 r=0
14,0,0,0,0,0,0,0,0,0,-10,0,-5,0,0,0,0,0,0,0,4,0,4,0,1 # compose_2x12 r=0
207,0,0,232,0,0,-139,0,0,-170,0,0,46,0,0,44,0,0,-10,0,0,-4,0,0,1 # compose_4x6 r=4
31,0,0,0,0,0,0,0,-18,0,0,0,9,0,0,0,4,0,0,0,-4,0,0,0,1 # compose_2x12 r=0
79,0,-216,0,216,0,-204,0,232,0,-144,0,86,0,-72,0,24,0,-12,0,8,0,0,0,1 # compose_4x6 r=4
1292,0,0,0,0,1726,863,0,0,0,864,864,216,0,0,192,288,144,24,0,16,32,24,8,1 # compose_4x6 r=0
73,-51,12,-1,0,0,0,0,51,-24,3,0,0,0,0,0,12,-3,0,0,0,0,0,0,1 # compose_3x8 r=0
699,0,0,1060,0,0,82,0,0,-452,0,0,-71,0,0,88,0,0,4,0,0,-8,0,0,1 # compose_4x6 r=4
81,0,0,0,0,-107,107,0,0,0,54,-108,54,0,0,-12,36,-36,12,0,1,-4,6,-4,1 # compose_4x6 r=0
697,0,1060,0,612,0,690,0,628,0,240,0,185,0,120,0,24,0,20,0,8,0,0,0,1 # compose_4x6 r=0
14,0,0,20,0,0,4,0,0,0,0,0,10,0,0,4,0,0,0,0,0,0,0,0,1 # compose_2x12 r=0
17,0,0,0,0,0,0,0,10,0,0,0,-5,0,0,0,4,0,0,0,-4,0,0,0,1 # compose_2x12 r=0
627,0,0,0,0,0,501,0,0,0,0,0,150,0,0,0,0,0,20,0,0,0,0,0,1 # compose_4x6 r=0
305,0,0,280,0,0,-181,0,0,-182,0,0,52,0,0,44,0,0,-10,0,0,-4,0,0,1 # compose_4x6 r=0
1370,-1776,872,-192,16,0,-888,872,-288,32,0,0,218,-144,24,0,0,0,-24,8,0,0,0,0,1 # compose_4x6 r=0
19,0,0,0,0,0,0,7,0,0,0,0,-7,0,1,0,0,0,0,-2,0,0,0,0,1 # compose_2x12 r=0
2,0,0,0,0,0,20,0,0,0,0,0,21,0,0,0,0,0,8,0,0,0,0,0,1 # compose_4x6 r=0
291,0,0,0,0,-272,272,0,0,0,98,-196,98,0,0,-16,48,-48,16,0,1,-4,6,-4,1 # compose_4x6 r=0
13,0,0,0,0,0,0,0,0,0,0,8,8,0,0,0,0,0,0,0,0,0,1,2,1 # compose_2x12 r=0
254,0,0,0,0,-256,256,0,0,0,96,-192,96,0,0,-16,48,-48,16,0,1,-4,6,-4,1 # compose_4x6 r=0
39,0,0,0,0,0,0,-30,30,0,0,0,0,0,9,-18,9,0,0,0,0,-1,3,-3,1 # compose_3x8 r=0
261,0,514,0,384,0,-129,0,-368,0,-192,0,64,0,96,0,24,0,-16,0,-8,0,0,0,1 # compose_4x6 r=0
626,0,0,500,0,0,-350,0,0,-280,0,0,91,0,0,56,0,0,-14,0,0,-4,0,0,1 # compose_4x6 r=0
7,0,-24,0,22,0,16,0,-43,0,24,0,18,0,-24,0,6,0,8,0,-4,0,0,0,1 # compose_4x6 r=0
219,0,0,0,0,0,0,0,109,0,0,0,0,0,0,0,18,0,0,0,0,0,0,0,1 # compose_3x8 r=0
35,0,0,0,0,60,0,0,30,0,36,0,0,36,0,8,9,0,12,0,0,6,0,0,1 # compose_3x8 r=0
1191,0,0,0,0,0,828,0,0,0,0,0,213,0,0,0,0,0,24,0,0,0,0,0,1 # compose_4x6 r=0
89,0,0,0,0,-110,110,0,0,0,54,-108,54,0,0,-12,36,-36,12,0,1,-4,6,-4,1 # compose_4x6 r=0
47307,0,0,0,46980,0,0,0,19494,0,0,0,4323,0,0,0,540,0,0,0,36,0,0,0,1 # compose_6x4 r=0
51,0,0,30,0,0,4,0,0,0,0,0,-15,0,0,-4,0,0,0,0,0,0,0,0,1 # compose_2x12 r=4
4,0,0,0,0,2,0,0,0,0,4,0,1,0,0,0,0,4,0,0,0,0,0,0,1 # compose_2x12 r=0
7,0,0,0,0,24,-24,0,0,0,22,-44,22,0,0,8,-24,24,-8,0,1,-4,6,-4,1 # compose_4x6 r=4
85,0,109,0,54,0,121,0,109,0,36,0,58,0,36,0,6,0,12,0,4,0,0,0,1 # compose_4x6 r=0
1371,0,0,0,0,-1776,888,0,0,0,872,-872,218,0,0,-192,288,-144,24,0,16,-32,24,-8,1 # compose_4x6 r=0
1275,-861,216,-24,1,0,-861,432,-72,4,0,0,216,-72,6,0,0,0,-24,4,0,0,0,0,1 # compose_4x6 r=4
30,0,0,0,0,0,0,0,0,0,0,0,12,0,0,0,0,0,0,0,0,0,0,0,1 # compose_2x12 r=0
49,0,0,0,0,0,-30,0,0,0,0,0,19,0,0,0,0,0,-4,0,0,0,0,0,1 # compose_2x12 r=0
3966,0,6048,0,-2232,0,-6354,0,222,0,2898,0,43,0,-726,0,15,0,100,0,-9,0,-6,0,1 # compose_6x4 r=4
74,0,0,0,0,106,-106,0,0,0,54,-108,54,0,0,12,-36,36,-12,0,1,-4,6,-4,1 # compose_4x6 r=4
697,0,0,0,0,0,-530,0,0,0,0,0,153,0,0,0,0,0,-20,0,0,0,0,0,1 # compose_4x6 r=4
15753,0,-37650,0,56385,0,-57568,0,45402,0,-27966,0,13965,0,-5592,0,1815,0,-460,0,90,0,-12,0,1 # compose_6x4 r=0
1281,0,0,0,0,-861,-861,0,0,0,216,432,216,0,0,-24,-72,-72,-24,0,1,4,6,4,1 # compose_4x6 r=0
5,0,0,20,0,0,26,0,0,-4,0,0,-23,0,0,-8,0,0,20,0,0,-8,0,0,1 # compose_4x6 r=0
38,0,0,0,0,0,0,0,0,0,0,0,12,0,0,0,0,0,0,0,0,0,0,0,1 # compose_2x12 r=0
46661,0,0,93314,46657,0,77760,77760,19440,34560,51840,25920,12960,17280,12960,5472,3420,2880,1504,552,276,160,60,12,1 # compose_6x4 r=0
5,0,12,0,9,0,-20,0,-30,0,12,0,39,0,-6,0,-30,0,10,0,9,0,-6,0,1 # compose_6x4 r=0
13,0,0,0,7,0,0,0,1,0,0,0,-7,0,0,0,-2,0,0,0,0,0,0,0,1 # compose_2x12 r=0
87,0,0,0,0,-114,-114,0,0,0,55,110,55,0,0,-12,-36,-36,-12,0,1,4,6,4,1 # compose_4x6 r=4
17,0,0,0,0,0,0,0,0,0,0,0,-11,0,0,0,0,0,0,0,0,0,0,0,1 # compose_2x12 r=4
613,0,0,0,996,0,-498,0,600,0,-600,0,310,0,-240,0,136,0,-52,0,24,0,-8,0,1 # compose_4x6 r=4
4157,0,0,-12384,-6192,0,15408,15408,3852,-10248,-15372,-7686,2559,7680,5760,1152,-1680,-1920,-896,-48,216,160,60,12,1 # compose_6x4 r=4
4222,0,0,0,-6240,0,0,0,3864,0,0,0,-1282,0,0,0,240,0,0,0,-24,0,0,0,1 # compose_6x4 r=4
7,0,0,0,6,0,0,0,4,0,0,0,-3,0,0,0,-4,0,0,0,0,0,0,0,1 # compose_2x12 r=0
723,0,0,-1455,1455,0,1215,-2430,1215,-540,1620,-1620,675,-540,810,-558,225,-180,181,-96,33,-20,15,-6,1 # compose_6x4 r=0
34,0,0,0,0,0,0,0,0,12,0,0,12,0,0,0,0,0,1,0,0,2,0,0,1 # compose_2x12 r=0
547,0,0,0,-470,0,470,0,147,0,-294,0,127,0,60,0,-59,0,16,0,6,0,-4,0,1 # compose_4x6 r=0
51,0,0,0,30,0,0,0,4,0,0,0,-15,0,0,0,-4,0,0,0,0,0,0,0,1 # compose_2x12 r=4
213,0,-108,0,18,0,-1,0,108,0,-36,0,3,0,0,0,18,0,-3,0,0,0,0,0,1 # compose_3x8 r=0
46647,0,0,0,46655,0,0,0,19440,0,0,0,4320,0,0,0,540,0,0,0,36,0,0,0,1 # compose_6x4 r=0
1279,0,0,-861,0,0,-645,0,0,408,0,0,145,0,0,-68,0,0,-18,0,0,4,0,0,1 # compose_4x6 r=4
3277,-5079,3285,-1135,-4858,6547,-3404,884,3170,-3399,1326,-230,-1120,884,-230,20,221,-115,15,0,-23,6,0,0,1 # compose_6x4 r=0
10,0,-8,0,4,0,0,0,0,0,0,0,-4,0,4,0,0,0,0,0,0,0,0,0,1 # compose_2x12 r=0
14,0,0,0,0,0,0,0,-12,0,0,0,-6,0,0,0,4,0,0,0,4,0,0,0,1 # compose_2x12 r=0
14,0,0,0,4,0,0,0,1,0,0,0,4,0,0,0,2,0,0,0,0,0,0,0,1 # compose_2x12 r=0
20,0,0,0,0,0,0,0,0,12,0,0,6,0,0,0,0,0,4,0,0,4,0,0,1 # compose_2x12 r=0
1277,0,1722,0,864,0,-669,0,-848,0,-288,0,184,0,144,0,24,0,-24,0,-8,0,0,0,1 # compose_4x6 r=4
46636,0,0,0,-46653,0,0,0,19440,0,0,0,-4320,0,0,0,540,0,0,0,-36,0,0,0,1 # compose_6x4 r=4
131,0,76,0,15,0,1,0,76,0,30,0,3,0,0,0,15,0,3,0,0,0,0,0,1 # compose_3x8 r=0
1297,0,1728,0,864,0,1056,0,880,0,288,0,248,0,144,0,24,0,24,0,8,0,0,0,1 # compose_4x6 r=0
36,0,0,0,0,0,0,0,0,0,11,0,-11,0,0,0,0,0,0,0,1,0,-2,0,1 # compose_2x12 r=0
47,0,0,0,0,-28,0,0,0,0,4,0,-14,0,0,0,0,4,0,0,0,0,0,0,1 # compose_2x12 r=4
250,0,0,508,0,0,130,0,0,-256,0,0,-80,0,0,64,0,0,8,0,0,-8,0,0,1 # compose_4x6 r=0
14,0,0,0,0,0,0,0,0,0,5,0,5,0,0,0,0,0,0,0,1,0,2,0,1 # compose_2x12 r=0
15874,0,0,18900,-18900,0,9405,-18810,9405,2502,-7506,7506,-2127,-1500,2250,-1470,225,300,-299,144,-15,-20,15,-6,1 # compose_6x4 r=4
4227,0,0,-12480,6240,0,15456,-15456,3864,-10256,15384,-7692,5122,-7680,5760,-2688,2160,-1920,1024,-432,264,-160,60,-12,1 # compose_6x4 r=0
4033,0,0,-12192,6096,0,15312,-15312,3828,-10232,15348,-7674,5119,-7680,5760,-2688,2160,-1920,1024,-432,264,-160,60,-12,1 # compose_6x4 r=0
57,0,0,0,0,0,0,0,0,0,0,0,-15,0,0,0,0,0,0,0,0,0,0,0,1 # compose_2x12 r=0
40,0,0,0,0,0,0,0,0,0,0,0,-12,0,0,0,0,0,0,0,0,0,0,0,1 # compose_2x12 r=0
45,0,0,0,0,0,0,0,0,0,13,0,-13,0,0,0,0,0,0,0,1,0,-2,0,1 # compose_2x12 r=0
55987,0,0,108242,54121,0,87340,87340,21835,37640,56460,28230,13841,18272,13704,5752,3531,2960,1544,562,277,160,60,12,1 # compose_6x4 r=0
98,0,0,0,0,0,120,0,0,0,0,0,56,0,0,0,0,0,12,0,0,0,0,0,1 # compose_4x6 r=0
78,0,0,0,0,-108,108,0,0,0,54,-108,54,0,0,-12,36,-36,12,0,1,-4,6,-4,1 # compose_4x6 r=0
3902,0,0,-12000,-6000,0,15216,15216,3804,-10216,-15324,-7662,2563,7680,5760,1152,-1680,-1920,-896,-48,216,160,60,12,1 # compose_6x4 r=4
24,0,0,0,0,0,0,0,0,-12,0,0,-12,0,0,0,0,0,1,0,0,2,0,0,1 # compose_2x12 r=4
71,0,0,0,0,-105,-105,0,0,0,54,108,54,0,0,-12,-36,-36,-12,0,1,4,6,4,1 # compose_4x6 r=4
1283,1724,864,192,16,0,862,864,288,32,0,0,216,144,24,0,0,0,24,8,0,0,0,0,1 # compose_4x6 r=0
46222,0,0,0,46440,0,0,0,19404,0,0,0,4318,0,0,0,540,0,0,0,36,0,0,0,1 # compose_6x4 r=0
18,0,-32,0,24,0,-40,0,49,0,-24,0,28,0,-24,0,6,0,-8,0,4,0,0,0,1 # compose_4x6 r=0
1367,0,0,0,1776,0,-888,0,872,0,-872,0,410,0,-288,0,160,0,-56,0,24,0,-8,0,1 # compose_4x6 r=4
1286,1724,864,192,16,0,862,864,288,32,0,0,216,144,24,0,0,0,24,8,0,0,0,0,1 # compose_4x6 r=0
75,0,0,51,0,0,12,0,51,1,0,24,0,0,3,0,12,0,0,3,0,0,0,0,1 # compose_3x8 r=0
-3,3,15,20,12,-24,-59,-60,-15,54,90,60,-5,-60,-60,-20,15,30,15,0,-6,-6,0,0,1 # compose_6x4 r=4
15502,-18675,9360,-2499,19050,-18750,7498,-1500,9510,-7503,2250,-300,2514,-1500,300,-20,375,-150,15,0,30,-6,0,0,1 # compose_6x4 r=0
38,0,0,0,0,0,0,0,-12,0,0,0,-12,0,0,0,1,0,0,0,2,0,0,0,1 # compose_2x12 r=0
24,0,-18,0,4,0,0,0,0,0,0,0,9,0,-4,0,0,0,0,0,0,0,0,0,1 # compose_2x12 r=0
143,156,60,8,0,0,0,0,78,60,12,0,0,0,0,0,15,6,0,0,0,0,0,0,1 # compose_3x8 r=0
51,0,0,0,0,0,0,0,13,0,0,0,-13,0,0,0,1,0,0,0,-2,0,0,0,1 # compose_2x12 r=0
13,0,28,0,24,0,8,0,14,0,24,0,12,0,0,0,6,0,6,0,0,0,0,0,1 # compose_3x8 r=0
3,0,-2,0,-12,0,-8,0,1,0,12,0,12,0,0,0,-3,0,-6,0,0,0,0,0,1 # compose_3x8 r=4
15623,0,-37498,0,18751,0,17500,0,-14625,0,-3960,0,4164,0,792,0,-585,0,-140,0,30,0,12,0,1 # compose_6x4 r=0
233,0,111,0,18,0,1,0,111,0,36,0,3,0,0,0,18,0,3,0,0,0,0,0,1 # compose_3x8 r=0
258,0,0,0,-512,0,256,0,384,0,-384,0,-32,0,192,0,-80,0,-16,0,24,0,-8,0,1 # compose_4x6 r=0
1186,0,0,0,0,-828,-828,0,0,0,213,426,213,0,0,-24,-72,-72,-24,0,1,4,6,4,1 # compose_4x6 r=4
1402,0,0,0,0,-1800,-900,0,0,0,876,876,219,0,0,-192,-288,-144,-24,0,16,32,24,8,1 # compose_4x6 r=4
136,0,0,0,77,0,0,0,92,0,0,0,31,0,0,0,18,0,0,0,3,0,0,0,1 # compose_3x8 r=0
15,0,0,0,0,0,0,6,0,0,0,0,6,0,1,0,0,0,0,2,0,0,0,0,1 # compose_2x12 r=0
15613,-37494,37500,-20000,24747,-38460,30064,-12000,11775,-15192,9000,-2400,2740,-3000,1200,-160,375,-300,60,0,30,-12,0,0,1 # compose_6x4 r=0
17,0,-14,0,4,0,0,0,0,0,0,0,-7,0,4,0,0,0,0,0,0,0,0,0,1 # compose_2x12 r=0
38,0,0,0,0,0,0,0,0,0,-26,0,13,0,0,0,0,0,0,0,4,0,-4,0,1 # compose_2x12 r=0
23,0,0,0,0,0,0,-20,0,0,0,0,10,0,4,0,0,0,0,-4,0,0,0,0,1 # compose_2x12 r=0
57,0,94,0,48,0,8,0,47,0,48,0,12,0,0,0,12,0,6,0,0,0,0,0,1 # compose_3x8 r=0
13,0,0,0,0,0,0,0,0,0,-12,0,-6,0,0,0,0,0,0,0,4,0,4,0,1 # compose_2x12 r=0
15619,0,0,0,18749,0,0,0,9375,0,0,0,2500,0,0,0,375,0,0,0,30,0,0,0,1 # compose_6x4 r=0
82,0,0,0,216,0,-108,0,216,0,-216,0,150,0,-144,0,88,0,-44,0,24,0,-8,0,1 # compose_4x6 r=0
619,0,0,0,0,998,-499,0,0,0,600,-600,150,0,0,160,-240,120,-20,0,16,-32,24,-8,1 # compose_4x6 r=4
3,0,4,0,6,0,0,0,-11,0,-12,0,2,0,12,0,6,0,-4,0,-4,0,0,0,1 # compose_4x6 r=0
1,0,0,0,-1,0,0,0,1,0,0,0,1,0,0,0,-2,0,0,0,0,0,0,0,1 # compose_2x12 r=0
4099,0,12290,0,21505,0,25600,0,23040,0,16128,0,9024,0,4032,0,1440,0,400,0,84,0,12,0,1 # compose_6x4 r=0
5,0,-16,0,4,0,0,0,0,0,0,0,8,0,-4,0,0,0,0,0,0,0,0,0,1 # compose_2x12 r=4
213,0,0,0,0,0,-107,0,107,0,0,0,18,0,-36,0,18,0,-1,0,3,0,-3,0,1 # compose_3x8 r=0
211,0,0,0,0,214,0,0,107,0,72,0,0,72,0,8,18,0,12,0,0,6,0,0,1 # compose_3x8 r=0
250,0,0,0,0,0,-254,0,0,0,0,0,96,0,0,0,0,0,-16,0,0,0,0,0,1 # compose_4x6 r=0
1,0,0,0,0,0,0,0,0,0,0,0,0,0,4,0,0,0,0,-4,0,0,0,0,1 # compose_2x12 r=0
1,0,-16,0,52,0,-100,0,15,0,168,0,-76,0,-168,0,15,0,100,0,54,0,12,0,1 # compose_6x4 r=4
23,0,18,0,4,0,0,0,0,0,0,0,9,0,4,0,0,0,0,0,0,0,0,0,1 # compose_2x12 r=0
14,0,0,0,0,0,0,0,-10,0,0,0,-5,0,0,0,4,0,0,0,4,0,0,0,1 # compose_2x12 r=0
46639,0,0,-46653,46653,0,19440,-38880,19440,-4320,12960,-12960,4860,-2160,3240,-2196,720,-360,361,-186,51,-20,15,-6,1 # compose_6x4 r=0
291,-272,98,-16,1,0,-272,196,-48,4,0,0,98,-48,6,0,0,0,-16,4,0,0,0,0,1 # compose_4x6 r=0
137,0,0,0,156,0,0,0,138,0,0,0,68,0,0,0,27,0,0,0,6,0,0,0,1 # compose_3x8 r=0
15634,-37504,37500,-20000,24752,-38460,30064,-12000,11775,-15192,9000,-2400,2740,-3000,1200,-160,375,-300,60,0,30,-12,0,0,1 # compose_6x4 r=0
259,257,96,16,1,0,257,192,48,4,0,0,96,48,6,0,0,0,16,4,0,0,0,0,1 # compose_4x6 r=0
47301,0,0,0,-46980,0,0,0,19494,0,0,0,-4323,0,0,0,540,0,0,0,-36,0,0,0,1 # compose_6x4 r=4
12,0,0,30,0,0,24,0,15,8,0,24,0,0,12,0,6,0,0,6,0,0,0,0,1 # compose_3x8 r=0
21,0,-52,0,36,0,-8,0,26,0,-36,0,12,0,0,0,9,0,-6,0,0,0,0,0,1 # compose_3x8 r=0
27,0,0,0,0,0,0,-20,0,0,0,0,10,0,4,0,0,0,0,-4,0,0,0,0,1 # compose_2x12 r=0
632,0,0,0,-1002,0,501,0,600,0,-600,0,-10,0,240,0,-104,0,-12,0,24,0,-8,0,1 # compose_4x6 r=0
652,0,0,0,0,0,510,0,0,0,0,0,151,0,0,0,0,0,20,0,0,0,0,0,1 # compose_4x6 r=0
1317,0,0,0,0,867,-867,0,0,0,216,-432,216,0,0,24,-72,72,-24,0,1,-4,6,-4,1 # compose_4x6 r=0
18,0,-20,0,4,0,0,0,0,0,0,0,-10,0,4,0,0,0,0,0,0,0,0,0,1 # compose_2x12 r=4
46227,0,0,-46440,-46440,0,19404,38808,19404,-4318,-12954,-12954,-3778,2160,3240,2124,360,-360,-359,-174,-21,20,15,6,1 # compose_6x4 r=0
69,0,102,0,53,0,114,0,107,0,36,0,57,0,36,0,6,0,12,0,4,0,0,0,1 # compose_4x6 r=0
-3,0,0,-10,0,0,4,0,0,0,0,0,-5,0,0,4,0,0,0,0,0,0,0,0,1 # compose_2x12 r=4
13,0,0,0,0,58,29,0,0,0,96,96,24,0,0,64,96,48,8,0,16,32,24,8,1 # compose_4x6 r=0
141,0,0,0,0,78,0,0,78,0,15,0,0,30,0,1,15,0,3,0,0,3,0,0,1 # compose_3x8 r=0
41,0,0,0,-12,0,0,0,1,0,0,0,12,0,0,0,-2,0,0,0,0,0,0,0,1 # compose_2x12 r=0
141,0,0,0,-78,0,0,0,93,0,0,0,-31,0,0,0,18,0,0,0,-3,0,0,0,1 # compose_3x8 r=0
19,33,24,8,1,0,-33,-48,-24,-4,0,0,24,24,6,0,0,0,-8,-4,0,0,0,0,1 # compose_4x6 r=0
4098,6144,3840,1280,-5904,-7656,-3839,-960,3720,3834,1440,240,-1265,-960,-240,-20,240,120,15,0,-24,-6,0,0,1 # compose_6x4 r=0
71,0,0,0,194,0,0,0,240,0,0,0,160,0,0,0,60,0,0,0,12,0,0,0,1 # compose_6x4 r=0
2,0,0,0,4,0,0,0,1,0,0,0,-4,0,0,0,-2,0,0,0,0,0,0,0,1 # compose_2x12 r=4
66,0,0,194,-194,0,240,-480,240,160,-480,480,-100,-240,360,-228,0,120,-119,54,3,-20,15,-6,1 # compose_6x4 r=4
13,0,0,0,14,0,0,0,4,0,0,0,-7,0,0,0,-4,0,0,0,0,0,0,0,1 # compose_2x12 r=0
19,0,0,0,0,0,0,0,0,-20,0,0,-10,0,0,0,0,0,4,0,0,4,0,0,1 # compose_2x12 r=4
27,0,0,0,0,0,0,0,-8,0,0,0,8,0,0,0,1,0,0,0,-2,0,0,0,1 # compose_2x12 r=0
5,0,0,0,0,0,0,3,0,0,0,0,3,0,1,0,0,0,0,2,0,0,0,0,1 # compose_2x12 r=0
2,0,0,15,15,0,24,48,24,23,69,69,38,60,90,66,45,60,61,36,21,20,15,6,1 # compose_6x4 r=0
47086,-93744,77904,-34576,55512,-79056,51928,-17280,22356,-26124,12960,-2880,4562,-4320,1440,-160,540,-360,60,0,36,-12,0,0,1 # compose_6x4 r=0
74,0,0,0,102,0,-102,0,53,0,-106,0,65,0,-36,0,37,0,-16,0,6,0,-4,0,1 # compose_4x6 r=0
74,0,0,0,0,212,106,0,0,0,216,216,54,0,0,96,144,72,12,0,16,32,24,8,1 # compose_4x6 r=4
25,0,-88,0,108,0,-108,0,124,0,-96,0,59,0,-48,0,24,0,-8,0,8,0,0,0,1 # compose_4x6 r=4
15251,0,0,37050,-18525,0,37320,-37320,9330,19976,-29964,14982,3503,-12000,9000,-2040,-2025,2400,-1136,108,210,-160,60,-12,1 # compose_6x4 r=4
75,0,0,0,0,105,105,0,0,0,54,108,54,0,0,12,36,36,12,0,1,4,6,4,1 # compose_4x6 r=0
548,-470,147,-20,1,0,470,-294,60,-4,0,0,147,-60,6,0,0,0,20,-4,0,0,0,0,1 # compose_4x6 r=0
597,0,-490,0,149,0,470,0,-297,0,60,0,145,0,-60,0,6,0,20,0,-4,0,0,0,1 # compose_4x6 r=0
637,0,0,0,0,503,503,0,0,0,150,300,150,0,0,20,60,60,20,0,1,4,6,4,1 # compose_4x6 r=0
634,0,0,0,0,0,502,0,0,0,0,0,150,0,0,0,0,0,20,0,0,0,0,0,1 # compose_4x6 r=0
93,0,0,0,0,114,-114,0,0,0,55,-110,55,0,0,12,-36,36,-12,0,1,-4,6,-4,1 # compose_4x6 r=0
38,0,11,0,1,0,0,0,0,0,0,0,11,0,2,0,0,0,0,0,0,0,0,0,1 # compose_2x12 r=0
85,0,0,-228,-228,0,258,516,258,-163,-489,-489,-103,240,360,228,0,-120,-119,-54,3,20,15,6,1 # compose_6x4 r=4
11,0,0,0,0,0,0,-8,0,0,0,0,-4,0,4,0,0,0,0,4,0,0,0,0,1 # compose_2x12 r=0
49,-15,1,0,0,0,0,0,0,0,0,0,-15,2,0,0,0,0,0,0,0,0,0,0,1 # compose_2x12 r=4
69,0,0,0,0,0,105,0,0,0,0,0,54,0,0,0,0,0,12,0,0,0,0,0,1 # compose_4x6 r=0
18,0,0,0,0,8,0,0,0,0,1,0,8,0,0,0,0,2,0,0,0,0,0,0,1 # compose_2x12 r=0
13,0,0,0,0,0,0,0,-16,0,0,0,8,0,0,0,4,0,0,0,-4,0,0,0,1 # compose_2x12 r=0
2,0,0,0,0,-8,4,0,0,0,24,-24,6,0,0,-32,48,-24,4,0,16,-32,24,-8,1 # compose_4x6 r=0
14,0,0,0,-16,0,0,0,4,0,0,0,-8,0,0,0,4,0,0,0,0,0,0,0,1 # compose_2x12 r=4
1283,0,0,0,-862,0,-862,0,216,0,432,0,192,0,-72,0,-71,0,-20,0,6,0,4,0,1 # compose_4x6 r=4
4,0,0,0,0,3,0,0,3,0,3,0,0,6,0,1,3,0,3,0,0,3,0,0,1 # compose_3x8 r=0
14,0,60,0,96,0,94,0,112,0,96,0,56,0,48,0,24,0,8,0,8,0,0,0,1 # compose_4x6 r=0
4,0,0,0,0,5,0,0,5,0,3,0,0,6,0,1,3,0,3,0,0,3,0,0,1 # compose_3x8 r=0
254,-255,96,-16,1,0,255,-192,48,-4,0,0,96,-48,6,0,0,0,16,-4,0,0,0,0,1 # compose_4x6 r=0
33,0,0,11,0,0,1,0,0,0,0,0,-11,0,0,-2,0,0,0,0,0,0,0,0,1 # compose_2x12 r=0
622,998,600,160,16,0,-499,-600,-240,-32,0,0,150,120,24,0,0,0,-20,-8,0,0,0,0,1 # compose_4x6 r=0
30,0,0,0,12,0,0,0,1,0,0,0,12,0,0,0,2,0,0,0,0,0,0,0,1 # compose_2x12 r=0
678,0,0,0,0,0,520,0,0,0,0,0,152,0,0,0,0,0,20,0,0,0,0,0,1 # compose_4x6 r=0
15247,18525,9330,2497,-18150,-18630,-7490,-1500,9180,7485,2250,300,-2482,-1500,-300,-20,375,150,15,0,-30,-6,0,0,1 # compose_6x4 r=4
41,0,0,0,0,0,0,0,0,0,-11,0,11,0,0,0,0,0,0,0,1,0,-2,0,1 # compose_2x12 r=0
65,0,0,0,96,0,-96,0,52,0,-104,0,64,0,-36,0,37,0,-16,0,6,0,-4,0,1 # compose_4x6 r=0
3,0,0,0,40,0,20,0,84,0,84,0,85,0,96,0,64,0,40,0,24,0,8,0,1 # compose_4x6 r=0
41,0,0,0,0,0,0,0,0,0,-26,0,13,0,0,0,0,0,0,0,4,0,-4,0,1 # compose_2x12 r=0
1187,0,0,-1656,0,0,1680,0,0,-1044,0,0,517,0,0,-176,0,0,48,0,0,-8,0,0,1 # compose_4x6 r=0
65,192,208,96,16,0,-96,-208,-144,-32,0,0,52,72,24,0,0,0,-12,-8,0,0,0,0,1 # compose_4x6 r=0
678,0,0,520,0,0,672,0,0,324,0,0,213,0,0,64,0,0,26,0,0,4,0,0,1 # compose_4x6 r=0
13021,0,0,0,-16059,0,0,0,8261,0,0,0,-2269,0,0,0,351,0,0,0,-29,0,0,0,1 # compose_6x4 r=0
1292,0,0,863,0,0,1079,0,0,456,0,0,289,0,0,76,0,0,30,0,0,4,0,0,1 # compose_4x6 r=0
37,0,0,0,0,0,0,0,0,0,0,-14,14,0,0,0,0,0,0,0,0,0,1,-2,1 # compose_2x12 r=0
13,0,0,0,0,0,0,0,0,-3,0,0,-3,0,0,0,0,0,1,0,0,2,0,0,1 # compose_2x12 r=0
4162,-12384,15408,-10248,10032,-16176,15436,-7680,5772,-7878,5760,-1920,1521,-1920,960,-160,240,-240,60,0,24,-12,0,0,1 # compose_6x4 r=0
4081,-6141,3840,-1280,-5901,7656,-3839,960,3720,-3834,1440,-240,-1265,960,-240,20,240,-120,15,0,-24,6,0,0,1 # compose_6x4 r=4
15753,-37650,37560,-20008,24825,-38520,30076,-12000,11790,-15198,9000,-2400,2741,-3000,1200,-160,375,-300,60,0,30,-12,0,0,1 # compose_6x4 r=0
34,0,0,0,0,0,-30,0,30,0,0,0,9,0,-18,0,9,0,-1,0,3,0,-3,0,1 # compose_3x8 r=0
16,0,0,0,0,0,0,0,0,0,0,-5,5,0,0,0,0,0,0,0,0,0,1,-2,1 # compose_2x12 r=0
-3,0,0,0,0,0,0,0,0,0,0,-2,1,0,0,0,0,0,0,0,0,0,4,-4,1 # compose_2x12 r=4
9,0,0,0,0,0,0,0,0,-14,0,0,-7,0,0,0,0,0,4,0,0,4,0,0,1 # compose_2x12 r=4
15618,0,-37496,0,56248,0,-57500,0,45375,0,-27960,0,13964,0,-5592,0,1815,0,-460,0,90,0,-12,0,1 # compose_6x4 r=0
111,0,-126,0,57,0,114,0,-113,0,36,0,53,0,-36,0,6,0,12,0,-4,0,0,0,1 # compose_4x6 r=0
46226,0,0,92880,-46440,0,77616,-77616,19404,34544,-51816,25908,4322,-17280,12960,-3168,-2340,2880,-1376,168,204,-160,60,-12,1 # compose_6x4 r=0
4033,12192,15312,10232,-2256,-14544,-15284,-7680,1908,7482,5760,1920,-1039,-1920,-960,-160,240,240,60,0,-24,-12,0,0,1 # compose_6x4 r=0
77,0,0,0,0,107,-107,0,0,0,54,-108,54,0,0,12,-36,36,-12,0,1,-4,6,-4,1 # compose_4x6 r=4
3,0,0,0,0,0,0,0,0,0,-1,0,1,0,0,0,0,0,0,0,1,0,-2,0,1 # compose_2x12 r=0
3,0,0,0,0,0,12,0,6,0,0,0,12,0,12,0,3,0,8,0,12,0,6,0,1 # compose_3x8 r=0
9,0,0,0,0,0,0,0,0,0,-3,0,3,0,0,0,0,0,0,0,1,0,-2,0,1 # compose_2x12 r=0
734,0,0,0,1460,0,0,0,1215,0,0,0,540,0,0,0,135,0,0,0,18,0,0,0,1 # compose_6x4 r=0
26,0,0,0,0,0,11,0,0,0,0,0,-10,0,0,0,0,0,-2,0,0,0,0,0,1 # compose_2x12 r=4
7,0,-13,0,6,0,-1,0,13,0,-12,0,3,0,0,0,6,0,-3,0,0,0,0,0,1 # compose_3x8 r=0
37,0,0,0,0,0,0,0,0,0,0,-11,-11,0,0,0,0,0,0,0,0,0,1,2,1 # compose_2x12 r=0
61,-384,960,-1280,768,576,-1856,1920,-720,-768,1440,-960,80,480,-480,160,60,-120,60,0,-12,12,0,0,1 # compose_6x4 r=4
10,0,0,0,0,0,0,8,0,0,0,0,4,0,4,0,0,0,0,4,0,0,0,0,1 # compose_2x12 r=0
89,0,-222,0,216,0,-207,0,232,0,-144,0,86,0,-72,0,24,0,-12,0,8,0,0,0,1 # compose_4x6 r=4
46,0,0,0,0,0,0,0,0,0,0,0,13,0,0,0,0,0,0,0,0,0,0,0,1 # compose_2x12 r=0
3,0,0,0,0,0,0,0,-5,0,0,0,-5,0,0,0,1,0,0,0,2,0,0,0,1 # compose_2x12 r=4
27,0,0,0,0,-10,0,0,0,0,1,0,10,0,0,0,0,-2,0,0,0,0,0,0,1 # compose_2x12 r=0
733,0,0,-1459,-1459,0,1215,2430,1215,-540,-1620,-1620,-405,540,810,522,45,-180,-179,-84,-3,20,15,6,1 # compose_6x4 r=0
53,0,-46,0,12,0,-1,0,46,0,-24,0,3,0,0,0,12,0,-3,0,0,0,0,0,1 # compose_3x8 r=0
11,0,0,0,0,0,0,0,0,0,14,0,-7,0,0,0,0,0,0,0,4,0,-4,0,1 # compose_2x12 r=4
5,0,-6,0,4,0,0,0,0,0,0,0,-3,0,4,0,0,0,0,0,0,0,0,0,1 # compose_2x12 r=0
4091,0,0,-12284,6142,0,15360,-15360,3840,-10240,15360,-7680,5120,-7680,5760,-2688,2160,-1920,1024,-432,264,-160,60,-12,1 # compose_6x4 r=0
269,0,0,0,0,0,-259,0,0,0,0,0,96,0,0,0,0,0,-16,0,0,0,0,0,1 # compose_4x6 r=4
47303,0,93960,0,30996,0,-43392,0,-23742,0,9810,0,5821,0,-1632,0,-660,0,200,0,24,0,-12,0,1 # compose_6x4 r=4
14,0,-16,0,4,0,0,0,0,0,0,0,-8,0,4,0,0,0,0,0,0,0,0,0,1 # compose_2x12 r=4
39,0,0,0,0,0,0,0,0,0,-22,0,-11,0,0,0,0,0,0,0,4,0,4,0,1 # compose_2x12 r=0
54,0,0,0,0,0,0,0,46,0,0,0,0,0,0,0,12,0,0,0,0,0,0,0,1 # compose_3x8 r=0
54,0,0,0,0,0,0,0,0,0,0,0,-14,0,0,0,0,0,0,0,0,0,0,0,1 # compose_2x12 r=0
27,0,0,10,0,0,1,0,0,0,0,0,10,0,0,2,0,0,0,0,0,0,0,0,1 # compose_2x12 r=0
5,0,20,0,40,0,50,0,56,0,60,0,42,0,30,0,24,0,5,0,8,0,0,0,1 # compose_4x6 r=0
7,0,0,12,0,0,4,0,0,0,0,0,6,0,0,4,0,0,0,0,0,0,0,0,1 # compose_2x12 r=0
1,0,0,0,0,0,0,2,0,0,0,0,-1,0,4,0,0,0,0,-4,0,0,0,0,1 # compose_2x12 r=0
11,0,0,0,0,0,0,0,0,0,0,-5,-5,0,0,0,0,0,0,0,0,0,1,2,1 # compose_2x12 r=0
26,0,-9,0,1,0,0,0,0,0,0,0,9,0,-2,0,0,0,0,0,0,0,0,0,1 # compose_2x12 r=0
18,0,0,0,0,0,0,0,16,0,0,0,-8,0,0,0,4,0,0,0,-4,0,0,0,1 # compose_2x12 r=0
4287,0,0,0,-6288,0,0,0,3876,0,0,0,-1283,0,0,0,240,0,0,0,-24,0,0,0,1 # compose_6x4 r=4
623,0,0,-1000,0,0,1100,0,0,-760,0,0,406,0,0,-152,0,0,44,0,0,-8,0,0,1 # compose_4x6 r=0
10,0,0,0,-8,0,0,0,4,0,0,0,4,0,0,0,-4,0,0,0,0,0,0,0,1 # compose_2x12 r=0
3970,0,0,0,-6048,0,0,0,3816,0,0,0,-1278,0,0,0,240,0,0,0,-24,0,0,0,1 # compose_6x4 r=0
47,0,0,0,0,0,0,0,0,-15,0,0,15,0,0,0,0,0,1,0,0,-2,0,0,1 # compose_2x12 r=0
68,0,0,-386,193,0,960,-960,240,-1280,1920,-960,1120,-1920,1440,-864,1020,-960,544,-312,252,-160,60,-12,1 # compose_6x4 r=0
37,0,0,0,0,0,0,0,0,0,24,0,12,0,0,0,0,0,0,0,4,0,4,0,1 # compose_2x12 r=0
1313,0,-1734,0,864,0,675,0,-848,0,288,0,184,0,-144,0,24,0,24,0,-8,0,0,0,1 # compose_4x6 r=0
703,0,530,0,153,0,-510,0,-305,0,-60,0,149,0,60,0,6,0,-20,0,-4,0,0,0,1 # compose_4x6 r=0
1,0,-16,0,32,0,-24,0,-16,0,48,0,-24,0,-24,0,24,0,4,0,-8,0,0,0,1 # compose_4x6 r=4
46227,0,0,0,-46440,0,0,0,19404,0,0,0,-4318,0,0,0,540,0,0,0,-36,0,0,0,1 # compose_6x4 r=0
15753,0,0,0,-18825,0,0,0,9390,0,0,0,-2501,0,0,0,375,0,0,0,-30,0,0,0,1 # compose_6x4 r=0
1370,0,0,0,0,0,-888,0,0,0,0,0,218,0,0,0,0,0,-24,0,0,0,0,0,1 # compose_4x6 r=0
10,0,0,0,0,0,0,0,-6,0,0,0,6,0,0,0,1,0,0,0,-2,0,0,0,1 # compose_2x12 r=0
4105,0,0,0,-6147,0,0,0,3840,0,0,0,-1280,0,0,0,240,0,0,0,-24,0,0,0,1 # compose_6x4 r=4
22,0,0,0,0,0,0,20,0,0,0,0,10,0,4,0,0,0,0,4,0,0,0,0,1 # compose_2x12 r=0
7,0,0,0,0,0,0,0,-6,0,0,0,3,0,0,0,4,0,0,0,-4,0,0,0,1 # compose_2x12 r=0
58,0,0,0,0,0,0,-46,46,0,0,0,0,0,12,-24,12,0,0,0,0,-1,3,-3,1 # compose_3x8 r=0
105,0,0,0,252,0,126,0,228,0,228,0,153,0,144,0,88,0,44,0,24,0,8,0,1 # compose_4x6 r=0
27,0,0,0,0,0,0,-26,26,0,0,0,0,0,9,-18,9,0,0,0,0,-1,3,-3,1 # compose_3x8 r=0
44,0,0,-26,0,0,4,0,0,0,0,0,13,0,0,-4,0,0,0,0,0,0,0,0,1 # compose_2x12 r=0
1283,0,0,-862,0,0,-646,0,0,408,0,0,145,0,0,-68,0,0,-18,0,0,4,0,0,1 # compose_4x6 r=4
697,0,0,530,0,0,683,0,0,326,0,0,214,0,0,64,0,0,26,0,0,4,0,0,1 # compose_4x6 r=0
1281,0,-1722,0,864,0,669,0,-848,0,288,0,184,0,-144,0,24,0,24,0,-8,0,0,0,1 # compose_4x6 r=0
3277,0,5079,0,-1794,0,-5435,0,101,0,2544,0,77,0,-660,0,6,0,95,0,-8,0,-6,0,1 # compose_6x4 r=0
59,-191,240,-160,-131,468,-479,240,180,-474,360,-120,-145,240,-120,20,60,-60,15,0,-12,6,0,0,1 # compose_6x4 r=4
86,0,0,0,0,0,-109,0,0,0,0,0,54,0,0,0,0,0,-12,0,0,0,0,0,1 # compose_4x6 r=0
4102,0,12292,0,21506,0,25600,0,23040,0,16128,0,9024,0,4032,0,1440,0,400,0,84,0,12,0,1 # compose_6x4 r=0
23,0,0,0,0,0,0,-10,0,0,0,0,10,0,1,0,0,0,0,-2,0,0,0,0,1 # compose_2x12 r=0
4223,-6240,3864,-1282,-6000,7704,-3845,960,3744,-3840,1440,-240,-1267,960,-240,20,240,-120,15,0,-24,6,0,0,1 # compose_6x4 r=4
1,0,0,0,3,0,0,0,9,0,0,0,13,0,0,0,11,0,0,0,5,0,0,0,1 # compose_6x4 r=0
237,0,0,0,0,0,-248,0,0,0,0,0,95,0,0,0,0,0,-16,0,0,0,0,0,1 # compose_4x6 r=4
245,0,0,0,0,0,253,0,0,0,0,0,96,0,0,0,0,0,16,0,0,0,0,0,1 # compose_4x6 r=0
727,0,0,1457,-1457,0,1215,-2430,1215,540,-1620,1620,-405,-540,810,-522,45,180,-179,84,-3,-20,15,-6,1 # compose_6x4 r=0
38,0,0,0,0,0,0,0,14,0,0,0,-14,0,0,0,1,0,0,0,-2,0,0,0,1 # compose_2x12 r=4
51,0,0,0,0,0,0,0,0,0,-26,0,-13,0,0,0,0,0,0,0,4,0,4,0,1 # compose_2x12 r=0
13,0,0,0,0,0,0,0,0,0,18,0,9,0,0,0,0,0,0,0,4,0,4,0,1 # compose_2x12 r=0
47090,93744,77904,34576,55512,79056,51928,17280,22356,26124,12960,2880,4562,4320,1440,160,540,360,60,0,36,12,0,0,1 # compose_6x4 r=0
7,0,0,0,0,13,0,0,13,0,6,0,0,12,0,1,6,0,3,0,0,3,0,0,1 # compose_3x8 r=0
79,0,0,0,0,-216,108,0,0,0,216,-216,54,0,0,-96,144,-72,12,0,16,-32,24,-8,1 # compose_4x6 r=4
21,0,0,0,0,0,0,0,0,-9,0,0,-9,0,0,0,0,0,1,0,0,2,0,0,1 # compose_2x12 r=0
3967,0,12096,0,9216,0,-5040,0,-7680,0,756,0,2626,0,-192,0,-480,0,80,0,36,0,-12,0,1 # compose_6x4 r=4
