# IGP24 batch: one polynomial per distinct (group fingerprint, signature) cluster.
-3,-2,4,0,0,0,0,0,0,0,0,0,1,-4,0,0,0,0,0,0,0,0,0,0,1 # compose_2x12 r=2
-6,0,0,0,0,0,0,0,0,0,0,0,-4,0,0,0,0,0,0,0,0,0,0,0,1 # compose_2x12 r=2
-7,0,0,10,0,0,4,0,0,0,0,0,5,0,0,4,0,0,0,0,0,0,0,0,1 # compose_2x12 r=2
1,-10,6,-1,0,0,0,0,10,-12,3,0,0,0,0,0,6,-3,0,0,0,0,0,0,1 # compose_3x8 r=2
-1,0,0,0,0,0,0,0,0,0,2,0,-2,0,0,0,0,0,0,0,1,0,-2,0,1 # compose_2x12 r=2
122,0,0,0,0,0,0,-148,74,0,0,0,0,0,60,-60,15,0,0,0,0,-8,12,-6,1 # compose_3x8 r=2
3,0,0,-40,0,0,104,0,0,-148,0,0,133,0,0,-80,0,0,32,0,0,-8,0,0,1 # compose_4x6 r=2
-75,102,-48,8,0,0,0,0,51,-48,12,0,0,0,0,0,-12,6,0,0,0,0,0,0,1 # compose_3x8 r=2
-218,0,216,0,-72,0,8,0,108,0,-72,0,12,0,0,0,-18,0,6,0,0,0,0,0,1 # compose_3x8 r=2
-4,0,0,-3,0,0,-3,0,3,-1,0,6,0,0,3,0,-3,0,0,-3,0,0,0,0,1 # compose_3x8 r=2
-25,0,0,0,0,0,54,0,27,0,0,0,-36,0,-36,0,-9,0,8,0,12,0,6,0,1 # compose_3x8 r=2
-59,0,0,46,0,0,-12,0,46,1,0,-24,0,0,3,0,-12,0,0,3,0,0,0,0,1 # compose_3x8 r=2
-11,0,0,0,0,0,0,-15,15,0,0,0,0,0,-6,12,-6,0,0,0,0,-1,3,-3,1 # compose_3x8 r=2
-5,0,0,0,0,6,0,0,0,0,4,0,3,0,0,0,0,4,0,0,0,0,0,0,1 # compose_2x12 r=2
-221,0,0,0,-109,0,0,0,91,0,0,0,35,0,0,0,-15,0,0,0,-3,0,0,0,1 # compose_3x8 r=2
-3,0,0,0,3,0,0,0,12,0,0,0,19,0,0,0,15,0,0,0,6,0,0,0,1 # compose_6x4 r=2
-131,0,0,-76,0,0,-15,0,76,-1,0,30,0,0,3,0,-15,0,0,-3,0,0,0,0,1 # compose_3x8 r=2
-3,0,-6,0,-3,0,-1,0,6,0,6,0,3,0,0,0,-3,0,-3,0,0,0,0,0,1 # compose_3x8 r=2
-2,0,0,0,0,0,0,4,0,0,0,0,2,0,4,0,0,0,0,4,0,0,0,0,1 # compose_2x12 r=2
2,-18,60,-160,249,-252,304,-480,495,-312,360,-480,260,-120,240,-160,15,-60,60,0,6,-12,0,0,1 # compose_6x4 r=2
-9,0,0,0,0,0,0,0,0,0,0,-3,3,0,0,0,0,0,0,0,0,0,1,-2,1 # compose_2x12 r=2
-3,0,-6,0,-12,0,-8,0,3,0,12,0,12,0,0,0,-3,0,-6,0,0,0,0,0,1 # compose_3x8 r=2
-21,0,0,-52,0,0,-36,0,26,-8,0,36,0,0,12,0,-9,0,0,-6,0,0,0,0,1 # compose_3x8 r=2
-7,0,0,0,-26,0,0,0,-11,0,0,0,16,0,0,0,6,0,0,0,-6,0,0,0,1 # compose_3x8 r=2
-2,0,0,0,0,0,2,0,0,0,0,0,6,0,0,0,0,0,4,0,0,0,0,0,1 # compose_4x6 r=2
-1,0,0,0,0,6,0,0,3,0,12,0,0,12,0,8,3,0,12,0,0,6,0,0,1 # compose_3x8 r=2
-22,0,0,0,0,0,0,26,26,0,0,0,0,0,-9,-18,-9,0,0,0,0,1,3,3,1 # compose_3x8 r=2
-230,0,0,0,110,0,0,0,92,0,0,0,-35,0,0,0,-15,0,0,0,3,0,0,0,1 # compose_3x8 r=2
-7,0,0,0,0,0,4,0,0,0,0,0,-3,0,0,0,0,0,-2,0,0,0,0,0,1 # compose_2x12 r=2
-9,0,0,0,0,0,0,0,0,0,-1,0,1,0,0,0,0,0,0,0,1,0,-2,0,1 # compose_2x12 r=2
-74,50,-12,1,0,0,0,0,50,-24,3,0,0,0,0,0,-12,3,0,0,0,0,0,0,1 # compose_3x8 r=2
-6,0,0,0,0,0,0,0,0,0,0,0,0,0,0,0,1,0,0,0,2,0,0,0,1 # compose_2x12 r=2
-1,0,0,0,0,0,0,-2,1,0,0,0,0,0,-12,12,-3,0,0,0,0,-8,12,-6,1 # compose_3x8 r=2
-137,0,77,0,-15,0,1,0,77,0,-30,0,3,0,0,0,-15,0,3,0,0,0,0,0,1 # compose_3x8 r=2
-3,0,0,0,0,0,0,0,0,0,0,0,3,0,6,0,3,0,1,0,3,0,3,0,1 # compose_3x8 r=2
-197,0,0,0,-105,0,0,0,87,0,0,0,35,0,0,0,-15,0,0,0,-3,0,0,0,1 # compose_3x8 r=6
-1,0,0,18,0,0,-24,0,9,8,0,-24,0,0,12,0,-6,0,0,6,0,0,0,0,1 # compose_3x8 r=6
-13,0,0,0,0,-14,0,0,14,0,-6,0,0,12,0,-1,-6,0,3,0,0,-3,0,0,1 # compose_3x8 r=2
-6,0,0,0,0,0,0,2,0,0,0,0,-2,0,1,0,0,0,0,-2,0,0,0,0,1 # compose_2x12 r=2
-2,0,0,0,0,0,0,0,-5,0,0,0,5,0,0,0,1,0,0,0,-2,0,0,0,1 # compose_2x12 r=2
-23,0,0,0,-26,0,0,0,17,0,0,0,17,0,0,0,-6,0,0,0,-3,0,0,0,1 # compose_3x8 r=2
-4,0,4,0,12,0,-30,0,28,0,-48,0,35,0,-24,0,24,0,-4,0,8,0,0,0,1 # compose_4x6 r=2
-10,0,0,0,0,0,0,0,0,0,0,0,-1,0,0,0,0,0,0,0,0,0,0,0,1 # compose_2x12 r=2
-5,0,0,0,0,0,-4,0,4,0,0,0,-3,0,6,0,-3,0,-1,0,3,0,-3,0,1 # compose_3x8 r=2
-37,0,0,0,0,0,0,0,30,0,0,0,0,0,0,0,-9,0,0,0,0,0,0,0,1 # compose_3x8 r=2
-70,0,0,0,0,0,0,0,50,0,0,0,0,0,0,0,-12,0,0,0,0,0,0,0,1 # compose_3x8 r=2
2,5,1,0,0,0,0,0,0,0,0,0,5,2,0,0,0,0,0,0,0,0,0,0,1 # compose_2x12 r=2
-29,0,0,0,0,-27,0,0,27,0,-9,0,0,18,0,-1,-9,0,3,0,0,-3,0,0,1 # compose_3x8 r=2
-70,0,0,0,0,100,0,0,50,0,-48,0,0,-48,0,8,-12,0,12,0,0,6,0,0,1 # compose_3x8 r=2
-5,0,0,0,-1,0,-1,0,6,0,12,0,2,0,-12,0,-11,0,0,0,6,0,4,0,1 # compose_4x6 r=2
-6,0,0,0,0,0,0,0,-4,0,0,0,-2,0,0,0,4,0,0,0,4,0,0,0,1 # compose_2x12 r=2
-8,0,0,0,0,0,0,0,0,0,0,0,0,0,1,0,0,0,0,-2,0,0,0,0,1 # compose_2x12 r=2
-8,0,0,0,0,6,0,0,0,0,4,0,3,0,0,0,0,4,0,0,0,0,0,0,1 # compose_2x12 r=2
-199,0,0,0,0,0,-210,0,105,0,0,0,-72,0,72,0,-18,0,-8,0,12,0,-6,0,1 # compose_3x8 r=6
-4,0,0,0,0,0,0,0,0,0,8,0,4,0,0,0,0,0,0,0,4,0,4,0,1 # compose_2x12 r=2
-77,102,-48,8,0,0,0,0,51,-48,12,0,0,0,0,0,-12,6,0,0,0,0,0,0,1 # compose_3x8 r=2
-1,0,0,0,4,0,0,0,1,0,0,0,-5,0,0,0,0,0,0,0,3,0,0,0,1 # compose_3x8 r=2
-2,0,0,0,4,0,0,0,14,0,0,0,20,0,0,0,15,0,0,0,6,0,0,0,1 # compose_3x8 r=2
-29,0,0,-54,0,0,-36,0,27,-8,0,36,0,0,12,0,-9,0,0,-6,0,0,0,0,1 # compose_3x8 r=2
-8,0,0,0,8,0,0,0,4,0,0,0,4,0,0,0,4,0,0,0,0,0,0,0,1 # compose_2x12 r=2
-65,0,0,49,0,0,-12,0,49,1,0,-24,0,0,3,0,-12,0,0,3,0,0,0,0,1 # compose_3x8 r=2
-13,-26,-24,-8,0,0,0,0,13,24,12,0,0,0,0,0,-6,-6,0,0,0,0,0,0,1 # compose_3x8 r=2
-6,0,0,0,0,0,0,24,12,0,0,0,0,0,-24,-24,-6,0,0,0,0,8,12,6,1 # compose_3x8 r=2
-3,0,0,0,0,0,1,0,0,0,0,0,6,0,0,0,0,0,4,0,0,0,0,0,1 # compose_4x6 r=2
-26,-26,-9,-1,0,0,0,0,26,18,3,0,0,0,0,0,-9,-3,0,0,0,0,0,0,1 # compose_3x8 r=2
-5,0,0,0,-1,0,1,0,6,0,-12,0,2,0,12,0,-11,0,0,0,6,0,-4,0,1 # compose_4x6 r=2
-218,0,0,0,0,0,0,0,108,0,0,0,0,0,0,0,-18,0,0,0,0,0,0,0,1 # compose_3x8 r=2
-7,0,0,0,0,0,0,12,6,0,0,0,0,0,-12,-12,-3,0,0,0,0,8,12,6,1 # compose_3x8 r=2
-5,0,12,8,0,0,0,0,0,12,12,0,0,0,0,0,3,6,0,0,0,0,0,0,1 # compose_3x8 r=2
-206,0,0,0,0,0,0,212,106,0,0,0,0,0,-72,-72,-18,0,0,0,0,8,12,6,1 # compose_3x8 r=2
-16,0,0,0,-30,0,0,0,-9,0,0,0,16,0,0,0,6,0,0,0,-6,0,0,0,1 # compose_3x8 r=2
-7,0,0,0,0,0,0,0,0,2,0,0,-2,0,0,0,0,0,1,0,0,-2,0,0,1 # compose_2x12 r=2
-35,0,0,0,0,0,0,30,30,0,0,0,0,0,-9,-18,-9,0,0,0,0,1,3,3,1 # compose_3x8 r=2
-2,0,0,0,0,0,9,-18,9,-18,54,-54,33,-60,90,-66,45,-60,61,-36,21,-20,15,-6,1 # compose_6x4 r=2
-23,0,26,0,-9,0,1,0,26,0,-18,0,3,0,0,0,-9,0,3,0,0,0,0,0,1 # compose_3x8 r=2
-208,0,0,0,214,0,0,0,35,0,0,0,-64,0,0,0,-6,0,0,0,6,0,0,0,1 # compose_3x8 r=2
-236,0,0,0,0,0,111,0,111,0,0,0,-18,0,-36,0,-18,0,1,0,3,0,3,0,1 # compose_3x8 r=2
-6,0,0,0,0,0,0,0,-4,0,0,0,4,0,0,0,1,0,0,0,-2,0,0,0,1 # compose_2x12 r=2
21,0,0,0,0,0,0,52,26,0,0,0,0,0,36,36,9,0,0,0,0,8,12,6,1 # compose_3x8 r=2
-129,-152,-60,-8,0,0,0,0,76,60,12,0,0,0,0,0,-15,-6,0,0,0,0,0,0,1 # compose_3x8 r=2
-7,0,0,-2,0,0,1,0,0,0,0,0,2,0,0,-2,0,0,0,0,0,0,0,0,1 # compose_2x12 r=2
-2,0,0,0,2,0,0,0,-11,0,0,0,-4,0,0,0,9,0,0,0,6,0,0,0,1 # compose_3x8 r=2
-2,0,0,0,0,-4,-4,0,0,0,6,12,6,0,0,-4,-12,-12,-4,0,1,4,6,4,1 # compose_4x6 r=2
-2,0,0,0,0,0,0,0,0,10,0,0,5,0,0,0,0,0,4,0,0,4,0,0,1 # compose_2x12 r=2
-11,0,0,0,0,0,0,0,0,-6,0,0,3,0,0,0,0,0,4,0,0,-4,0,0,1 # compose_2x12 r=2
-7,0,0,0,6,0,0,0,3,0,0,0,-5,0,0,0,0,0,0,0,3,0,0,0,1 # compose_3x8 r=2
-7,0,0,0,0,0,0,0,0,0,0,0,0,0,0,0,0,0,0,0,0,0,1,2,1 # compose_2x12 r=2
-118,0,0,0,148,0,0,0,14,0,0,0,-52,0,0,0,-3,0,0,0,6,0,0,0,1 # compose_3x8 r=2
-51,0,0,0,0,90,0,0,45,0,-48,0,0,-48,0,8,-12,0,12,0,0,6,0,0,1 # compose_3x8 r=6
-6,0,0,0,0,0,12,0,12,0,0,0,-6,0,-12,0,-6,0,1,0,3,0,3,0,1 # compose_3x8 r=2
-1,4,3,1,0,0,0,0,4,6,3,0,0,0,0,0,3,3,0,0,0,0,0,0,1 # compose_3x8 r=2
8,0,0,0,0,0,0,0,0,-14,0,0,7,0,0,0,0,0,4,0,0,-4,0,0,1 # compose_2x12 r=2
-9,0,0,0,0,0,0,0,0,0,3,0,3,0,0,0,0,0,0,0,1,0,2,0,1 # compose_2x12 r=2
-1,0,0,2,0,0,4,0,0,0,0,0,1,0,0,4,0,0,0,0,0,0,0,0,1 # compose_2x12 r=2
-3,0,12,0,4,0,0,0,0,0,0,0,-6,0,-4,0,0,0,0,0,0,0,0,0,1 # compose_2x12 r=6
-1,0,0,0,0,0,0,0,0,0,0,-4,-4,0,0,0,0,0,0,0,0,0,1,2,1 # compose_2x12 r=2
-4,0,0,1,0,0,3,0,1,1,0,6,0,0,3,0,3,0,0,3,0,0,0,0,1 # compose_3x8 r=2
-6,12,-12,8,0,0,0,0,6,-12,12,0,0,0,0,0,-3,6,0,0,0,0,0,0,1 # compose_3x8 r=2
-7,0,0,0,0,2,0,0,0,0,4,0,1,0,0,0,0,4,0,0,0,0,0,0,1 # compose_2x12 r=2
-1,0,0,0,-9,0,0,0,15,0,0,0,-13,0,0,0,9,0,0,0,-3,0,0,0,1 # compose_3x8 r=2
-5,0,0,22,0,0,-24,0,11,8,0,-24,0,0,12,0,-6,0,0,6,0,0,0,0,1 # compose_3x8 r=2
-3,0,0,0,0,0,0,0,0,0,0,0,-4,0,0,0,0,0,0,0,0,0,0,0,1 # compose_2x12 r=2
-70,0,0,50,0,0,-12,0,50,1,0,-24,0,0,3,0,-12,0,0,3,0,0,0,0,1 # compose_3x8 r=2
61,0,0,0,0,-192,96,0,0,0,208,-208,52,0,0,-96,144,-72,12,0,16,-32,24,-8,1 # compose_4x6 r=2
-7,0,0,0,0,0,0,0,0,0,0,-1,-1,0,0,0,0,0,0,0,0,0,1,2,1 # compose_2x12 r=2
-3,0,0,0,0,0,4,0,0,-4,0,0,-7,0,0,8,0,0,2,0,0,-4,0,0,1 # compose_4x6 r=2
-1,0,0,0,3,0,0,0,6,0,0,0,-17,0,0,0,15,0,0,0,-6,0,0,0,1 # compose_6x4 r=2
-21,0,0,0,0,48,0,0,24,0,-36,0,0,-36,0,8,-9,0,12,0,0,6,0,0,1 # compose_3x8 r=2
-201,0,0,0,0,-210,0,0,105,0,-72,0,0,72,0,-8,-18,0,12,0,0,-6,0,0,1 # compose_3x8 r=2
-3,0,0,0,0,0,0,0,0,0,-2,0,1,0,0,0,0,0,0,0,4,0,-4,0,1 # compose_2x12 r=6
-143,0,0,0,0,0,0,-78,78,0,0,0,0,0,-15,30,-15,0,0,0,0,-1,3,-3,1 # compose_3x8 r=2
-79,0,102,0,-48,0,8,0,51,0,-48,0,12,0,0,0,-12,0,6,0,0,0,0,0,1 # compose_3x8 r=2
-107,72,-15,1,0,0,0,0,72,-30,3,0,0,0,0,0,-15,3,0,0,0,0,0,0,1 # compose_3x8 r=2
-5,0,0,18,0,0,-24,0,9,8,0,-24,0,0,12,0,-6,0,0,6,0,0,0,0,1 # compose_3x8 r=2
-128,150,-60,8,0,0,0,0,75,-60,12,0,0,0,0,0,-15,6,0,0,0,0,0,0,1 # compose_3x8 r=2
-30,0,0,0,0,-27,0,0,27,0,-9,0,0,18,0,-1,-9,0,3,0,0,-3,0,0,1 # compose_3x8 r=2
-230,0,0,0,0,0,0,110,110,0,0,0,0,0,-18,-36,-18,0,0,0,0,1,3,3,1 # compose_3x8 r=2
-38,0,0,0,60,0,0,0,-6,0,0,0,-28,0,0,0,3,0,0,0,6,0,0,0,1 # compose_3x8 r=2
-7,0,0,-11,0,0,-6,0,11,-1,0,12,0,0,3,0,-6,0,0,-3,0,0,0,0,1 # compose_3x8 r=2
-11,0,0,0,0,0,0,0,0,0,4,0,0,0,0,0,0,4,0,0,0,0,0,0,1 # compose_2x12 r=2
-13,0,0,0,0,1,0,0,0,0,1,0,-1,0,0,0,0,-2,0,0,0,0,0,0,1 # compose_2x12 r=2
1,0,0,0,0,-9,0,0,9,0,-6,0,0,12,0,-1,-6,0,3,0,0,-3,0,0,1 # compose_3x8 r=2
-1,0,-10,0,4,0,0,0,0,0,0,0,5,0,-4,0,0,0,0,0,0,0,0,0,1 # compose_2x12 r=2
-3,0,0,-5,5,0,15,-30,15,-20,60,-60,35,-60,90,-66,45,-60,61,-36,21,-20,15,-6,1 # compose_6x4 r=2
-118,73,-15,1,0,0,0,0,73,-30,3,0,0,0,0,0,-15,3,0,0,0,0,0,0,1 # compose_3x8 r=2
-136,0,0,0,0,77,0,0,77,0,-15,0,0,-30,0,1,-15,0,3,0,0,3,0,0,1 # compose_3x8 r=2
-3,0,0,0,0,0,0,3,3,0,0,0,0,0,-3,-6,-3,0,0,0,0,1,3,3,1 # compose_3x8 r=2
-232,0,0,0,0,0,0,-222,111,0,0,0,0,0,-72,72,-18,0,0,0,0,-8,12,-6,1 # compose_3x8 r=2
-5,0,0,0,0,6,0,0,0,0,4,0,-3,0,0,0,0,-4,0,0,0,0,0,0,1 # compose_2x12 r=2
-65,0,0,0,0,-49,0,0,49,0,-12,0,0,24,0,-1,-12,0,3,0,0,-3,0,0,1 # compose_3x8 r=2
-112,0,0,0,0,0,73,0,73,0,0,0,-15,0,-30,0,-15,0,1,0,3,0,3,0,1 # compose_3x8 r=2
3,-10,4,0,0,0,0,0,0,0,0,0,5,-4,0,0,0,0,0,0,0,0,0,0,1 # compose_2x12 r=2
-3,0,0,0,0,0,0,0,0,0,3,0,0,-6,0,-1,3,0,3,0,0,-3,0,0,1 # compose_3x8 r=2
-1,0,0,0,0,2,-2,0,0,0,5,-10,5,0,0,4,-12,12,-4,0,1,-4,6,-4,1 # compose_4x6 r=2
1,0,0,-3,0,0,-3,0,3,-1,0,6,0,0,3,0,-3,0,0,-3,0,0,0,0,1 # compose_3x8 r=2
-2,0,0,0,0,0,0,0,0,0,12,0,-6,0,0,0,0,0,0,0,4,0,-4,0,1 # compose_2x12 r=6
-7,0,0,-4,0,0,1,0,0,0,0,0,4,0,0,-2,0,0,0,0,0,0,0,0,1 # compose_2x12 r=2
26,0,0,0,0,0,0,52,26,0,0,0,0,0,36,36,9,0,0,0,0,8,12,6,1 # compose_3x8 r=2
-69,0,0,98,0,0,-48,0,49,8,0,-48,0,0,12,0,-12,0,0,6,0,0,0,0,1 # compose_3x8 r=2
-31,0,0,0,0,0,58,0,29,0,0,0,-36,0,-36,0,-9,0,8,0,12,0,6,0,1 # compose_3x8 r=2
-5,0,6,0,4,0,0,0,0,0,0,0,3,0,4,0,0,0,0,0,0,0,0,0,1 # compose_2x12 r=2
-19,50,-36,8,0,0,0,0,25,-36,12,0,0,0,0,0,-9,6,0,0,0,0,0,0,1 # compose_3x8 r=2
-7,0,0,0,0,0,0,0,0,0,1,0,-1,0,0,0,0,0,0,0,1,0,-2,0,1 # compose_2x12 r=2
-23,0,52,0,-36,0,8,0,26,0,-36,0,12,0,0,0,-9,0,6,0,0,0,0,0,1 # compose_3x8 r=2
-62,0,0,0,0,0,0,0,48,0,0,0,0,0,0,0,-12,0,0,0,0,0,0,0,1 # compose_3x8 r=2
5,0,0,0,0,0,0,0,0,-14,0,0,7,0,0,0,0,0,4,0,0,-4,0,0,1 # compose_2x12 r=2
-143,0,78,0,-15,0,1,0,78,0,-30,0,3,0,0,0,-15,0,3,0,0,0,0,0,1 # compose_3x8 r=2
2,0,0,0,0,0,0,4,2,0,0,0,0,0,-12,-12,-3,0,0,0,0,8,12,6,1 # compose_3x8 r=2
-118,0,0,0,0,0,0,148,74,0,0,0,0,0,-60,-60,-15,0,0,0,0,8,12,6,1 # compose_3x8 r=2
-7,-1,1,0,0,0,0,0,0,0,0,0,1,-2,0,0,0,0,0,0,0,0,0,0,1 # compose_2x12 r=2
-3,0,0,0,0,4,0,0,0,0,1,0,-4,0,0,0,0,-2,0,0,0,0,0,0,1 # compose_2x12 r=2
-5,0,0,0,0,0,0,12,6,0,0,0,0,0,-12,-12,-3,0,0,0,0,8,12,6,1 # compose_3x8 r=2
67,-390,960,-1280,1155,-1344,1984,-1920,1200,-1152,1440,-960,400,-480,480,-160,60,-120,60,0,12,-12,0,0,1 # compose_6x4 r=2
-5,1,1,0,0,0,0,0,0,0,0,0,1,2,0,0,0,0,0,0,0,0,0,0,1 # compose_2x12 r=2
-122,0,0,0,0,-75,0,0,75,0,-15,0,0,30,0,-1,-15,0,3,0,0,-3,0,0,1 # compose_3x8 r=2
-1,0,-7,0,1,0,0,0,0,0,0,0,7,0,-2,0,0,0,0,0,0,0,0,0,1 # compose_2x12 r=2
-65,0,-98,0,-48,0,-8,0,49,0,48,0,12,0,0,0,-12,0,-6,0,0,0,0,0,1 # compose_3x8 r=2
-128,0,0,150,0,0,-60,0,75,8,0,-60,0,0,12,0,-15,0,0,6,0,0,0,0,1 # compose_3x8 r=2
-19,0,0,0,0,0,25,0,25,0,0,0,-9,0,-18,0,-9,0,1,0,3,0,3,0,1 # compose_3x8 r=2
-3,0,0,0,0,0,0,3,0,0,0,0,-3,0,1,0,0,0,0,-2,0,0,0,0,1 # compose_2x12 r=2
-213,107,-18,1,0,0,0,0,107,-36,3,0,0,0,0,0,-18,3,0,0,0,0,0,0,1 # compose_3x8 r=2
-9,0,0,0,13,0,0,0,7,0,0,0,-11,0,0,0,-3,0,0,0,3,0,0,0,1 # compose_3x8 r=2
-2,0,0,0,0,0,0,0,0,0,0,0,5,0,0,0,0,0,0,0,0,0,0,0,1 # compose_2x12 r=2
-2,0,0,6,0,0,-3,0,6,1,0,-6,0,0,3,0,-3,0,0,3,0,0,0,0,1 # compose_3x8 r=2
-1,0,0,0,0,5,0,0,5,0,-3,0,0,-6,0,1,-3,0,3,0,0,3,0,0,1 # compose_3x8 r=2
-25,0,0,54,0,0,-36,0,27,8,0,-36,0,0,12,0,-9,0,0,6,0,0,0,0,1 # compose_3x8 r=2
254,0,0,0,0,512,256,0,0,0,384,384,96,0,0,128,192,96,16,0,16,32,24,8,1 # compose_4x6 r=2
-3,0,0,0,0,0,0,0,0,-4,0,0,4,0,0,0,0,0,1,0,0,-2,0,0,1 # compose_2x12 r=2
-5,0,0,4,0,0,10,0,0,-44,0,0,67,0,0,-56,0,0,28,0,0,-8,0,0,1 # compose_4x6 r=2
-199,0,0,105,0,0,-18,0,105,1,0,-36,0,0,3,0,-18,0,0,3,0,0,0,0,1 # compose_3x8 r=6
-235,-111,-18,-1,0,0,0,0,111,36,3,0,0,0,0,0,-18,-3,0,0,0,0,0,0,1 # compose_3x8 r=2
-1,0,0,0,0,0,-3,0,0,1,0,-6,0,0,3,0,-3,0,0,3,0,0,0,0,1 # compose_3x8 r=2
-14,0,0,0,-14,0,0,0,8,0,0,0,11,0,0,0,-3,0,0,0,-3,0,0,0,1 # compose_3x8 r=2
-11,0,0,0,0,0,-14,0,14,0,0,0,-6,0,12,0,-6,0,-1,0,3,0,-3,0,1 # compose_3x8 r=2
-1,4,20,32,16,0,2,20,48,32,0,0,5,24,24,0,0,0,4,8,0,0,0,0,1 # compose_4x6 r=2
-2,0,0,0,0,0,0,0,-8,0,0,0,4,0,0,0,4,0,0,0,-4,0,0,0,1 # compose_2x12 r=2
-1,0,0,0,0,0,0,0,0,0,0,-7,7,0,0,0,0,0,0,0,0,0,1,-2,1 # compose_2x12 r=2
-8,0,0,-4,0,0,1,0,0,0,0,0,-4,0,0,2,0,0,0,0,0,0,0,0,1 # compose_2x12 r=2
-9,0,0,0,1,0,0,0,1,0,0,0,1,0,0,0,2,0,0,0,0,0,0,0,1 # compose_2x12 r=2
-129,0,0,0,0,0,0,0,76,0,0,0,0,0,0,0,-15,0,0,0,0,0,0,0,1 # compose_3x8 r=2
-1,0,0,0,0,0,0,8,4,0,0,0,0,0,-12,-12,-3,0,0,0,0,8,12,6,1 # compose_3x8 r=2
-73,-51,-12,-1,0,0,0,0,51,24,3,0,0,0,0,0,-12,-3,0,0,0,0,0,0,1 # compose_3x8 r=2
-5,24,-24,8,0,0,0,0,12,-24,12,0,0,0,0,0,-6,6,0,0,0,0,0,0,1 # compose_3x8 r=2
-55,-90,-48,-8,0,0,0,0,45,48,12,0,0,0,0,0,-12,-6,0,0,0,0,0,0,1 # compose_3x8 r=2
-117,74,-15,1,0,0,0,0,74,-30,3,0,0,0,0,0,-15,3,0,0,0,0,0,0,1 # compose_3x8 r=2
221,0,0,0,0,0,0,218,109,0,0,0,0,0,72,72,18,0,0,0,0,8,12,6,1 # compose_3x8 r=2
-129,0,0,0,0,0,0,152,76,0,0,0,0,0,-60,-60,-15,0,0,0,0,8,12,6,1 # compose_3x8 r=2
-5,0,0,0,0,0,-1,0,0,0,0,0,0,0,0,0,0,0,2,0,0,0,0,0,1 # compose_2x12 r=2
649,0,0,2754,1377,0,4752,4752,1188,4296,6444,3222,2697,4320,3240,1656,1575,1440,784,372,258,160,60,12,1 # compose_6x4 r=2
-128,0,0,0,0,0,0,75,75,0,0,0,0,0,-15,-30,-15,0,0,0,0,1,3,3,1 # compose_3x8 r=2
-59,92,-48,8,0,0,0,0,46,-48,12,0,0,0,0,0,-12,6,0,0,0,0,0,0,1 # compose_3x8 r=2
207,0,0,0,0,0,0,212,106,0,0,0,0,0,72,72,18,0,0,0,0,8,12,6,1 # compose_3x8 r=2
-213,0,0,0,-216,0,0,0,36,0,0,0,64,0,0,0,-6,0,0,0,-6,0,0,0,1 # compose_3x8 r=2
-112,73,-15,1,0,0,0,0,73,-30,3,0,0,0,0,0,-15,3,0,0,0,0,0,0,1 # compose_3x8 r=2
-1,0,0,0,0,0,0,-9,9,0,0,0,0,0,6,-12,6,0,0,0,0,-1,3,-3,1 # compose_3x8 r=2
-5,0,-1,0,6,0,-3,0,-11,0,12,0,2,0,-12,0,6,0,4,0,-4,0,0,0,1 # compose_4x6 r=2
-3,0,0,0,0,0,0,0,0,0,0,0,0,0,0,0,0,0,0,0,4,0,4,0,1 # compose_2x12 r=2
-7,0,-6,0,4,0,0,0,0,0,0,0,3,0,-4,0,0,0,0,0,0,0,0,0,1 # compose_2x12 r=2
-1,0,-1,0,-3,0,-1,0,1,0,6,0,3,0,0,0,-3,0,-3,0,0,0,0,0,1 # compose_3x8 r=2
-33,0,28,0,-9,0,1,0,28,0,-18,0,3,0,0,0,-9,0,3,0,0,0,0,0,1 # compose_3x8 r=2
-136,0,0,0,0,0,0,77,77,0,0,0,0,0,-15,-30,-15,0,0,0,0,1,3,3,1 # compose_3x8 r=2
-4,0,0,0,0,-5,0,0,5,0,-3,0,0,6,0,-1,-3,0,3,0,0,-3,0,0,1 # compose_3x8 r=2
-71,0,0,0,0,0,0,100,50,0,0,0,0,0,-48,-48,-12,0,0,0,0,8,12,6,1 # compose_3x8 r=2
61,0,0,382,191,0,960,960,240,1280,1920,960,1120,1920,1440,864,1020,960,544,312,252,160,60,12,1 # compose_6x4 r=2
-58,0,0,0,47,0,0,0,35,0,0,0,-23,0,0,0,-9,0,0,0,3,0,0,0,1 # compose_3x8 r=2
-4,0,0,10,0,0,-12,0,5,8,0,-12,0,0,12,0,-3,0,0,6,0,0,0,0,1 # compose_3x8 r=2
-3,0,0,0,0,0,0,0,9,0,0,0,18,0,0,0,15,0,0,0,6,0,0,0,1 # compose_6x4 r=2
-1,0,0,0,0,0,0,0,3,0,0,0,-3,0,0,0,1,0,0,0,-2,0,0,0,1 # compose_2x12 r=2
-3,0,0,0,0,5,0,0,0,0,1,0,-5,0,0,0,0,-2,0,0,0,0,0,0,1 # compose_2x12 r=2
-9,0,0,0,0,0,0,0,0,0,6,0,3,0,0,0,0,0,0,0,4,0,4,0,1 # compose_2x12 r=2
-2,0,0,0,0,0,0,0,4,0,0,0,2,0,0,0,4,0,0,0,4,0,0,0,1 # compose_2x12 r=2
128,0,0,0,0,0,0,150,75,0,0,0,0,0,60,60,15,0,0,0,0,8,12,6,1 # compose_3x8 r=2
-29,0,0,56,0,0,-36,0,28,8,0,-36,0,0,12,0,-9,0,0,6,0,0,0,0,1 # compose_3x8 r=2
-7,0,0,-1,0,0,1,0,0,0,0,0,-1,0,0,2,0,0,0,0,0,0,0,0,1 # compose_2x12 r=2
-61,0,0,94,0,0,-48,0,47,8,0,-48,0,0,12,0,-12,0,0,6,0,0,0,0,1 # compose_3x8 r=2
-1,0,0,0,0,0,0,-4,4,0,0,0,0,0,-3,6,-3,0,0,0,0,-1,3,-3,1 # compose_3x8 r=2
-10,0,0,0,0,0,0,0,0,0,0,2,-2,0,0,0,0,0,0,0,0,0,1,-2,1 # compose_2x12 r=2
-8,0,0,0,0,0,0,0,-3,0,0,0,-3,0,0,0,1,0,0,0,2,0,0,0,1 # compose_2x12 r=2
-53,0,0,0,46,0,0,0,34,0,0,0,-23,0,0,0,-9,0,0,0,3,0,0,0,1 # compose_3x8 r=2
-5,0,0,0,0,0,-8,0,4,0,0,0,-12,0,12,0,-3,0,-8,0,12,0,-6,0,1 # compose_3x8 r=2
-5,0,0,0,0,0,0,6,6,0,0,0,0,0,-3,-6,-3,0,0,0,0,1,3,3,1 # compose_3x8 r=2
-19,0,50,0,-36,0,8,0,25,0,-36,0,12,0,0,0,-9,0,6,0,0,0,0,0,1 # compose_3x8 r=2
-13,15,-6,1,0,0,0,0,15,-12,3,0,0,0,0,0,-6,3,0,0,0,0,0,0,1 # compose_3x8 r=2
-1,0,3,0,12,0,-10,0,-30,0,6,0,41,0,-6,0,-30,0,10,0,9,0,-6,0,1 # compose_6x4 r=6
-75,0,0,0,-102,0,0,0,3,0,0,0,40,0,0,0,0,0,0,0,-6,0,0,0,1 # compose_3x8 r=2
-21,52,-36,8,0,0,0,0,26,-36,12,0,0,0,0,0,-9,6,0,0,0,0,0,0,1 # compose_3x8 r=2
-133,152,-60,8,0,0,0,0,76,-60,12,0,0,0,0,0,-15,6,0,0,0,0,0,0,1 # compose_3x8 r=2
1,0,0,0,0,0,0,6,0,0,0,0,3,0,4,0,0,0,0,4,0,0,0,0,1 # compose_2x12 r=2
-69,0,0,0,0,0,0,-98,49,0,0,0,0,0,-48,48,-12,0,0,0,0,-8,12,-6,1 # compose_3x8 r=2
-1,0,20,0,-24,0,8,0,10,0,-24,0,12,0,0,0,-6,0,6,0,0,0,0,0,1 # compose_3x8 r=2
-1,0,0,0,0,0,0,0,0,0,0,-5,-5,0,0,0,0,0,0,0,0,0,1,2,1 # compose_2x12 r=2
-5,0,0,0,-6,0,0,0,3,0,0,0,5,0,0,0,0,0,0,0,-3,0,0,0,1 # compose_3x8 r=2
-9,0,0,0,0,0,11,0,11,0,0,0,-6,0,-12,0,-6,0,1,0,3,0,3,0,1 # compose_3x8 r=2
-219,0,0,0,0,-108,0,0,108,0,-18,0,0,36,0,-1,-18,0,3,0,0,-3,0,0,1 # compose_3x8 r=2
-127,0,0,0,-152,0,0,0,16,0,0,0,52,0,0,0,-3,0,0,0,-6,0,0,0,1 # compose_3x8 r=2
-109,0,72,0,-15,0,1,0,72,0,-30,0,3,0,0,0,-15,0,3,0,0,0,0,0,1 # compose_3x8 r=6
-15,0,0,0,0,-30,0,0,15,0,-24,0,0,24,0,-8,-6,0,12,0,0,-6,0,0,1 # compose_3x8 r=2
65,0,0,-386,193,0,960,-960,240,-1280,1920,-960,1120,-1920,1440,-864,1020,-960,544,-312,252,-160,60,-12,1 # compose_6x4 r=2
-1,0,-3,0,6,0,-1,0,-11,0,12,0,2,0,-12,0,6,0,4,0,-4,0,0,0,1 # compose_4x6 r=2
-7,0,0,0,0,12,0,0,6,0,-12,0,0,-12,0,8,-3,0,12,0,0,6,0,0,1 # compose_3x8 r=2
-4,0,0,-5,0,0,1,0,0,0,0,0,-5,0,0,2,0,0,0,0,0,0,0,0,1 # compose_2x12 r=2
1,-8,15,-20,23,-36,61,-60,45,-66,90,-60,35,-60,60,-20,15,-30,15,0,6,-6,0,0,1 # compose_6x4 r=2
-21,0,0,0,0,-24,0,0,24,0,-9,0,0,18,0,-1,-9,0,3,0,0,-3,0,0,1 # compose_3x8 r=2
-142,0,0,0,0,0,0,-156,78,0,0,0,0,0,-60,60,-15,0,0,0,0,-8,12,-6,1 # compose_3x8 r=2
8,16,4,0,0,0,0,0,0,0,0,0,8,4,0,0,0,0,0,0,0,0,0,0,1 # compose_2x12 r=2
-9,0,0,0,0,0,0,0,-3,0,0,0,3,0,0,0,1,0,0,0,-2,0,0,0,1 # compose_2x12 r=2
-11,0,-13,0,-6,0,-1,0,13,0,12,0,3,0,0,0,-6,0,-3,0,0,0,0,0,1 # compose_3x8 r=2
-13,0,0,0,1,0,0,0,1,0,0,0,-1,0,0,0,-2,0,0,0,0,0,0,0,1 # compose_2x12 r=2
-5,0,0,0,0,0,0,0,0,0,10,0,5,0,0,0,0,0,0,0,4,0,4,0,1 # compose_2x12 r=2
-26,0,0,0,0,0,0,52,26,0,0,0,0,0,-36,-36,-9,0,0,0,0,8,12,6,1 # compose_3x8 r=2
-6,0,0,20,0,0,-24,0,10,8,0,-24,0,0,12,0,-6,0,0,6,0,0,0,0,1 # compose_3x8 r=2
-53,0,0,-45,0,0,-12,0,45,-1,0,24,0,0,3,0,-12,0,0,-3,0,0,0,0,1 # compose_3x8 r=6
-207,0,0,0,-106,0,0,0,88,0,0,0,35,0,0,0,-15,0,0,0,-3,0,0,0,1 # compose_3x8 r=2
3,0,0,0,0,-4,0,0,2,0,-12,0,0,12,0,-8,-3,0,12,0,0,-6,0,0,1 # compose_3x8 r=2
-1,0,6,0,24,0,29,0,-8,0,-48,0,-26,0,24,0,24,0,-4,0,-8,0,0,0,1 # compose_4x6 r=6
-59,0,0,0,0,0,0,0,47,0,0,0,0,0,0,0,-12,0,0,0,0,0,0,0,1 # compose_3x8 r=2
-11,0,0,0,0,0,0,0,0,0,0,0,-3,0,0,0,0,0,0,0,0,0,0,0,1 # compose_2x12 r=2
-128,0,0,0,0,0,-75,0,75,0,0,0,-15,0,30,0,-15,0,-1,0,3,0,-3,0,1 # compose_3x8 r=2
-73,0,0,0,0,0,0,-102,51,0,0,0,0,0,-48,48,-12,0,0,0,0,-8,12,-6,1 # compose_3x8 r=2
-219,108,-18,1,0,0,0,0,108,-36,3,0,0,0,0,0,-18,3,0,0,0,0,0,0,1 # compose_3x8 r=2
-78,0,0,0,0,102,0,0,51,0,-48,0,0,-48,0,8,-12,0,12,0,0,6,0,0,1 # compose_3x8 r=2
-143,0,0,0,-156,0,0,0,18,0,0,0,52,0,0,0,-3,0,0,0,-6,0,0,0,1 # compose_3x8 r=2
-107,144,-60,8,0,0,0,0,72,-60,12,0,0,0,0,0,-15,6,0,0,0,0,0,0,1 # compose_3x8 r=2
-29,0,27,0,-9,0,1,0,27,0,-18,0,3,0,0,0,-9,0,3,0,0,0,0,0,1 # compose_3x8 r=2
-3,0,0,0,0,-10,0,0,0,0,4,0,5,0,0,0,0,-4,0,0,0,0,0,0,1 # compose_2x12 r=2
-230,0,0,-220,0,0,-72,0,110,-8,0,72,0,0,12,0,-18,0,0,-6,0,0,0,0,1 # compose_3x8 r=2
-8,0,0,0,0,0,3,0,0,0,0,0,-2,0,0,0,0,0,-2,0,0,0,0,0,1 # compose_2x12 r=2
-58,0,0,0,0,46,0,0,46,0,-12,0,0,-24,0,1,-12,0,3,0,0,3,0,0,1 # compose_3x8 r=2
3,0,0,0,0,22,0,0,11,0,24,0,0,24,0,8,6,0,12,0,0,6,0,0,1 # compose_3x8 r=2
-39,0,0,0,0,0,-30,0,30,0,0,0,-9,0,18,0,-9,0,-1,0,3,0,-3,0,1 # compose_3x8 r=2
-61,0,0,0,0,0,0,-47,47,0,0,0,0,0,-12,24,-12,0,0,0,0,-1,3,-3,1 # compose_3x8 r=2
-65,0,0,0,0,0,0,49,49,0,0,0,0,0,-12,-24,-12,0,0,0,0,1,3,3,1 # compose_3x8 r=2
-2,0,0,2,0,0,8,0,0,16,0,0,19,0,0,16,0,0,10,0,0,4,0,0,1 # compose_4x6 r=2
-11,0,0,0,0,0,0,-26,13,0,0,0,0,0,-24,24,-6,0,0,0,0,-8,12,-6,1 # compose_3x8 r=2
-5,0,0,0,0,0,0,0,0,0,0,-3,3,0,0,0,0,0,0,0,0,0,1,-2,1 # compose_2x12 r=2
-11,0,-12,0,-6,0,-1,0,12,0,12,0,3,0,0,0,-6,0,-3,0,0,0,0,0,1 # compose_3x8 r=2
-7,0,0,-20,0,0,-24,0,10,-8,0,24,0,0,12,0,-6,0,0,-6,0,0,0,0,1 # compose_3x8 r=2
-1,0,-7,0,1,0,0,0,0,0,0,0,-7,0,2,0,0,0,0,0,0,0,0,0,1 # compose_2x12 r=2
-122,0,0,0,0,0,-75,0,75,0,0,0,-15,0,30,0,-15,0,-1,0,3,0,-3,0,1 # compose_3x8 r=2
-2,0,0,-6,0,0,1,0,0,0,0,0,6,0,0,-2,0,0,0,0,0,0,0,0,1 # compose_2x12 r=2
-5,0,0,0,0,0,0,0,0,2,0,0,-1,0,0,0,0,0,4,0,0,-4,0,0,1 # compose_2x12 r=2
-11,0,0,0,0,0,0,0,0,0,0,-2,2,0,0,0,0,0,0,0,0,0,1,-2,1 # compose_2x12 r=2
-1,0,10,0,4,0,0,0,0,0,0,0,5,0,4,0,0,0,0,0,0,0,0,0,1 # compose_2x12 r=2
-37,0,0,0,60,0,0,0,-6,0,0,0,-28,0,0,0,3,0,0,0,6,0,0,0,1 # compose_3x8 r=2
-219,0,0,216,0,0,-72,0,108,8,0,-72,0,0,12,0,-18,0,0,6,0,0,0,0,1 # compose_3x8 r=2
-4,0,0,0,8,0,0,0,4,0,0,0,-4,0,0,0,-4,0,0,0,0,0,0,0,1 # compose_2x12 r=6
-49,0,0,0,0,0,0,-90,45,0,0,0,0,0,-48,48,-12,0,0,0,0,-8,12,-6,1 # compose_3x8 r=2
-11,0,-28,0,-24,0,-8,0,14,0,24,0,12,0,0,0,-6,0,-6,0,0,0,0,0,1 # compose_3x8 r=2
-2,0,0,0,0,0,0,2,2,0,0,0,0,0,3,6,3,0,0,0,0,1,3,3,1 # compose_3x8 r=2
-7,-20,-24,-8,0,0,0,0,10,24,12,0,0,0,0,0,-6,-6,0,0,0,0,0,0,1 # compose_3x8 r=2
-229,0,0,220,0,0,-72,0,110,8,0,-72,0,0,12,0,-18,0,0,6,0,0,0,0,1 # compose_3x8 r=2
-1,0,0,0,0,0,2,0,1,0,0,0,-12,0,-12,0,-3,0,8,0,12,0,6,0,1 # compose_3x8 r=2
-233,0,-111,0,-18,0,-1,0,111,0,36,0,3,0,0,0,-18,0,-3,0,0,0,0,0,1 # compose_3x8 r=2
4,0,0,0,0,0,0,-6,3,0,0,0,0,0,12,-12,3,0,0,0,0,-8,12,-6,1 # compose_3x8 r=2
-6,0,0,0,0,0,-12,0,12,0,0,0,-6,0,12,0,-6,0,-1,0,3,0,-3,0,1 # compose_3x8 r=2
2,0,0,0,0,-8,0,0,0,0,4,0,4,0,0,0,0,-4,0,0,0,0,0,0,1 # compose_2x12 r=2
-2,0,0,0,12,0,0,0,4,0,0,0,6,0,0,0,4,0,0,0,0,0,0,0,1 # compose_2x12 r=2
-118,0,0,0,-74,0,0,0,59,0,0,0,29,0,0,0,-12,0,0,0,-3,0,0,0,1 # compose_3x8 r=2
-2,0,0,0,0,0,-2,0,2,0,0,0,-3,0,6,0,-3,0,-1,0,3,0,-3,0,1 # compose_3x8 r=2
-142,0,78,0,-15,0,1,0,78,0,-30,0,3,0,0,0,-15,0,3,0,0,0,0,0,1 # compose_3x8 r=2
-236,0,0,0,0,0,0,0,111,0,0,0,0,0,0,0,-18,0,0,0,0,0,0,0,1 # compose_3x8 r=2
-67,0,0,0,98,0,0,0,1,0,0,0,-40,0,0,0,0,0,0,0,6,0,0,0,1 # compose_3x8 r=2
-206,0,106,0,-18,0,1,0,106,0,-36,0,3,0,0,0,-18,0,3,0,0,0,0,0,1 # compose_3x8 r=2
-3,0,0,0,0,0,0,0,0,0,-12,0,6,0,0,0,0,0,0,0,4,0,-4,0,1 # compose_2x12 r=2
-7,0,0,-12,0,0,-12,0,6,-8,0,12,0,0,12,0,-3,0,0,-6,0,0,0,0,1 # compose_3x8 r=2
-5,0,0,-2,0,0,25,0,0,-56,0,0,70,0,0,-56,0,0,28,0,0,-8,0,0,1 # compose_4x6 r=2
-2,0,0,0,0,0,0,2,0,0,0,0,2,0,1,0,0,0,0,2,0,0,0,0,1 # compose_2x12 r=2
-2,0,4,0,6,0,8,0,13,0,12,0,10,0,12,0,6,0,4,0,4,0,0,0,1 # compose_4x6 r=2
-4,0,0,-3,3,0,6,-12,6,17,-51,51,-2,-60,90,-54,-15,60,-59,24,9,-20,15,-6,1 # compose_6x4 r=2
-4,3,6,-17,18,6,-50,60,-24,-45,90,-60,-2,60,-60,20,15,-30,15,0,-6,6,0,0,1 # compose_6x4 r=2
-117,0,0,0,0,-73,0,0,73,0,-15,0,0,30,0,-1,-15,0,3,0,0,-3,0,0,1 # compose_3x8 r=2
-1,0,2,0,4,0,0,0,0,0,0,0,-1,0,-4,0,0,0,0,0,0,0,0,0,1 # compose_2x12 r=6
-35,0,0,-29,0,0,-9,0,29,-1,0,18,0,0,3,0,-9,0,0,-3,0,0,0,0,1 # compose_3x8 r=2
-8,0,0,0,0,1,0,0,0,0,1,0,1,0,0,0,0,2,0,0,0,0,0,0,1 # compose_2x12 r=2
-1,0,0,0,0,0,-20,0,10,0,0,0,-24,0,24,0,-6,0,-8,0,12,0,-6,0,1 # compose_3x8 r=2
-78,0,0,0,0,0,-102,0,51,0,0,0,-48,0,48,0,-12,0,-8,0,12,0,-6,0,1 # compose_3x8 r=2
-37,0,0,0,0,0,-60,0,30,0,0,0,-36,0,36,0,-9,0,-8,0,12,0,-6,0,1 # compose_3x8 r=2
37,0,0,0,0,0,0,60,30,0,0,0,0,0,36,36,9,0,0,0,0,8,12,6,1 # compose_3x8 r=2
-5,0,0,0,0,0,-24,0,12,0,0,0,-24,0,24,0,-6,0,-8,0,12,0,-6,0,1 # compose_3x8 r=2
-119,0,0,0,0,0,0,74,74,0,0,0,0,0,-15,-30,-15,0,0,0,0,1,3,3,1 # compose_3x8 r=2
-2,0,0,0,0,0,0,0,-3,0,0,0,3,0,0,0,1,0,0,0,-2,0,0,0,1 # compose_2x12 r=2
-231,0,111,0,-18,0,1,0,111,0,-36,0,3,0,0,0,-18,0,3,0,0,0,0,0,1 # compose_3x8 r=2
-61,0,0,0,0,96,0,0,48,0,-48,0,0,-48,0,8,-12,0,12,0,0,6,0,0,1 # compose_3x8 r=2
-209,0,0,0,0,0,-214,0,107,0,0,0,-72,0,72,0,-18,0,-8,0,12,0,-6,0,1 # compose_3x8 r=2
-129,-76,-15,-1,0,0,0,0,76,30,3,0,0,0,0,0,-15,-3,0,0,0,0,0,0,1 # compose_3x8 r=2
-8,0,0,0,0,-4,0,0,0,0,1,0,4,0,0,0,0,-2,0,0,0,0,0,0,1 # compose_2x12 r=2
67,0,0,-388,194,0,960,-960,240,-1280,1920,-960,1120,-1920,1440,-864,1020,-960,544,-312,252,-160,60,-12,1 # compose_6x4 r=2
-13,0,0,0,0,0,0,1,0,0,0,0,-1,0,1,0,0,0,0,-2,0,0,0,0,1 # compose_2x12 r=2
-17,0,0,0,15,0,0,0,9,0,0,0,-11,0,0,0,-3,0,0,0,3,0,0,0,1 # compose_3x8 r=2
-201,0,0,0,0,0,0,212,106,0,0,0,0,0,-72,-72,-18,0,0,0,0,8,12,6,1 # compose_3x8 r=2
-6,0,4,0,1,0,0,0,0,0,0,0,4,0,2,0,0,0,0,0,0,0,0,0,1 # compose_2x12 r=2
-206,0,0,0,0,0,-212,0,106,0,0,0,-72,0,72,0,-18,0,-8,0,12,0,-6,0,1 # compose_3x8 r=2
-67,0,0,0,0,0,0,-49,49,0,0,0,0,0,-12,24,-12,0,0,0,0,-1,3,-3,1 # compose_3x8 r=2
-10,28,-24,8,0,0,0,0,14,-24,12,0,0,0,0,0,-6,6,0,0,0,0,0,0,1 # compose_3x8 r=2
-6,0,0,0,0,0,0,0,0,0,0,0,0,0,0,0,0,0,0,0,1,0,2,0,1 # compose_2x12 r=2
-23,0,-50,0,-36,0,-8,0,25,0,36,0,12,0,0,0,-9,0,-6,0,0,0,0,0,1 # compose_3x8 r=2
2,0,0,0,0,0,0,10,0,0,0,0,5,0,4,0,0,0,0,4,0,0,0,0,1 # compose_2x12 r=2
-2,0,0,0,0,0,0,12,6,0,0,0,0,0,-12,-12,-3,0,0,0,0,8,12,6,1 # compose_3x8 r=2
-22,0,0,0,0,0,-52,0,26,0,0,0,-36,0,36,0,-9,0,-8,0,12,0,-6,0,1 # compose_3x8 r=2
15,0,0,-48,0,0,36,0,24,-8,0,-36,0,0,12,0,9,0,0,-6,0,0,0,0,1 # compose_3x8 r=2
-39,0,0,0,0,0,60,0,30,0,0,0,-36,0,-36,0,-9,0,8,0,12,0,6,0,1 # compose_3x8 r=2
-1,0,0,0,-3,0,-1,0,0,0,6,0,3,0,0,0,-3,0,-3,0,0,0,0,0,1 # compose_3x8 r=2
-31,0,0,-28,0,0,-9,0,28,-1,0,18,0,0,3,0,-9,0,0,-3,0,0,0,0,1 # compose_3x8 r=2
-59,0,0,0,0,0,0,0,46,0,0,0,0,0,0,0,-12,0,0,0,0,0,0,0,1 # compose_3x8 r=2
-1,0,1,0,6,0,3,0,-11,0,-12,0,2,0,12,0,6,0,-4,0,-4,0,0,0,1 # compose_4x6 r=6
-3,3,15,20,18,36,61,60,45,66,90,60,35,60,60,20,15,30,15,0,6,6,0,0,1 # compose_6x4 r=2
-63,0,0,94,0,0,-48,0,47,8,0,-48,0,0,12,0,-12,0,0,6,0,0,0,0,1 # compose_3x8 r=2
-1,0,0,-2,0,0,-3,0,2,-1,0,6,0,0,3,0,-3,0,0,-3,0,0,0,0,1 # compose_3x8 r=2
-121,0,0,0,0,0,0,74,74,0,0,0,0,0,-15,-30,-15,0,0,0,0,1,3,3,1 # compose_3x8 r=2
1,0,0,0,0,-4,0,0,2,0,-12,0,0,12,0,-8,-3,0,12,0,0,-6,0,0,1 # compose_3x8 r=2
-8,0,0,0,0,0,4,0,0,0,0,0,0,0,0,-4,0,0,0,0,0,0,0,0,1 # compose_2x12 r=2
-1,0,0,0,0,0,0,-20,10,0,0,0,0,0,-24,24,-6,0,0,0,0,-8,12,-6,1 # compose_3x8 r=2
-227,0,0,0,0,0,0,-220,110,0,0,0,0,0,-72,72,-18,0,0,0,0,-8,12,-6,1 # compose_3x8 r=2
-137,0,0,0,0,-77,0,0,77,0,-15,0,0,30,0,-1,-15,0,3,0,0,-3,0,0,1 # compose_3x8 r=2
-226,0,0,0,0,0,0,110,110,0,0,0,0,0,-18,-36,-18,0,0,0,0,1,3,3,1 # compose_3x8 r=2
69,0,0,0,0,0,0,98,49,0,0,0,0,0,48,48,12,0,0,0,0,8,12,6,1 # compose_3x8 r=2
-5,0,0,0,0,0,0,0,-3,0,0,0,3,0,0,0,1,0,0,0,-2,0,0,0,1 # compose_2x12 r=2
-2,0,0,0,0,10,0,0,0,0,4,0,5,0,0,0,0,4,0,0,0,0,0,0,1 # compose_2x12 r=2
-5,0,0,0,0,10,0,0,0,0,4,0,5,0,0,0,0,4,0,0,0,0,0,0,1 # compose_2x12 r=2
-2,0,8,0,56,0,100,0,15,0,-168,0,-76,0,168,0,15,0,-100,0,54,0,-12,0,1 # compose_6x4 r=6
-6,0,6,0,-3,0,1,0,6,0,-6,0,3,0,0,0,-3,0,3,0,0,0,0,0,1 # compose_3x8 r=2
2,12,4,0,0,0,0,0,0,0,0,0,6,4,0,0,0,0,0,0,0,0,0,0,1 # compose_2x12 r=2
-34,0,0,29,0,0,-9,0,29,1,0,-18,0,0,3,0,-9,0,0,3,0,0,0,0,1 # compose_3x8 r=2
-131,0,0,-152,0,0,-60,0,76,-8,0,60,0,0,12,0,-15,0,0,-6,0,0,0,0,1 # compose_3x8 r=2
-111,0,0,0,0,72,0,0,72,0,-15,0,0,-30,0,1,-15,0,3,0,0,3,0,0,1 # compose_3x8 r=6
1,-6,3,-1,0,0,0,0,6,-6,3,0,0,0,0,0,3,-3,0,0,0,0,0,0,1 # compose_3x8 r=2
-223,0,0,0,0,-218,0,0,109,0,-72,0,0,72,0,-8,-18,0,12,0,0,-6,0,0,1 # compose_3x8 r=2
-133,0,77,0,-15,0,1,0,77,0,-30,0,3,0,0,0,-15,0,3,0,0,0,0,0,1 # compose_3x8 r=2
-27,0,0,0,0,56,0,0,28,0,-36,0,0,-36,0,8,-9,0,12,0,0,6,0,0,1 # compose_3x8 r=2
37,-312,888,-1256,1116,-1272,1948,-1920,1182,-1134,1440,-960,397,-480,480,-160,60,-120,60,0,12,-12,0,0,1 # compose_6x4 r=2
2,0,0,0,0,-4,0,0,2,0,-12,0,0,12,0,-8,-3,0,12,0,0,-6,0,0,1 # compose_3x8 r=2
-25,0,0,0,0,0,-52,0,26,0,0,0,-36,0,36,0,-9,0,-8,0,12,0,-6,0,1 # compose_3x8 r=2
-9,0,0,26,0,0,-24,0,13,8,0,-24,0,0,12,0,-6,0,0,6,0,0,0,0,1 # compose_3x8 r=2
-33,0,0,-56,0,0,-36,0,28,-8,0,36,0,0,12,0,-9,0,0,-6,0,0,0,0,1 # compose_3x8 r=2
-202,0,0,0,106,0,0,0,88,0,0,0,-35,0,0,0,-15,0,0,0,3,0,0,0,1 # compose_3x8 r=2
-202,0,0,0,-212,0,0,0,34,0,0,0,64,0,0,0,-6,0,0,0,-6,0,0,0,1 # compose_3x8 r=2
-35,0,58,0,-36,0,8,0,29,0,-36,0,12,0,0,0,-9,0,6,0,0,0,0,0,1 # compose_3x8 r=2
-7,0,6,0,-3,0,1,0,6,0,-6,0,3,0,0,0,-3,0,3,0,0,0,0,0,1 # compose_3x8 r=2
-11,0,0,0,-30,0,0,0,-9,0,0,0,16,0,0,0,6,0,0,0,-6,0,0,0,1 # compose_3x8 r=2
-9,0,-13,0,-6,0,-1,0,13,0,12,0,3,0,0,0,-6,0,-3,0,0,0,0,0,1 # compose_3x8 r=2
-113,0,0,0,72,0,0,0,57,0,0,0,-29,0,0,0,-12,0,0,0,3,0,0,0,1 # compose_3x8 r=2
-208,0,0,0,-107,0,0,0,89,0,0,0,35,0,0,0,-15,0,0,0,-3,0,0,0,1 # compose_3x8 r=2
-3,0,0,3,0,0,-3,0,3,1,0,-6,0,0,3,0,-3,0,0,3,0,0,0,0,1 # compose_3x8 r=2
-39,-30,-9,-1,0,0,0,0,30,18,3,0,0,0,0,0,-9,-3,0,0,0,0,0,0,1 # compose_3x8 r=2
-13,-2,4,0,0,0,0,0,0,0,0,0,1,-4,0,0,0,0,0,0,0,0,0,0,1 # compose_2x12 r=2
-3,0,0,0,0,0,4,0,2,0,0,0,12,0,12,0,3,0,8,0,12,0,6,0,1 # compose_3x8 r=2
27,0,0,0,0,0,0,-52,26,0,0,0,0,0,36,-36,9,0,0,0,0,-8,12,-6,1 # compose_3x8 r=2
-219,0,0,0,218,0,0,0,37,0,0,0,-64,0,0,0,-6,0,0,0,6,0,0,0,1 # compose_3x8 r=2
-8,0,0,0,0,0,0,-1,0,0,0,0,-1,0,1,0,0,0,0,2,0,0,0,0,1 # compose_2x12 r=2
-12,0,0,0,4,0,0,0,0,0,0,0,0,0,-4,0,0,0,0,0,0,0,0,0,1 # compose_2x12 r=2
-71,0,0,0,0,0,100,0,50,0,0,0,-48,0,-48,0,-12,0,8,0,12,0,6,0,1 # compose_3x8 r=2
-3,0,0,0,0,9,0,0,9,0,-6,0,0,-12,0,1,-6,0,3,0,0,3,0,0,1 # compose_3x8 r=6
-7,0,-4,0,1,0,0,0,0,0,0,0,-4,0,2,0,0,0,0,0,0,0,0,0,1 # compose_2x12 r=2
-38,0,-60,0,-36,0,-8,0,30,0,36,0,12,0,0,0,-9,0,-6,0,0,0,0,0,1 # compose_3x8 r=2
-227,110,-18,1,0,0,0,0,110,-36,3,0,0,0,0,0,-18,3,0,0,0,0,0,0,1 # compose_3x8 r=2
67,0,0,0,0,0,0,-96,48,0,0,0,0,0,48,-48,12,0,0,0,0,-8,12,-6,1 # compose_3x8 r=2
-1,0,12,0,4,0,0,0,0,0,0,0,-6,0,-4,0,0,0,0,0,0,0,0,0,1 # compose_2x12 r=6
-2,0,-8,0,56,0,-100,0,15,0,168,0,-76,0,-168,0,15,0,100,0,54,0,12,0,1 # compose_6x4 r=2
69,408,984,1288,1164,1368,1996,1920,1206,1158,1440,960,401,480,480,160,60,120,60,0,12,12,0,0,1 # compose_6x4 r=2
-5,0,0,0,0,0,1,0,0,0,0,0,6,0,0,0,0,0,4,0,0,0,0,0,1 # compose_4x6 r=2
-236,0,0,0,111,0,0,0,93,0,0,0,-35,0,0,0,-15,0,0,0,3,0,0,0,1 # compose_3x8 r=2
-61,0,0,0,0,0,47,0,47,0,0,0,-12,0,-24,0,-12,0,1,0,3,0,3,0,1 # compose_3x8 r=2
-2,0,0,0,0,0,0,0,0,0,-4,0,-4,0,0,0,0,0,0,0,1,0,2,0,1 # compose_2x12 r=2
-61,0,0,-47,0,0,-12,0,47,-1,0,24,0,0,3,0,-12,0,0,-3,0,0,0,0,1 # compose_3x8 r=2
-3,-3,-3,-1,0,0,0,0,3,6,3,0,0,0,0,0,-3,-3,0,0,0,0,0,0,1 # compose_3x8 r=2
-1,0,6,0,24,0,35,0,40,0,48,0,38,0,24,0,24,0,4,0,8,0,0,0,1 # compose_4x6 r=2
-6,0,0,0,0,0,0,0,0,0,4,0,-2,0,0,0,0,0,0,0,4,0,-4,0,1 # compose_2x12 r=6
6,0,0,0,0,0,0,-20,10,0,0,0,0,0,24,-24,6,0,0,0,0,-8,12,-6,1 # compose_3x8 r=2
-207,0,0,-214,0,0,-72,0,107,-8,0,72,0,0,12,0,-18,0,0,-6,0,0,0,0,1 # compose_3x8 r=2
-2,0,4,0,24,0,34,0,40,0,48,0,38,0,24,0,24,0,4,0,8,0,0,0,1 # compose_4x6 r=2
-109,0,0,-72,0,0,-15,0,72,-1,0,30,0,0,3,0,-15,0,0,-3,0,0,0,0,1 # compose_3x8 r=6
-2,0,-6,0,21,0,-50,0,90,0,-126,0,141,0,-126,0,90,0,-50,0,21,0,-6,0,1 # compose_6x4 r=2
-142,0,0,0,156,0,0,0,18,0,0,0,-52,0,0,0,-3,0,0,0,6,0,0,0,1 # compose_3x8 r=2
-123,0,0,0,0,-74,0,0,74,0,-15,0,0,30,0,-1,-15,0,3,0,0,-3,0,0,1 # compose_3x8 r=2
2,12,24,32,16,0,6,24,48,32,0,0,6,24,24,0,0,0,4,8,0,0,0,0,1 # compose_4x6 r=2
-211,0,0,0,-214,0,0,0,35,0,0,0,64,0,0,0,-6,0,0,0,-6,0,0,0,1 # compose_3x8 r=2
-13,0,0,0,0,0,0,-28,14,0,0,0,0,0,-24,24,-6,0,0,0,0,-8,12,-6,1 # compose_3x8 r=2
-1,12,60,160,246,252,304,480,495,312,360,480,260,120,240,160,15,60,60,0,6,12,0,0,1 # compose_6x4 r=2
-3,0,0,0,-4,0,0,0,-10,0,0,0,4,0,0,0,9,0,0,0,-6,0,0,0,1 # compose_3x8 r=2
-12,0,0,0,0,30,0,0,15,0,-24,0,0,-24,0,8,-6,0,12,0,0,6,0,0,1 # compose_3x8 r=2
-199,105,-18,1,0,0,0,0,105,-36,3,0,0,0,0,0,-18,3,0,0,0,0,0,0,1 # compose_3x8 r=6
-2,0,-4,0,12,0,-8,0,2,0,-12,0,12,0,0,0,3,0,-6,0,0,0,0,0,1 # compose_3x8 r=2
1,6,6,4,1,0,6,12,12,4,0,0,6,12,6,0,0,0,4,4,0,0,0,0,1 # compose_4x6 r=2
12,-30,24,-8,0,0,0,0,15,-24,12,0,0,0,0,0,6,-6,0,0,0,0,0,0,1 # compose_3x8 r=2
-4,0,0,0,3,0,0,0,6,0,0,0,-17,0,0,0,15,0,0,0,-6,0,0,0,1 # compose_6x4 r=2
4,0,0,0,0,0,0,-10,5,0,0,0,0,0,12,-12,3,0,0,0,0,-8,12,-6,1 # compose_3x8 r=2
-3,0,-2,0,24,0,-33,0,40,0,-48,0,38,0,-24,0,24,0,-4,0,8,0,0,0,1 # compose_4x6 r=2
-127,0,0,0,0,0,-150,0,75,0,0,0,-60,0,60,0,-15,0,-8,0,12,0,-6,0,1 # compose_3x8 r=2
-71,0,0,0,-49,0,0,0,37,0,0,0,23,0,0,0,-9,0,0,0,-3,0,0,0,1 # compose_3x8 r=2
-4,0,0,0,0,0,0,-8,0,0,0,0,4,0,4,0,0,0,0,-4,0,0,0,0,1 # compose_2x12 r=2
-230,0,0,0,0,0,0,0,110,0,0,0,0,0,0,0,-18,0,0,0,0,0,0,0,1 # compose_3x8 r=2
-1,0,0,0,12,0,-8,0,0,0,-12,0,12,0,0,0,3,0,-6,0,0,0,0,0,1 # compose_3x8 r=6
-3,0,0,0,0,0,0,-8,0,0,0,0,4,0,4,0,0,0,0,-4,0,0,0,0,1 # compose_2x12 r=2
-13,0,0,0,0,15,0,0,15,0,-6,0,0,-12,0,1,-6,0,3,0,0,3,0,0,1 # compose_3x8 r=2
-1,6,4,0,0,0,0,0,0,0,0,0,3,4,0,0,0,0,0,0,0,0,0,0,1 # compose_2x12 r=2
73,0,0,0,0,0,0,102,51,0,0,0,0,0,48,48,12,0,0,0,0,8,12,6,1 # compose_3x8 r=2
-10,0,0,0,0,0,0,0,0,0,2,0,-2,0,0,0,0,0,0,0,1,0,-2,0,1 # compose_2x12 r=2
-8,0,-1,0,1,0,0,0,0,0,0,0,-1,0,2,0,0,0,0,0,0,0,0,0,1 # compose_2x12 r=2
-117,0,0,0,0,0,148,0,74,0,0,0,-60,0,-60,0,-15,0,8,0,12,0,6,0,1 # compose_3x8 r=2
-133,0,152,0,-60,0,8,0,76,0,-60,0,12,0,0,0,-15,0,6,0,0,0,0,0,1 # compose_3x8 r=2
-6,0,0,0,0,0,-24,0,12,0,0,0,-24,0,24,0,-6,0,-8,0,12,0,-6,0,1 # compose_3x8 r=2
-227,220,-72,8,0,0,0,0,110,-72,12,0,0,0,0,0,-18,6,0,0,0,0,0,0,1 # compose_3x8 r=2
5,0,0,0,0,-24,0,0,12,0,24,0,0,-24,0,-8,6,0,12,0,0,-6,0,0,1 # compose_3x8 r=2
66,0,0,388,194,0,960,960,240,1280,1920,960,1120,1920,1440,864,1020,960,544,312,252,160,60,12,1 # compose_6x4 r=2
-3,0,0,0,0,0,0,0,-12,0,0,0,6,0,0,0,4,0,0,0,-4,0,0,0,1 # compose_2x12 r=2
-5,0,-6,0,27,0,112,0,42,0,-186,0,-73,0,168,0,15,0,-100,0,54,0,-12,0,1 # compose_6x4 r=6
129,0,0,0,0,0,0,152,76,0,0,0,0,0,60,60,15,0,0,0,0,8,12,6,1 # compose_3x8 r=2
-2,0,-2,0,-12,0,-8,0,1,0,12,0,12,0,0,0,-3,0,-6,0,0,0,0,0,1 # compose_3x8 r=2
-53,0,0,0,0,-46,0,0,46,0,-12,0,0,24,0,-1,-12,0,3,0,0,-3,0,0,1 # compose_3x8 r=2
-1,0,0,-12,6,0,60,-60,15,-160,240,-120,260,-480,360,-312,495,-480,304,-252,246,-160,60,-12,1 # compose_6x4 r=2
141,0,0,0,0,0,0,156,78,0,0,0,0,0,60,60,15,0,0,0,0,8,12,6,1 # compose_3x8 r=2
61,0,0,0,0,0,0,-94,47,0,0,0,0,0,48,-48,12,0,0,0,0,-8,12,-6,1 # compose_3x8 r=2
-9,0,0,0,0,0,0,-2,0,0,0,0,1,0,4,0,0,0,0,-4,0,0,0,0,1 # compose_2x12 r=2
-213,0,0,0,0,0,-214,0,107,0,0,0,-72,0,72,0,-18,0,-8,0,12,0,-6,0,1 # compose_3x8 r=2
-16,0,0,0,0,0,-15,0,15,0,0,0,-6,0,12,0,-6,0,-1,0,3,0,-3,0,1 # compose_3x8 r=2
-49,0,0,0,0,45,0,0,45,0,-12,0,0,-24,0,1,-12,0,3,0,0,3,0,0,1 # compose_3x8 r=2
-57,-94,-48,-8,0,0,0,0,47,48,12,0,0,0,0,0,-12,-6,0,0,0,0,0,0,1 # compose_3x8 r=2
-5,0,2,0,4,0,0,0,0,0,0,0,1,0,4,0,0,0,0,0,0,0,0,0,1 # compose_2x12 r=2
-201,0,0,0,0,0,-210,0,105,0,0,0,-72,0,72,0,-18,0,-8,0,12,0,-6,0,1 # compose_3x8 r=2
-23,0,-25,0,-9,0,-1,0,25,0,18,0,3,0,0,0,-9,0,-3,0,0,0,0,0,1 # compose_3x8 r=2
-66,0,0,0,0,0,48,0,48,0,0,0,-12,0,-24,0,-12,0,1,0,3,0,3,0,1 # compose_3x8 r=2
-29,0,28,0,-9,0,1,0,28,0,-18,0,3,0,0,0,-9,0,3,0,0,0,0,0,1 # compose_3x8 r=2
-6,0,0,0,0,0,0,0,0,0,0,0,0,0,4,0,0,0,0,-4,0,0,0,0,1 # compose_2x12 r=2
-1,0,0,0,0,0,6,0,0,0,0,0,7,0,0,0,0,0,4,0,0,0,0,0,1 # compose_4x6 r=2
-8,2,4,0,0,0,0,0,0,0,0,0,1,4,0,0,0,0,0,0,0,0,0,0,1 # compose_2x12 r=2
-2,0,12,0,-12,0,8,0,6,0,-12,0,12,0,0,0,-3,0,6,0,0,0,0,0,1 # compose_3x8 r=2
-7,0,10,0,4,0,0,0,0,0,0,0,-5,0,-4,0,0,0,0,0,0,0,0,0,1 # compose_2x12 r=6
-71,-49,-12,-1,0,0,0,0,49,24,3,0,0,0,0,0,-12,-3,0,0,0,0,0,0,1 # compose_3x8 r=2
-77,0,0,0,0,0,0,102,51,0,0,0,0,0,-48,-48,-12,0,0,0,0,8,12,6,1 # compose_3x8 r=2
-123,0,-74,0,-15,0,-1,0,74,0,30,0,3,0,0,0,-15,0,-3,0,0,0,0,0,1 # compose_3x8 r=2
-2,0,0,0,2,0,0,0,5,0,0,0,7,0,0,0,6,0,0,0,3,0,0,0,1 # compose_3x8 r=2
-78,0,0,0,0,0,0,-102,51,0,0,0,0,0,-48,48,-12,0,0,0,0,-8,12,-6,1 # compose_3x8 r=2
-1,0,0,0,-4,0,-4,0,6,0,12,0,2,0,-12,0,-11,0,0,0,6,0,4,0,1 # compose_4x6 r=2
-5,0,3,0,18,0,50,0,90,0,126,0,141,0,126,0,90,0,50,0,21,0,6,0,1 # compose_6x4 r=2
-15,0,0,0,0,0,-15,0,15,0,0,0,-6,0,12,0,-6,0,-1,0,3,0,-3,0,1 # compose_3x8 r=2
-73,0,0,0,0,0,-50,0,50,0,0,0,-12,0,24,0,-12,0,-1,0,3,0,-3,0,1 # compose_3x8 r=2
-11,0,0,0,0,0,0,0,-4,0,0,0,-2,0,0,0,4,0,0,0,4,0,0,0,1 # compose_2x12 r=2
-123,-75,-15,-1,0,0,0,0,75,30,3,0,0,0,0,0,-15,-3,0,0,0,0,0,0,1 # compose_3x8 r=2
-1,9,-6,1,0,0,0,0,9,-12,3,0,0,0,0,0,-6,3,0,0,0,0,0,0,1 # compose_3x8 r=6
5,0,-12,8,0,0,0,0,0,-12,12,0,0,0,0,0,-3,6,0,0,0,0,0,0,1 # compose_3x8 r=2
-138,0,156,0,-60,0,8,0,78,0,-60,0,12,0,0,0,-15,0,6,0,0,0,0,0,1 # compose_3x8 r=2
2,0,0,0,0,0,0,8,0,0,0,0,4,0,4,0,0,0,0,4,0,0,0,0,1 # compose_2x12 r=2
-229,0,-110,0,-18,0,-1,0,110,0,36,0,3,0,0,0,-18,0,-3,0,0,0,0,0,1 # compose_3x8 r=2
142,0,0,0,0,0,0,156,78,0,0,0,0,0,60,60,15,0,0,0,0,8,12,6,1 # compose_3x8 r=2
7,-14,4,0,0,0,0,0,0,0,0,0,7,-4,0,0,0,0,0,0,0,0,0,0,1 # compose_2x12 r=2
-201,0,0,0,0,0,210,0,105,0,0,0,-72,0,-72,0,-18,0,8,0,12,0,6,0,1 # compose_3x8 r=2
-118,-148,-60,-8,0,0,0,0,74,60,12,0,0,0,0,0,-15,-6,0,0,0,0,0,0,1 # compose_3x8 r=2
-73,-50,-12,-1,0,0,0,0,50,24,3,0,0,0,0,0,-12,-3,0,0,0,0,0,0,1 # compose_3x8 r=2
-4,0,-1,0,3,0,-1,0,1,0,-6,0,3,0,0,0,3,0,-3,0,0,0,0,0,1 # compose_3x8 r=2
-62,0,0,0,0,0,48,0,48,0,0,0,-12,0,-24,0,-12,0,1,0,3,0,3,0,1 # compose_3x8 r=2
-2,12,-12,8,0,0,0,0,6,-12,12,0,0,0,0,0,-3,6,0,0,0,0,0,0,1 # compose_3x8 r=2
-195,0,0,-105,0,0,-18,0,105,-1,0,36,0,0,3,0,-18,0,0,-3,0,0,0,0,1 # compose_3x8 r=2
-227,0,0,0,110,0,0,0,92,0,0,0,-35,0,0,0,-15,0,0,0,3,0,0,0,1 # compose_3x8 r=2
-5,0,6,0,4,0,0,0,0,0,0,0,-3,0,-4,0,0,0,0,0,0,0,0,0,1 # compose_2x12 r=6
-9,-6,4,0,0,0,0,0,0,0,0,0,-3,4,0,0,0,0,0,0,0,0,0,0,1 # compose_2x12 r=2
-141,0,78,0,-15,0,1,0,78,0,-30,0,3,0,0,0,-15,0,3,0,0,0,0,0,1 # compose_3x8 r=2
-12,0,0,0,0,15,0,0,15,0,-6,0,0,-12,0,1,-6,0,3,0,0,3,0,0,1 # compose_3x8 r=2
-62,0,0,0,0,0,0,96,48,0,0,0,0,0,-48,-48,-12,0,0,0,0,8,12,6,1 # compose_3x8 r=2
-3,0,0,0,1,0,1,0,6,0,12,0,10,0,12,0,13,0,8,0,6,0,4,0,1 # compose_4x6 r=2
-79,0,0,102,0,0,-48,0,51,8,0,-48,0,0,12,0,-12,0,0,6,0,0,0,0,1 # compose_3x8 r=2
-137,0,78,0,-15,0,1,0,78,0,-30,0,3,0,0,0,-15,0,3,0,0,0,0,0,1 # compose_3x8 r=2
-6,0,0,12,0,0,-6,0,12,1,0,-12,0,0,3,0,-6,0,0,3,0,0,0,0,1 # compose_3x8 r=2
-2,0,0,0,0,0,0,0,4,0,0,0,4,0,0,0,1,0,0,0,2,0,0,0,1 # compose_2x12 r=2
-221,0,0,-109,0,0,-18,0,109,-1,0,36,0,0,3,0,-18,0,0,-3,0,0,0,0,1 # compose_3x8 r=2
-3,0,0,0,0,-6,0,0,0,0,1,0,-6,0,0,0,0,2,0,0,0,0,0,0,1 # compose_2x12 r=2
-5,0,0,0,0,-4,0,0,0,0,4,0,-2,0,0,0,0,4,0,0,0,0,0,0,1 # compose_2x12 r=2
-1,0,0,0,3,0,0,0,6,0,0,0,7,0,0,0,6,0,0,0,3,0,0,0,1 # compose_3x8 r=2
-31,0,0,0,0,58,0,0,29,0,-36,0,0,-36,0,8,-9,0,12,0,0,6,0,0,1 # compose_3x8 r=2
-219,0,0,0,0,0,-108,0,108,0,0,0,-18,0,36,0,-18,0,-1,0,3,0,-3,0,1 # compose_3x8 r=2
-8,0,0,0,0,8,0,0,0,0,4,0,4,0,0,0,0,4,0,0,0,0,0,0,1 # compose_2x12 r=2
-4,0,0,0,0,0,0,0,5,0,0,0,-5,0,0,0,1,0,0,0,-2,0,0,0,1 # compose_2x12 r=2
-5,0,0,5,0,0,-3,0,5,1,0,-6,0,0,3,0,-3,0,0,3,0,0,0,0,1 # compose_3x8 r=2
-11,0,0,0,2,0,0,0,1,0,0,0,-2,0,0,0,-2,0,0,0,0,0,0,0,1 # compose_2x12 r=2
1,0,0,0,0,0,0,0,0,14,0,0,7,0,0,0,0,0,4,0,0,4,0,0,1 # compose_2x12 r=2
-9,0,0,-6,0,0,4,0,0,0,0,0,3,0,0,-4,0,0,0,0,0,0,0,0,1 # compose_2x12 r=2
-3,6,-3,1,0,0,0,0,6,-6,3,0,0,0,0,0,-3,3,0,0,0,0,0,0,1 # compose_3x8 r=2
-58,0,47,0,-12,0,1,0,47,0,-24,0,3,0,0,0,-12,0,3,0,0,0,0,0,1 # compose_3x8 r=2
-1,0,0,0,0,0,0,0,14,0,0,0,-7,0,0,0,4,0,0,0,-4,0,0,0,1 # compose_2x12 r=6
-32,-58,-36,-8,0,0,0,0,29,36,12,0,0,0,0,0,-9,-6,0,0,0,0,0,0,1 # compose_3x8 r=2
-15,0,0,0,0,0,0,15,15,0,0,0,0,0,-6,-12,-6,0,0,0,0,1,3,3,1 # compose_3x8 r=2
-51,0,0,-90,0,0,-48,0,45,-8,0,48,0,0,12,0,-12,0,0,-6,0,0,0,0,1 # compose_3x8 r=6
-24,50,-36,8,0,0,0,0,25,-36,12,0,0,0,0,0,-9,6,0,0,0,0,0,0,1 # compose_3x8 r=2
-119,0,0,0,0,0,-74,0,74,0,0,0,-15,0,30,0,-15,0,-1,0,3,0,-3,0,1 # compose_3x8 r=2
21,0,0,0,0,0,0,-48,24,0,0,0,0,0,36,-36,9,0,0,0,0,-8,12,-6,1 # compose_3x8 r=2
-207,-214,-72,-8,0,0,0,0,107,72,12,0,0,0,0,0,-18,-6,0,0,0,0,0,0,1 # compose_3x8 r=2
-12,0,-15,0,-6,0,-1,0,15,0,12,0,3,0,0,0,-6,0,-3,0,0,0,0,0,1 # compose_3x8 r=2
-1,0,-4,0,6,0,0,0,-11,0,12,0,2,0,-12,0,6,0,4,0,-4,0,0,0,1 # compose_4x6 r=2
-137,0,0,77,0,0,-15,0,77,1,0,-30,0,0,3,0,-15,0,0,3,0,0,0,0,1 # compose_3x8 r=2
1,0,0,0,0,0,0,-12,0,0,0,0,6,0,4,0,0,0,0,-4,0,0,0,0,1 # compose_2x12 r=2
-9,0,0,0,0,0,0,0,0,0,0,-1,-1,0,0,0,0,0,0,0,0,0,1,2,1 # compose_2x12 r=2
-7,0,0,0,0,0,0,0,0,0,10,0,5,0,0,0,0,0,0,0,4,0,4,0,1 # compose_2x12 r=2
-127,0,0,0,75,0,0,0,60,0,0,0,-29,0,0,0,-12,0,0,0,3,0,0,0,1 # compose_3x8 r=2
1,0,0,7,0,0,1,0,0,0,0,0,7,0,0,2,0,0,0,0,0,0,0,0,1 # compose_2x12 r=2
-19,0,0,0,0,-50,0,0,25,0,-36,0,0,36,0,-8,-9,0,12,0,0,-6,0,0,1 # compose_3x8 r=2
3,30,96,184,255,288,340,480,504,330,360,480,263,120,240,160,15,60,60,0,6,12,0,0,1 # compose_6x4 r=2
1,0,0,0,0,0,0,-7,0,0,0,0,7,0,1,0,0,0,0,-2,0,0,0,0,1 # compose_2x12 r=2
-2,0,0,0,1,0,0,0,0,0,0,0,0,0,-2,0,0,0,0,0,0,0,0,0,1 # compose_2x12 r=2
-1,0,0,0,0,0,0,0,12,0,0,0,20,0,0,0,15,0,0,0,6,0,0,0,1 # compose_3x8 r=2
-3,0,0,0,0,0,-4,0,2,0,0,0,-12,0,12,0,-3,0,-8,0,12,0,-6,0,1 # compose_3x8 r=2
-2,0,0,0,0,0,0,0,0,0,-10,0,5,0,0,0,0,0,0,0,4,0,-4,0,1 # compose_2x12 r=2
-8,0,0,0,0,0,0,3,0,0,0,0,-3,0,1,0,0,0,0,-2,0,0,0,0,1 # compose_2x12 r=2
-34,0,0,-30,0,0,-9,0,30,-1,0,18,0,0,3,0,-9,0,0,-3,0,0,0,0,1 # compose_3x8 r=2
-11,0,0,0,-15,0,0,0,9,0,0,0,11,0,0,0,-3,0,0,0,-3,0,0,0,1 # compose_3x8 r=2
3,0,0,-11,0,0,6,0,11,-1,0,-12,0,0,3,0,6,0,0,-3,0,0,0,0,1 # compose_3x8 r=2
-73,0,0,0,0,0,50,0,50,0,0,0,-12,0,-24,0,-12,0,1,0,3,0,3,0,1 # compose_3x8 r=2
-74,0,0,0,-100,0,0,0,2,0,0,0,40,0,0,0,0,0,0,0,-6,0,0,0,1 # compose_3x8 r=2
-2,0,2,0,6,0,2,0,-11,0,-12,0,2,0,12,0,6,0,-4,0,-4,0,0,0,1 # compose_4x6 r=2
61,0,0,0,0,0,0,-96,48,0,0,0,0,0,48,-48,12,0,0,0,0,-8,12,-6,1 # compose_3x8 r=2
-1,0,0,0,0,0,0,1,1,0,0,0,0,0,-3,-6,-3,0,0,0,0,1,3,3,1 # compose_3x8 r=2
-8,2,4,0,0,0,0,0,0,0,0,0,-1,-4,0,0,0,0,0,0,0,0,0,0,1 # compose_2x12 r=2
-9,0,0,0,0,0,0,0,6,0,0,0,-3,0,0,0,4,0,0,0,-4,0,0,0,1 # compose_2x12 r=2
-31,0,0,0,0,0,0,58,29,0,0,0,0,0,-36,-36,-9,0,0,0,0,8,12,6,1 # compose_3x8 r=2
-207,0,0,0,0,0,0,-212,106,0,0,0,0,0,-72,72,-18,0,0,0,0,-8,12,-6,1 # compose_3x8 r=2
-213,0,0,0,0,0,0,-107,107,0,0,0,0,0,-18,36,-18,0,0,0,0,-1,3,-3,1 # compose_3x8 r=2
-2,0,0,0,-144,0,48,0,-4,0,0,0,46656,0,-46656,0,19440,0,-4320,0,540,0,-36,0,1 # totally_real r=6
-1,0,-32,0,-48,0,192,0,-112,0,-288,0,672,0,-720,0,486,0,-220,0,66,0,-12,0,1 # totally_real r=6
-2,0,96,0,848,0,1408,0,-1408,0,-1344,0,1072,0,336,0,-366,0,20,0,42,0,-12,0,1 # totally_real r=14
-295,0,1120,0,616,0,-5312,0,1400,0,7536,0,-4372,0,-2160,0,2871,0,-1160,0,234,0,-24,0,1 # totally_real r=18
-1,0,-56,0,0,0,540,0,-7,0,-768,0,192,0,384,0,-192,0,-40,0,48,0,-12,0,1 # totally_real r=14
-7,0,240,0,-616,0,-5856,0,6896,0,43560,0,8452,0,-33768,0,17283,0,-4140,0,534,0,-36,0,1 # totally_real r=18
-1,0,32,0,-72,0,-480,0,3452,0,-9312,0,12936,0,-10176,0,4812,0,-1400,0,246,0,-24,0,1 # totally_real r=14
-4,0,-4,0,46,0,116,0,11,0,-168,0,-76,0,168,0,15,0,-100,0,54,0,-12,0,1 # totally_real r=6
-2,0,0,0,32,0,32,0,-88,0,-192,0,-80,0,144,0,234,0,160,0,60,0,12,0,1 # totally_real r=6
-5,0,16,0,748,0,-6008,0,17327,0,-26400,0,24440,0,-14640,0,5811,0,-1520,0,252,0,-24,0,1 # totally_real r=18
-7,0,-40,0,474,0,-2280,0,6173,0,-11136,0,13536,0,-10272,0,4818,0,-1400,0,246,0,-24,0,1 # totally_real r=6
-3,0,0,0,0,0,0,0,768,0,-768,0,4384,0,-6192,0,3843,0,-1280,0,240,0,-24,0,1 # totally_real r=6
-91,0,0,0,272,0,272,0,-172,0,-480,0,-296,0,72,0,225,0,160,0,60,0,12,0,1 # totally_real r=6
-4,0,-16,0,756,0,5256,0,8879,0,288,0,-6456,0,720,0,1971,0,-1040,0,228,0,-24,0,1 # totally_real r=14
-1,0,0,0,192,0,-512,0,-192,0,720,0,240,0,-360,0,-189,0,40,0,48,0,12,0,1 # totally_real r=10
-457,0,0,0,740,0,740,0,-199,0,-768,0,-512,0,0,0,216,0,160,0,60,0,12,0,1 # totally_real r=6
-4,0,8,0,184,0,-892,0,1919,0,-2544,0,2336,0,-1560,0,771,0,-280,0,72,0,-12,0,1 # totally_real r=10
-1,0,64,0,-272,0,-896,0,2288,0,4416,0,-2992,0,-2400,0,2886,0,-1160,0,234,0,-24,0,1 # totally_real r=18
-7,0,0,0,-64,0,32,0,764,0,-768,0,4384,0,-6192,0,3843,0,-1280,0,240,0,-24,0,1 # totally_real r=6
-111,0,-576,0,-960,0,-224,0,1032,0,1008,0,-48,0,-504,0,-207,0,40,0,48,0,12,0,1 # totally_real r=6
-1,0,0,0,12,0,0,0,-3,0,0,0,-64,0,0,0,48,0,0,0,-12,0,0,0,1 # totally_real r=10
-1,0,24,0,-24,0,-500,0,1533,0,-2304,0,2240,0,-1536,0,768,0,-280,0,72,0,-12,0,1 # totally_real r=10
-7,0,-16,0,24,0,192,0,488,0,792,0,924,0,792,0,495,0,220,0,66,0,12,0,1 # totally_real r=2
-193,0,416,0,-80,0,-640,0,704,0,0,0,-496,0,336,0,-6,0,-100,0,54,0,-12,0,1 # totally_real r=6
-2,0,32,0,-80,0,-64,0,272,0,-96,0,-256,0,240,0,6,0,-100,0,54,0,-12,0,1 # totally_real r=14
-7,0,96,0,1640,0,-16960,0,40616,0,-49872,0,38044,0,-19440,0,6831,0,-1640,0,258,0,-24,0,1 # totally_real r=10
-17,0,-276,0,-422,0,6204,0,851,0,-48744,0,86156,0,-59688,0,21603,0,-4500,0,546,0,-36,0,1 # totally_real r=18
-1,0,0,0,128,0,-64,0,-1528,0,1536,0,3520,0,-6048,0,3834,0,-1280,0,240,0,-24,0,1 # totally_real r=18
-37,0,0,0,656,0,-328,0,-3031,0,3072,0,2944,0,-5952,0,3828,0,-1280,0,240,0,-24,0,1 # totally_real r=18
-1,0,56,0,-56,0,-484,0,1529,0,-2304,0,2240,0,-1536,0,768,0,-280,0,72,0,-12,0,1 # totally_real r=10
-37,0,-328,0,-30,0,2616,0,-1927,0,-5664,0,11736,0,-9984,0,4800,0,-1400,0,246,0,-24,0,1 # totally_real r=18
-1,0,-32,0,112,0,-128,0,-64,0,192,0,-16,0,-144,0,18,0,100,0,54,0,12,0,1 # totally_real r=2
-5,0,0,0,-36,0,12,0,3887,0,-2592,0,47304,0,-46728,0,19443,0,-4320,0,540,0,-36,0,1 # totally_real r=6
-1,0,-64,0,528,0,-2304,0,6176,0,-11136,0,13536,0,-10272,0,4818,0,-1400,0,246,0,-24,0,1 # totally_real r=6
-5,0,-16,0,756,0,5256,0,8879,0,288,0,-6456,0,720,0,1971,0,-1040,0,228,0,-24,0,1 # totally_real r=14
-1,0,-16,0,-24,0,48,0,284,0,624,0,840,0,768,0,492,0,220,0,66,0,12,0,1 # totally_real r=2
-19,0,-192,0,-384,0,544,0,408,0,-1584,0,1952,0,-1464,0,759,0,-280,0,72,0,-12,0,1 # totally_real r=6
-5,0,0,0,4,0,0,0,47,0,0,0,-88,0,0,0,51,0,0,0,-12,0,0,0,1 # totally_real r=10
-51,0,180,0,-102,0,-308,0,477,0,-48,0,-376,0,288,0,0,0,-100,0,54,0,-12,0,1 # totally_real r=10
-1,0,0,0,8,0,0,0,-4,0,0,0,-8,0,0,0,12,0,0,0,-6,0,0,0,1 # totally_real r=6
-91,0,0,0,1088,0,-544,0,-3772,0,3840,0,2656,0,-5904,0,3825,0,-1280,0,240,0,-24,0,1 # totally_real r=18
-1,0,0,0,-16,0,0,0,32,0,0,0,-32,0,0,0,18,0,0,0,-6,0,0,0,1 # totally_real r=2
-2,0,-64,0,384,0,-480,0,-376,0,672,0,288,0,-336,0,-186,0,40,0,48,0,12,0,1 # totally_real r=10
-17,0,184,0,-576,0,420,0,599,0,-912,0,48,0,456,0,-201,0,-40,0,48,0,-12,0,1 # totally_real r=14
-1,0,-28,0,-14,0,92,0,89,0,-144,0,-136,0,192,0,12,0,-100,0,54,0,-12,0,1 # totally_real r=10
-50,0,0,0,704,0,-352,0,-3028,0,3072,0,2944,0,-5952,0,3828,0,-1280,0,240,0,-24,0,1 # totally_real r=18
-2,0,0,0,32,0,-32,0,-88,0,192,0,-80,0,-144,0,234,0,-160,0,60,0,-12,0,1 # totally_real r=10
-2,0,0,0,0,0,0,0,8,0,0,0,0,0,0,0,-6,0,0,0,0,0,0,0,1 # totally_real r=6
-3,0,-36,0,-78,0,68,0,273,0,96,0,-256,0,-240,0,6,0,100,0,54,0,12,0,1 # totally_real r=6
-17,0,0,0,368,0,-184,0,-2281,0,2304,0,3232,0,-6000,0,3831,0,-1280,0,240,0,-24,0,1 # totally_real r=18
-16,0,0,0,368,0,-184,0,-2281,0,2304,0,3232,0,-6000,0,3831,0,-1280,0,240,0,-24,0,1 # totally_real r=18
-2,0,-16,0,-8,0,80,0,92,0,-144,0,-136,0,192,0,12,0,-100,0,54,0,-12,0,1 # totally_real r=10
-1,0,32,0,-48,0,-192,0,-112,0,288,0,672,0,720,0,486,0,220,0,66,0,12,0,1 # totally_real r=6
-50,0,-352,0,24,0,2592,0,-1924,0,-5664,0,11736,0,-9984,0,4800,0,-1400,0,246,0,-24,0,1 # totally_real r=18
-107,0,0,0,0,0,0,0,71,0,0,0,0,0,0,0,-15,0,0,0,0,0,0,0,1 # totally_real r=6
-53,0,0,0,180,0,180,0,-147,0,-384,0,-224,0,96,0,228,0,160,0,60,0,12,0,1 # totally_real r=6
-5,0,0,0,-4,0,4,0,47,0,-96,0,136,0,-216,0,243,0,-160,0,60,0,-12,0,1 # totally_real r=2
-2,0,64,0,448,0,1312,0,2312,0,2784,0,2432,0,1584,0,774,0,280,0,72,0,12,0,1 # totally_real r=2
-7,0,32,0,160,0,-880,0,1916,0,-2544,0,2336,0,-1560,0,771,0,-280,0,72,0,-12,0,1 # totally_real r=6
-51,0,0,0,90,0,0,0,-3,0,0,0,-40,0,0,0,0,0,0,0,6,0,0,0,1 # totally_real r=6
-317,0,0,0,2288,0,-1144,0,-5233,0,5376,0,2080,0,-5808,0,3819,0,-1280,0,240,0,-24,0,1 # totally_real r=18
-1,0,-96,0,-560,0,3648,0,6032,0,-51552,0,86816,0,-59760,0,21606,0,-4500,0,546,0,-36,0,1 # totally_real r=18
-489,0,1512,0,1110,0,-6376,0,1245,0,8160,0,-4648,0,-2112,0,2868,0,-1160,0,234,0,-24,0,1 # totally_real r=18
-4,0,16,0,748,0,-6008,0,17327,0,-26400,0,24440,0,-14640,0,5811,0,-1520,0,252,0,-24,0,1 # totally_real r=18
-7,0,-64,0,720,0,5280,0,8876,0,288,0,-6456,0,720,0,1971,0,-1040,0,228,0,-24,0,1 # totally_real r=14
-1,0,-112,0,-84,0,4152,0,9209,0,768,0,-6720,0,768,0,1968,0,-1040,0,228,0,-24,0,1 # totally_real r=14
-3,0,0,0,36,0,36,0,-87,0,-192,0,-80,0,144,0,234,0,160,0,60,0,12,0,1 # totally_real r=6
-1,0,36,0,-42,0,-188,0,-111,0,288,0,672,0,720,0,486,0,220,0,66,0,12,0,1 # totally_real r=6
-2,0,-64,0,448,0,-1312,0,2312,0,-2784,0,2432,0,-1584,0,774,0,-280,0,72,0,-12,0,1 # totally_real r=6
-7,0,64,0,688,0,-5984,0,17324,0,-26400,0,24440,0,-14640,0,5811,0,-1520,0,252,0,-24,0,1 # totally_real r=18
-4,0,4,0,46,0,-116,0,11,0,168,0,-76,0,-168,0,15,0,100,0,54,0,12,0,1 # totally_real r=2
-3,0,108,0,-558,0,-3276,0,9489,0,41184,0,9088,0,-33840,0,17286,0,-4140,0,534,0,-36,0,1 # totally_real r=18
-3,0,0,0,192,0,-512,0,-192,0,720,0,240,0,-360,0,-189,0,40,0,48,0,12,0,1 # totally_real r=10
-7,0,0,0,320,0,-160,0,-2284,0,2304,0,3232,0,-6000,0,3831,0,-1280,0,240,0,-24,0,1 # totally_real r=18
-17,0,92,0,-98,0,-172,0,371,0,-72,0,-316,0,264,0,3,0,-100,0,54,0,-12,0,1 # totally_real r=14
-50,0,0,0,176,0,-176,0,-148,0,384,0,-224,0,-96,0,228,0,-160,0,60,0,-12,0,1 # totally_real r=6
-2,0,0,0,-32,0,0,0,104,0,0,0,-112,0,0,0,54,0,0,0,-12,0,0,0,1 # totally_real r=10
-2,0,-32,0,-48,0,192,0,-112,0,-288,0,672,0,-720,0,486,0,-220,0,66,0,-12,0,1 # totally_real r=6
-107,0,-1704,0,-5800,0,14124,0,36551,0,-120816,0,131488,0,-73368,0,23793,0,-4680,0,552,0,-36,0,1 # totally_real r=18
-50,0,0,0,0,0,0,0,44,0,0,0,0,0,0,0,-12,0,0,0,0,0,0,0,1 # totally_real r=6
-53,0,540,0,-198,0,-8604,0,4317,0,45936,0,7816,0,-33696,0,17280,0,-4140,0,534,0,-36,0,1 # totally_real r=18
-7,0,-160,0,-216,0,1920,0,-592,0,-6576,0,12036,0,-10032,0,4803,0,-1400,0,246,0,-24,0,1 # totally_real r=18
-53,0,-180,0,-102,0,308,0,477,0,48,0,-376,0,-288,0,0,0,100,0,54,0,12,0,1 # totally_real r=6
-1,0,0,0,-8,0,0,0,-4,0,0,0,8,0,0,0,12,0,0,0,6,0,0,0,1 # totally_real r=2
-1,0,-36,0,-42,0,188,0,-111,0,-288,0,672,0,-720,0,486,0,-220,0,66,0,-12,0,1 # totally_real r=6
-2,0,0,0,-16,0,16,0,-4,0,0,0,64,0,-192,0,240,0,-160,0,60,0,-12,0,1 # totally_real r=2
-2,0,-64,0,-240,0,1152,0,752,0,-7488,0,12336,0,-10080,0,4806,0,-1400,0,246,0,-24,0,1 # totally_real r=18
-7,0,0,0,80,0,-80,0,-124,0,288,0,-152,0,-120,0,231,0,-160,0,60,0,-12,0,1 # totally_real r=10
-487,0,0,0,-378,0,0,0,93,0,0,0,88,0,0,0,-12,0,0,0,-6,0,0,0,1 # totally_real r=6
-106,0,0,0,284,0,284,0,-169,0,-480,0,-296,0,72,0,225,0,160,0,60,0,12,0,1 # totally_real r=6
-5,0,8,0,184,0,-892,0,1919,0,-2544,0,2336,0,-1560,0,771,0,-280,0,72,0,-12,0,1 # totally_real r=10
-5,0,-8,0,192,0,516,0,-193,0,-720,0,240,0,360,0,-189,0,-40,0,48,0,-12,0,1 # totally_real r=14
-1,0,0,0,192,0,896,0,1920,0,2544,0,2336,0,1560,0,771,0,280,0,72,0,12,0,1 # totally_real r=2
-1,0,-96,0,-40,0,13856,0,17276,0,-6624,0,-8792,0,3648,0,1068,0,-920,0,222,0,-24,0,1 # totally_real r=14
-2,0,32,0,112,0,128,0,-64,0,-192,0,-16,0,144,0,18,0,-100,0,54,0,-12,0,1 # totally_real r=6
-1,0,36,0,6,0,-1740,0,-867,0,1584,0,1000,0,-384,0,-372,0,-20,0,42,0,12,0,1 # totally_real r=10
-3,0,0,0,18,0,0,0,-15,0,0,0,-16,0,0,0,6,0,0,0,6,0,0,0,1 # totally_real r=6
-1,0,112,0,-140,0,-4040,0,15353,0,-25344,0,24128,0,-14592,0,5808,0,-1520,0,252,0,-24,0,1 # totally_real r=18
-5,0,0,0,-4,0,-4,0,47,0,96,0,136,0,216,0,243,0,160,0,60,0,12,0,1 # totally_real r=2
-481,0,1504,0,1096,0,-6368,0,1244,0,8160,0,-4648,0,-2112,0,2868,0,-1160,0,234,0,-24,0,1 # totally_real r=18
-7,0,-80,0,1636,0,-7976,0,19301,0,-27456,0,24752,0,-14688,0,5814,0,-1520,0,252,0,-24,0,1 # totally_real r=10
-194,0,-416,0,336,0,384,0,-832,0,384,0,336,0,-624,0,474,0,-220,0,66,0,-12,0,1 # totally_real r=6
-5,0,0,0,-16,0,8,0,767,0,-768,0,4384,0,-6192,0,3843,0,-1280,0,240,0,-24,0,1 # totally_real r=6
-7,0,80,0,1596,0,6360,0,8549,0,-192,0,-6192,0,672,0,1974,0,-1040,0,228,0,-24,0,1 # totally_real r=10
-17,0,552,0,-4448,0,-276,0,51287,0,59472,0,-22672,0,-21672,0,15159,0,-3960,0,528,0,-36,0,1 # totally_real r=18
-1,0,-32,0,-56,0,544,0,2684,0,3168,0,-2440,0,-2496,0,2892,0,-1160,0,234,0,-24,0,1 # totally_real r=10
-7,0,32,0,120,0,-1344,0,4808,0,-10224,0,13236,0,-10224,0,4815,0,-1400,0,246,0,-24,0,1 # totally_real r=6
-2,0,0,0,16,0,0,0,-4,0,0,0,-64,0,0,0,48,0,0,0,-12,0,0,0,1 # totally_real r=10
-7,0,-80,0,-24,0,288,0,-304,0,-120,0,588,0,-696,0,483,0,-220,0,66,0,-12,0,1 # totally_real r=6
-7,0,-40,0,384,0,-492,0,-379,0,672,0,288,0,-336,0,-186,0,40,0,48,0,12,0,1 # totally_real r=6
-17,0,184,0,-254,0,-1688,0,2099,0,5040,0,-3268,0,-2352,0,2883,0,-1160,0,234,0,-24,0,1 # totally_real r=18
-489,0,0,0,-378,0,0,0,93,0,0,0,88,0,0,0,-12,0,0,0,-6,0,0,0,1 # totally_real r=6
-1,0,0,0,-12,0,-12,0,-3,0,0,0,64,0,192,0,240,0,160,0,60,0,12,0,1 # totally_real r=2
-482,0,-752,0,744,0,336,0,-1156,0,720,0,168,0,-576,0,468,0,-220,0,66,0,-12,0,1 # totally_real r=6
-194,0,0,0,-208,0,0,0,32,0,0,0,64,0,0,0,-6,0,0,0,-6,0,0,0,1 # totally_real r=6
-7,0,80,0,-104,0,-160,0,368,0,-72,0,-316,0,264,0,3,0,-100,0,54,0,-12,0,1 # totally_real r=14
-3,0,0,0,192,0,-896,0,1920,0,-2544,0,2336,0,-1560,0,771,0,-280,0,72,0,-12,0,1 # totally_real r=10
-7,0,0,0,-144,0,48,0,3884,0,-2592,0,47304,0,-46728,0,19443,0,-4320,0,540,0,-36,0,1 # totally_real r=6
-1,0,96,0,-592,0,-3264,0,9488,0,41184,0,9088,0,-33840,0,17286,0,-4140,0,534,0,-36,0,1 # totally_real r=18
-701,0,0,0,0,0,0,0,240,0,0,0,0,0,0,0,-27,0,0,0,0,0,0,0,1 # totally_real r=6
-1,0,0,0,-16,0,-16,0,-4,0,0,0,64,0,192,0,240,0,160,0,60,0,12,0,1 # totally_real r=2
-7,0,0,0,40,0,0,0,-16,0,0,0,-28,0,0,0,3,0,0,0,6,0,0,0,1 # totally_real r=6
-1,0,-16,0,-8,0,80,0,92,0,-144,0,-136,0,192,0,12,0,-100,0,54,0,-12,0,1 # totally_real r=10
-109,0,0,0,288,0,288,0,-168,0,-480,0,-296,0,72,0,225,0,160,0,60,0,12,0,1 # totally_real r=6
-1,0,-64,0,-240,0,1152,0,752,0,-7488,0,12336,0,-10080,0,4806,0,-1400,0,246,0,-24,0,1 # totally_real r=18
-1,0,108,0,-558,0,-3276,0,9489,0,41184,0,9088,0,-33840,0,17286,0,-4140,0,534,0,-36,0,1 # totally_real r=18
-482,0,752,0,-8,0,-1072,0,956,0,48,0,-616,0,384,0,-12,0,-100,0,54,0,-12,0,1 # totally_real r=6
-482,0,1504,0,1096,0,-6368,0,1244,0,8160,0,-4648,0,-2112,0,2868,0,-1160,0,234,0,-24,0,1 # totally_real r=18
-17,0,-184,0,-162,0,1896,0,-589,0,-6576,0,12036,0,-10032,0,4803,0,-1400,0,246,0,-24,0,1 # totally_real r=18
-4,0,8,0,192,0,-516,0,-193,0,720,0,240,0,-360,0,-189,0,40,0,48,0,12,0,1 # totally_real r=10
-4,0,0,0,-36,0,12,0,3887,0,-2592,0,47304,0,-46728,0,19443,0,-4320,0,540,0,-36,0,1 # totally_real r=6
-1,0,0,0,-64,0,32,0,-4,0,0,0,4096,0,-6144,0,3840,0,-1280,0,240,0,-24,0,1 # totally_real r=6
-49,0,352,0,-152,0,-2528,0,1916,0,5664,0,-3544,0,-2304,0,2880,0,-1160,0,234,0,-24,0,1 # totally_real r=18
-694,0,0,0,956,0,956,0,-193,0,-864,0,-584,0,-24,0,213,0,160,0,60,0,12,0,1 # totally_real r=6
-2,0,64,0,-272,0,-896,0,2288,0,4416,0,-2992,0,-2400,0,2886,0,-1160,0,234,0,-24,0,1 # totally_real r=18
-2,0,32,0,-72,0,-480,0,3452,0,-9312,0,12936,0,-10176,0,4812,0,-1400,0,246,0,-24,0,1 # totally_real r=14
-49,0,-352,0,24,0,2592,0,-1924,0,-5664,0,11736,0,-9984,0,4800,0,-1400,0,246,0,-24,0,1 # totally_real r=18
-457,0,0,0,2960,0,-1480,0,-5959,0,6144,0,1792,0,-5760,0,3816,0,-1280,0,240,0,-24,0,1 # totally_real r=18
-487,0,-756,0,-6,0,1076,0,957,0,-48,0,-616,0,-384,0,-12,0,100,0,54,0,12,0,1 # totally_real r=6
-1,0,0,0,-16,0,16,0,-4,0,0,0,64,0,-192,0,240,0,-160,0,60,0,-12,0,1 # totally_real r=2
-457,0,0,0,6660,0,-2220,0,-30919,0,20736,0,41472,0,-46080,0,19416,0,-4320,0,540,0,-36,0,1 # totally_real r=18
-2,0,0,0,-16,0,-16,0,-4,0,0,0,64,0,192,0,240,0,160,0,60,0,12,0,1 # totally_real r=2
-2,0,-32,0,144,0,-384,0,704,0,-960,0,1008,0,-816,0,498,0,-220,0,66,0,-12,0,1 # totally_real r=2
-701,0,0,0,3840,0,-1920,0,-6672,0,6912,0,1504,0,-5712,0,3813,0,-1280,0,240,0,-24,0,1 # totally_real r=18
-4,0,-8,0,192,0,516,0,-193,0,-720,0,240,0,360,0,-189,0,-40,0,48,0,-12,0,1 # totally_real r=14
-49,0,176,0,72,0,-336,0,-484,0,-48,0,504,0,672,0,480,0,220,0,66,0,12,0,1 # totally_real r=6
-199,0,-420,0,-78,0,644,0,705,0,0,0,-496,0,-336,0,-6,0,100,0,54,0,12,0,1 # totally_real r=6
-1,0,144,0,-168,0,-46608,0,163292,0,-237168,0,186840,0,-88128,0,26028,0,-4860,0,558,0,-36,0,1 # totally_real r=22
-2,0,96,0,-592,0,-3264,0,9488,0,41184,0,9088,0,-33840,0,17286,0,-4140,0,534,0,-36,0,1 # totally_real r=18
-1,0,0,0,-144,0,48,0,-4,0,0,0,46656,0,-46656,0,19440,0,-4320,0,540,0,-36,0,1 # totally_real r=6
-1,0,12,0,-6,0,-76,0,93,0,144,0,-136,0,-192,0,12,0,100,0,54,0,12,0,1 # totally_real r=6
-1,0,0,0,32,0,-32,0,-88,0,192,0,-80,0,-144,0,234,0,-160,0,60,0,-12,0,1 # totally_real r=10
-3,0,0,0,324,0,-108,0,-7767,0,5184,0,45360,0,-46512,0,19434,0,-4320,0,540,0,-36,0,1 # totally_real r=18
-3,0,0,0,48,0,-112,0,12,0,168,0,-76,0,-168,0,15,0,100,0,54,0,12,0,1 # totally_real r=2
-7,0,32,0,192,0,-528,0,-196,0,720,0,240,0,-360,0,-189,0,40,0,48,0,12,0,1 # totally_real r=10
-2,0,64,0,-80,0,-4064,0,15356,0,-25344,0,24128,0,-14592,0,5808,0,-1520,0,252,0,-24,0,1 # totally_real r=18
-1,0,0,0,192,0,-896,0,1920,0,-2544,0,2336,0,-1560,0,771,0,-280,0,72,0,-12,0,1 # totally_real r=10
-193,0,-416,0,336,0,384,0,-832,0,384,0,336,0,-624,0,474,0,-220,0,66,0,-12,0,1 # totally_real r=6
-17,0,-92,0,-6,0,276,0,-301,0,-120,0,588,0,-696,0,483,0,-220,0,66,0,-12,0,1 # totally_real r=6
-2,0,16,0,-24,0,-48,0,284,0,-624,0,840,0,-768,0,492,0,-220,0,66,0,-12,0,1 # totally_real r=6
-111,0,1152,0,-2976,0,-2240,0,10968,0,3168,0,-8040,0,1008,0,1953,0,-1040,0,228,0,-24,0,1 # totally_real r=18
-1,0,56,0,0,0,-540,0,-7,0,768,0,192,0,-384,0,-192,0,40,0,48,0,12,0,1 # totally_real r=10
-111,0,1728,0,-6336,0,-10080,0,48648,0,63792,0,-23920,0,-21528,0,15153,0,-3960,0,528,0,-36,0,1 # totally_real r=18
-695,0,0,0,0,0,0,0,239,0,0,0,0,0,0,0,-27,0,0,0,0,0,0,0,1 # totally_real r=6
-37,0,0,0,0,0,0,0,41,0,0,0,0,0,0,0,-12,0,0,0,0,0,0,0,1 # totally_real r=6
-1,0,96,0,848,0,1408,0,-1408,0,-1344,0,1072,0,336,0,-366,0,20,0,42,0,-12,0,1 # totally_real r=14
-91,0,-544,0,264,0,3264,0,-3256,0,-4752,0,11436,0,-9936,0,4797,0,-1400,0,246,0,-24,0,1 # totally_real r=18
-1,0,0,0,0,0,0,0,768,0,-768,0,4384,0,-6192,0,3843,0,-1280,0,240,0,-24,0,1 # totally_real r=6
-321,0,0,0,576,0,576,0,-192,0,-672,0,-440,0,24,0,219,0,160,0,60,0,12,0,1 # totally_real r=6
-7,0,0,0,-10,0,0,0,29,0,0,0,-32,0,0,0,18,0,0,0,-6,0,0,0,1 # totally_real r=2
-703,0,0,0,3840,0,-1920,0,-6672,0,6912,0,1504,0,-5712,0,3813,0,-1280,0,240,0,-24,0,1 # totally_real r=18
-316,0,0,0,572,0,-572,0,-193,0,672,0,-440,0,-24,0,219,0,-160,0,60,0,-12,0,1 # totally_real r=6
-1,0,-64,0,448,0,-1312,0,2312,0,-2784,0,2432,0,-1584,0,774,0,-280,0,72,0,-12,0,1 # totally_real r=6
-4,0,0,0,-4,0,4,0,47,0,-96,0,136,0,-216,0,243,0,-160,0,60,0,-12,0,1 # totally_real r=2
-2,0,-96,0,-560,0,3648,0,6032,0,-51552,0,86816,0,-59760,0,21606,0,-4500,0,546,0,-36,0,1 # totally_real r=18
-106,0,0,0,284,0,-284,0,-169,0,480,0,-296,0,-72,0,225,0,-160,0,60,0,-12,0,1 # totally_real r=6
-1,0,-56,0,-98,0,568,0,2681,0,3168,0,-2440,0,-2496,0,2892,0,-1160,0,234,0,-24,0,1 # totally_real r=10
-17,0,0,0,92,0,-92,0,-121,0,288,0,-152,0,-120,0,231,0,-160,0,60,0,-12,0,1 # totally_real r=6
-37,0,-492,0,-170,0,8724,0,-4327,0,-45936,0,85496,0,-59616,0,21600,0,-4500,0,546,0,-36,0,1 # totally_real r=18
-1,0,128,0,1632,0,6336,0,8552,0,-192,0,-6192,0,672,0,1974,0,-1040,0,228,0,-24,0,1 # totally_real r=14
-109,0,-1152,0,-2400,0,4928,0,5592,0,-20064,0,22568,0,-14352,0,5793,0,-1520,0,252,0,-24,0,1 # totally_real r=6
-1,0,-96,0,848,0,-1408,0,-1408,0,1344,0,1072,0,-336,0,-366,0,-20,0,42,0,12,0,1 # totally_real r=10
-51,0,180,0,78,0,-332,0,-483,0,-48,0,504,0,672,0,480,0,220,0,66,0,12,0,1 # totally_real r=6
-106,0,0,0,-284,0,0,0,-169,0,0,0,56,0,0,0,33,0,0,0,-12,0,0,0,1 # totally_real r=6
-1,0,-32,0,-80,0,64,0,272,0,96,0,-256,0,-240,0,6,0,100,0,54,0,12,0,1 # totally_real r=6
-175,0,1616,0,-3396,0,-3624,0,11333,0,3648,0,-8304,0,1056,0,1950,0,-1040,0,228,0,-24,0,1 # totally_real r=18
1768049398043,0,-2123063023400,0,1158596232640,0,-379891259660,0,83343156521,0,-12887045952,0,1440040448,0,-117168480,0,6889716,0,-285560,0,7920,0,-132,0,1 # totally_real r=22
-1,0,28,0,-42,0,-36,0,281,0,-624,0,840,0,-768,0,492,0,-220,0,66,0,-12,0,1 # totally_real r=6
-703,0,0,0,0,0,0,0,240,0,0,0,0,0,0,0,-27,0,0,0,0,0,0,0,1 # totally_real r=6
-91,0,-272,0,168,0,384,0,-664,0,216,0,420,0,-648,0,477,0,-220,0,66,0,-12,0,1 # totally_real r=6
-2,0,0,0,-8,0,0,0,-4,0,0,0,8,0,0,0,12,0,0,0,6,0,0,0,1 # totally_real r=2
-17,0,192,0,-384,0,-544,0,408,0,1584,0,1952,0,1464,0,759,0,280,0,72,0,12,0,1 # totally_real r=6
-109,0,-1728,0,-5760,0,14112,0,36552,0,-120816,0,131488,0,-73368,0,23793,0,-4680,0,552,0,-36,0,1 # totally_real r=18
-4,0,0,0,4,0,0,0,47,0,0,0,-88,0,0,0,51,0,0,0,-12,0,0,0,1 # totally_real r=10
-49,0,-176,0,-104,0,304,0,476,0,48,0,-376,0,-288,0,0,0,100,0,54,0,12,0,1 # totally_real r=6
-17,0,-92,0,-98,0,172,0,371,0,72,0,-316,0,-264,0,3,0,100,0,54,0,12,0,1 # totally_real r=6
-7,0,0,0,16,0,0,0,44,0,0,0,-88,0,0,0,51,0,0,0,-12,0,0,0,1 # totally_real r=10
-1,0,24,0,0,0,-524,0,-3,0,768,0,192,0,-384,0,-192,0,40,0,48,0,12,0,1 # totally_real r=10
-50,0,176,0,-104,0,-304,0,476,0,-48,0,-376,0,288,0,0,0,-100,0,54,0,-12,0,1 # totally_real r=10
-1,0,0,0,32,0,32,0,104,0,192,0,208,0,240,0,246,0,160,0,60,0,12,0,1 # totally_real r=2
-49,0,0,0,-88,0,0,0,-4,0,0,0,40,0,0,0,0,0,0,0,-6,0,0,0,1 # totally_real r=6
-4,0,0,0,-2,0,0,0,11,0,0,0,20,0,0,0,15,0,0,0,6,0,0,0,1 # totally_real r=2
-1,0,64,0,384,0,480,0,-376,0,-672,0,288,0,336,0,-186,0,-40,0,48,0,-12,0,1 # totally_real r=14
-17,0,0,0,0,0,0,0,23,0,0,0,0,0,0,0,-9,0,0,0,0,0,0,0,1 # totally_real r=6
-2,0,192,0,3536,0,16640,0,15584,0,-7296,0,-8288,0,3552,0,1074,0,-920,0,222,0,-24,0,1 # totally_real r=14
-37,0,984,0,-5600,0,-5100,0,49961,0,61632,0,-23296,0,-21600,0,15156,0,-3960,0,528,0,-36,0,1 # totally_real r=18
-91,0,0,0,-136,0,0,0,8,0,0,0,52,0,0,0,-3,0,0,0,-6,0,0,0,1 # totally_real r=6
-2,0,0,0,128,0,-64,0,-1528,0,1536,0,3520,0,-6048,0,3834,0,-1280,0,240,0,-24,0,1 # totally_real r=18
-37,0,-656,0,-2252,0,3256,0,7529,0,-21120,0,22880,0,-14400,0,5796,0,-1520,0,252,0,-24,0,1 # totally_real r=6
-193,0,832,0,304,0,-4352,0,1568,0,6912,0,-4096,0,-2208,0,2874,0,-1160,0,234,0,-24,0,1 # totally_real r=18
-50,0,528,0,-232,0,-8592,0,4316,0,45936,0,7816,0,-33696,0,17280,0,-4140,0,534,0,-36,0,1 # totally_real r=18
-1,0,16,0,-8,0,-80,0,92,0,144,0,-136,0,-192,0,12,0,100,0,54,0,12,0,1 # totally_real r=6
2079506948687,0,-2430110165648,0,1293627210568,0,-414767847824,0,89201154716,0,-13555558896,0,1492532984,0,-119968992,0,6986880,0,-287540,0,7938,0,-132,0,1 # totally_real r=22
-7,0,0,0,-40,0,0,0,-16,0,0,0,28,0,0,0,3,0,0,0,-6,0,0,0,1 # totally_real r=6
-1,0,0,0,128,0,-64,0,1544,0,-1536,0,4672,0,-6240,0,3846,0,-1280,0,240,0,-24,0,1 # totally_real r=6
-1,0,0,0,14,0,0,0,-7,0,0,0,-8,0,0,0,12,0,0,0,-6,0,0,0,1 # totally_real r=6
-1,0,0,0,-252,0,84,0,-7,0,0,0,46656,0,-46656,0,19440,0,-4320,0,540,0,-36,0,1 # totally_real r=6
-316,0,0,0,0,0,0,0,143,0,0,0,0,0,0,0,-21,0,0,0,0,0,0,0,1 # totally_real r=6
-19,0,0,0,-96,0,0,0,-120,0,0,0,8,0,0,0,39,0,0,0,-12,0,0,0,1 # totally_real r=6
-2,0,-64,0,528,0,-2304,0,6176,0,-11136,0,13536,0,-10272,0,4818,0,-1400,0,246,0,-24,0,1 # totally_real r=6
-16,0,552,0,-4448,0,-276,0,51287,0,59472,0,-22672,0,-21672,0,15159,0,-3960,0,528,0,-36,0,1 # totally_real r=18
-37,0,0,0,82,0,0,0,-7,0,0,0,-40,0,0,0,0,0,0,0,6,0,0,0,1 # totally_real r=6
-1,0,32,0,112,0,128,0,-64,0,-192,0,-16,0,144,0,18,0,-100,0,54,0,-12,0,1 # totally_real r=6
-2,0,0,0,8,0,0,0,-4,0,0,0,-8,0,0,0,12,0,0,0,-6,0,0,0,1 # totally_real r=6
-2,0,0,0,16,0,0,0,-16,0,0,0,-16,0,0,0,6,0,0,0,6,0,0,0,1 # totally_real r=6
-695,0,0,0,3824,0,-1912,0,-6673,0,6912,0,1504,0,-5712,0,3813,0,-1280,0,240,0,-24,0,1 # totally_real r=18
-3,0,0,0,48,0,208,0,492,0,792,0,924,0,792,0,495,0,220,0,66,0,12,0,1 # totally_real r=2
-107,0,0,0,284,0,-284,0,-169,0,480,0,-296,0,-72,0,225,0,-160,0,60,0,-12,0,1 # totally_real r=6
-487,0,1512,0,1110,0,-6376,0,1245,0,8160,0,-4648,0,-2112,0,2868,0,-1160,0,234,0,-24,0,1 # totally_real r=18
-197,0,1260,0,978,0,-14220,0,-831,0,50688,0,6544,0,-33552,0,17274,0,-4140,0,534,0,-36,0,1 # totally_real r=18
-295,0,-1120,0,1176,0,4416,0,-5896,0,-2928,0,10836,0,-9840,0,4791,0,-1400,0,246,0,-24,0,1 # totally_real r=14
-695,0,0,0,956,0,-956,0,-193,0,864,0,-584,0,24,0,213,0,-160,0,60,0,-12,0,1 # totally_real r=6
-2,0,16,0,-8,0,-80,0,92,0,144,0,-136,0,-192,0,12,0,100,0,54,0,12,0,1 # totally_real r=6
-1,0,0,0,32,0,32,0,-88,0,-192,0,-80,0,144,0,234,0,160,0,60,0,12,0,1 # totally_real r=6
-53,0,180,0,78,0,-332,0,-483,0,-48,0,504,0,672,0,480,0,220,0,66,0,12,0,1 # totally_real r=6
-19,0,0,0,96,0,96,0,-120,0,-288,0,-152,0,120,0,231,0,160,0,60,0,12,0,1 # totally_real r=6
-931,0,0,0,1172,0,1172,0,-187,0,-960,0,-656,0,-48,0,210,0,160,0,60,0,12,0,1 # totally_real r=6
-175,0,808,0,-1152,0,108,0,1253,0,-1056,0,-96,0,528,0,-210,0,-40,0,48,0,-12,0,1 # totally_real r=10
2190415536853,0,-2538028299048,0,1340531124152,0,-426757257652,0,91197035591,0,-13781644272,0,1510181344,0,-120906456,0,7019313,0,-288200,0,7944,0,-132,0,1 # totally_real r=22
-1,0,28,0,-14,0,-92,0,89,0,144,0,-136,0,-192,0,12,0,100,0,54,0,12,0,1 # totally_real r=6
-316,0,0,0,572,0,572,0,-193,0,-672,0,-440,0,24,0,219,0,160,0,60,0,12,0,1 # totally_real r=6
-316,0,0,0,2288,0,-1144,0,-5233,0,5376,0,2080,0,-5808,0,3819,0,-1280,0,240,0,-24,0,1 # totally_real r=18
-37,0,164,0,-110,0,-292,0,473,0,-48,0,-376,0,288,0,0,0,-100,0,54,0,-12,0,1 # totally_real r=10
-2,0,0,0,32,0,-32,0,104,0,-192,0,208,0,-240,0,246,0,-160,0,60,0,-12,0,1 # totally_real r=6
-7,0,-32,0,192,0,528,0,-196,0,-720,0,240,0,360,0,-189,0,-40,0,48,0,-12,0,1 # totally_real r=14
-7,0,20,0,106,0,140,0,-67,0,-192,0,-16,0,144,0,18,0,-100,0,54,0,-12,0,1 # totally_real r=6
-5,0,8,0,192,0,-516,0,-193,0,720,0,240,0,-360,0,-189,0,40,0,48,0,12,0,1 # totally_real r=10
-17,0,92,0,-6,0,-276,0,-301,0,120,0,588,0,696,0,483,0,220,0,66,0,12,0,1 # totally_real r=6
-199,0,-420,0,342,0,380,0,-831,0,384,0,336,0,-624,0,474,0,-220,0,66,0,-12,0,1 # totally_real r=6
-50,0,352,0,-152,0,-2528,0,1916,0,5664,0,-3544,0,-2304,0,2880,0,-1160,0,234,0,-24,0,1 # totally_real r=18
-489,0,-1512,0,1866,0,4888,0,-7203,0,-2016,0,10536,0,-9792,0,4788,0,-1400,0,246,0,-24,0,1 # totally_real r=14
-667,0,-944,0,40,0,1312,0,1088,0,-72,0,-676,0,-408,0,-15,0,100,0,54,0,12,0,1 # totally_real r=6
-17,0,0,0,92,0,92,0,-121,0,-288,0,-152,0,120,0,231,0,160,0,60,0,12,0,1 # totally_real r=6
-17,0,0,0,48,0,0,0,-12,0,0,0,-28,0,0,0,3,0,0,0,6,0,0,0,1 # totally_real r=6
-7,0,-16,0,40,0,128,0,8,0,-168,0,-76,0,168,0,15,0,-100,0,54,0,-12,0,1 # totally_real r=6
-2,0,0,0,32,0,32,0,104,0,192,0,208,0,240,0,246,0,160,0,60,0,12,0,1 # totally_real r=2
-1,0,56,0,-126,0,-456,0,3449,0,-9312,0,12936,0,-10176,0,4812,0,-1400,0,246,0,-24,0,1 # totally_real r=14
-1,0,64,0,448,0,1312,0,2312,0,2784,0,2432,0,1584,0,774,0,280,0,72,0,12,0,1 # totally_real r=2
-37,0,656,0,-2580,0,-840,0,10601,0,2688,0,-7776,0,960,0,1956,0,-1040,0,228,0,-24,0,1 # totally_real r=18
-107,0,1704,0,-6368,0,-10068,0,48647,0,63792,0,-23920,0,-21528,0,15153,0,-3960,0,528,0,-36,0,1 # totally_real r=18
-91,0,272,0,-104,0,-448,0,584,0,-24,0,-436,0,312,0,-3,0,-100,0,54,0,-12,0,1 # totally_real r=10
-667,0,1888,0,1576,0,-7424,0,1088,0,8784,0,-4924,0,-2064,0,2865,0,-1160,0,234,0,-24,0,1 # totally_real r=18
-2,0,-192,0,3632,0,-20224,0,43232,0,-51072,0,38368,0,-19488,0,6834,0,-1640,0,258,0,-24,0,1 # totally_real r=10
-107,0,0,0,284,0,284,0,-169,0,-480,0,-296,0,72,0,225,0,160,0,60,0,12,0,1 # totally_real r=6
-51,0,0,0,180,0,180,0,-147,0,-384,0,-224,0,96,0,228,0,160,0,60,0,12,0,1 # totally_real r=6
-16,0,0,0,92,0,-92,0,-121,0,288,0,-152,0,-120,0,231,0,-160,0,60,0,-12,0,1 # totally_real r=6
-694,0,0,0,3824,0,-1912,0,-6673,0,6912,0,1504,0,-5712,0,3813,0,-1280,0,240,0,-24,0,1 # totally_real r=18
-37,0,492,0,-334,0,-8556,0,4313,0,45936,0,7816,0,-33696,0,17280,0,-4140,0,534,0,-36,0,1 # totally_real r=18
-1,0,0,0,0,0,0,0,8,0,0,0,0,0,0,0,6,0,0,0,0,0,0,0,1 # totally_real r=2
-1,0,0,0,-28,0,-28,0,-7,0,0,0,64,0,192,0,240,0,160,0,60,0,12,0,1 # totally_real r=2
-3,0,-36,0,-42,0,188,0,-111,0,-288,0,672,0,-720,0,486,0,-220,0,66,0,-12,0,1 # totally_real r=6
-1,0,0,0,-48,0,0,0,224,0,0,0,-288,0,0,0,114,0,0,0,-18,0,0,0,1 # totally_real r=10
-5,0,8,0,174,0,-1368,0,4811,0,-10224,0,13236,0,-10224,0,4815,0,-1400,0,246,0,-24,0,1 # totally_real r=6
-17,0,-192,0,-576,0,-416,0,600,0,912,0,48,0,-456,0,-201,0,40,0,48,0,12,0,1 # totally_real r=6
-7,0,20,0,126,0,372,0,701,0,960,0,1008,0,816,0,498,0,220,0,66,0,12,0,1 # totally_real r=2
-194,0,832,0,304,0,-4352,0,1568,0,6912,0,-4096,0,-2208,0,2874,0,-1160,0,234,0,-24,0,1 # totally_real r=18
-1,0,0,0,-6,0,0,0,-3,0,0,0,8,0,0,0,12,0,0,0,6,0,0,0,1 # totally_real r=2
-457,0,0,0,0,0,0,0,185,0,0,0,0,0,0,0,-24,0,0,0,0,0,0,0,1 # totally_real r=6
-667,0,-944,0,984,0,288,0,-1312,0,888,0,84,0,-552,0,465,0,-220,0,66,0,-12,0,1 # totally_real r=6
-703,0,0,0,960,0,-960,0,-192,0,864,0,-584,0,24,0,213,0,-160,0,60,0,-12,0,1 # totally_real r=6
-482,0,752,0,744,0,-336,0,-1156,0,-720,0,168,0,576,0,468,0,220,0,66,0,12,0,1 # totally_real r=6
-17,0,0,0,-96,0,0,0,-120,0,0,0,8,0,0,0,39,0,0,0,-12,0,0,0,1 # totally_real r=6
-487,0,-1512,0,1866,0,4888,0,-7203,0,-2016,0,10536,0,-9792,0,4788,0,-1400,0,246,0,-24,0,1 # totally_real r=10
-3,0,0,0,0,0,0,0,48,0,96,0,136,0,216,0,243,0,160,0,60,0,12,0,1 # totally_real r=2
-106,0,-568,0,-960,0,-228,0,1031,0,1008,0,-48,0,-504,0,-207,0,40,0,48,0,12,0,1 # totally_real r=6
-175,0,0,0,1616,0,-808,0,-4507,0,4608,0,2368,0,-5856,0,3822,0,-1280,0,240,0,-24,0,1 # totally_real r=18
-3,0,0,0,0,0,0,0,48,0,0,0,-88,0,0,0,51,0,0,0,-12,0,0,0,1 # totally_real r=10
-2,0,0,0,128,0,-64,0,1544,0,-1536,0,4672,0,-6240,0,3846,0,-1280,0,240,0,-24,0,1 # totally_real r=6
-1,0,-36,0,6,0,1740,0,-867,0,-1584,0,1000,0,384,0,-372,0,20,0,42,0,-12,0,1 # totally_real r=14
-1,0,32,0,-80,0,-64,0,272,0,-96,0,-256,0,240,0,6,0,-100,0,54,0,-12,0,1 # totally_real r=14
-2,0,0,0,0,0,0,0,8,0,0,0,0,0,0,0,6,0,0,0,0,0,0,0,1 # totally_real r=2
-5,0,0,0,-2,0,0,0,11,0,0,0,20,0,0,0,15,0,0,0,6,0,0,0,1 # totally_real r=2
-7,0,-32,0,160,0,880,0,1916,0,2544,0,2336,0,1560,0,771,0,280,0,72,0,12,0,1 # totally_real r=2
-667,0,944,0,984,0,-288,0,-1312,0,-888,0,84,0,552,0,465,0,220,0,66,0,12,0,1 # totally_real r=6
-7,0,-240,0,-536,0,6240,0,848,0,-48744,0,86156,0,-59688,0,21603,0,-4500,0,546,0,-36,0,1 # totally_real r=18
-106,0,1704,0,-6368,0,-10068,0,48647,0,63792,0,-23920,0,-21528,0,15153,0,-3960,0,528,0,-36,0,1 # totally_real r=18
-295,0,560,0,504,0,-384,0,-1000,0,-552,0,252,0,600,0,471,0,220,0,66,0,12,0,1 # totally_real r=6
-1,0,0,0,28,0,0,0,-7,0,0,0,-64,0,0,0,48,0,0,0,-12,0,0,0,1 # totally_real r=10
-481,0,-1504,0,1848,0,4896,0,-7204,0,-2016,0,10536,0,-9792,0,4788,0,-1400,0,246,0,-24,0,1 # totally_real r=14
-107,0,-568,0,-960,0,-228,0,1031,0,1008,0,-48,0,-504,0,-207,0,40,0,48,0,12,0,1 # totally_real r=6
-49,0,-528,0,-56,0,8688,0,-4324,0,-45936,0,85496,0,-59616,0,21600,0,-4500,0,546,0,-36,0,1 # totally_real r=18
-194,0,-832,0,720,0,3840,0,-4576,0,-3840,0,11136,0,-9888,0,4794,0,-1400,0,246,0,-24,0,1 # totally_real r=14
-17,0,-368,0,-1844,0,1480,0,9479,0,-22176,0,23192,0,-14448,0,5799,0,-1520,0,252,0,-24,0,1 # totally_real r=6
-7,0,0,0,0,0,0,0,-4,0,0,0,0,0,0,0,3,0,0,0,0,0,0,0,1 # totally_real r=2
-197,0,0,0,210,0,0,0,33,0,0,0,-64,0,0,0,-6,0,0,0,6,0,0,0,1 # totally_real r=6
-37,0,0,0,-164,0,0,0,-151,0,0,0,32,0,0,0,36,0,0,0,-12,0,0,0,1 # totally_real r=6
-7,0,16,0,24,0,-192,0,488,0,-792,0,924,0,-792,0,495,0,-220,0,66,0,-12,0,1 # totally_real r=2
-7,0,-40,0,424,0,-1300,0,2309,0,-2784,0,2432,0,-1584,0,774,0,-280,0,72,0,-12,0,1 # totally_real r=6
-489,0,756,0,-6,0,-1076,0,957,0,48,0,-616,0,384,0,-12,0,-100,0,54,0,-12,0,1 # totally_real r=6
-7,0,-48,0,440,0,1600,0,-1144,0,-1464,0,1036,0,360,0,-369,0,20,0,42,0,-12,0,1 # totally_real r=14
-91,0,-272,0,-104,0,448,0,584,0,24,0,-436,0,-312,0,-3,0,100,0,54,0,12,0,1 # totally_real r=6
-51,0,-180,0,-102,0,308,0,477,0,48,0,-376,0,-288,0,0,0,100,0,54,0,12,0,1 # totally_real r=6
-5,0,0,0,2,0,0,0,11,0,0,0,-20,0,0,0,15,0,0,0,-6,0,0,0,1 # totally_real r=2
-701,0,0,0,8640,0,-2880,0,-34752,0,23328,0,40824,0,-46008,0,19413,0,-4320,0,540,0,-36,0,1 # totally_real r=18
-50,0,0,0,176,0,176,0,-148,0,-384,0,-224,0,96,0,228,0,160,0,60,0,12,0,1 # totally_real r=6
1972878686461,0,-2325549264192,0,1247863277796,0,-402997253516,0,87231237033,0,-13331423424,0,1474975152,0,-119033904,0,6954474,0,-286880,0,7932,0,-132,0,1 # totally_real r=18
-106,0,0,0,0,0,0,0,71,0,0,0,0,0,0,0,-15,0,0,0,0,0,0,0,1 # totally_real r=6
-2,0,-32,0,-56,0,544,0,2684,0,3168,0,-2440,0,-2496,0,2892,0,-1160,0,234,0,-24,0,1 # totally_real r=10
-316,0,0,0,5148,0,-1716,0,-27073,0,18144,0,42120,0,-46152,0,19419,0,-4320,0,540,0,-36,0,1 # totally_real r=18
-667,0,-1888,0,2520,0,5376,0,-8512,0,-1104,0,10236,0,-9744,0,4785,0,-1400,0,246,0,-24,0,1 # totally_real r=10
-2,0,32,0,-48,0,-192,0,-112,0,288,0,672,0,720,0,486,0,220,0,66,0,12,0,1 # totally_real r=6
-17,0,-96,0,-96,0,176,0,372,0,72,0,-316,0,-264,0,3,0,100,0,54,0,12,0,1 # totally_real r=6
-4,0,-8,0,178,0,1192,0,2891,0,2544,0,-2164,0,-2544,0,2895,0,-1160,0,234,0,-24,0,1 # totally_real r=6
-2,0,32,0,0,0,-528,0,-4,0,768,0,192,0,-384,0,-192,0,40,0,48,0,12,0,1 # totally_real r=10
-2,0,0,0,16,0,0,0,32,0,0,0,32,0,0,0,18,0,0,0,6,0,0,0,1 # totally_real r=2
-197,0,-420,0,-78,0,644,0,705,0,0,0,-496,0,-336,0,-6,0,100,0,54,0,12,0,1 # totally_real r=6
-2,0,-64,0,-48,0,4128,0,9212,0,768,0,-6720,0,768,0,1968,0,-1040,0,228,0,-24,0,1 # totally_real r=14
-50,0,-176,0,-104,0,304,0,476,0,48,0,-376,0,-288,0,0,0,100,0,54,0,12,0,1 # totally_real r=6
-2,0,128,0,1632,0,6336,0,8552,0,-192,0,-6192,0,672,0,1974,0,-1040,0,228,0,-24,0,1 # totally_real r=14
-2,0,-48,0,8,0,1744,0,-868,0,-1584,0,1000,0,384,0,-372,0,20,0,42,0,-12,0,1 # totally_real r=14
-5,0,4,0,46,0,-116,0,11,0,168,0,-76,0,-168,0,15,0,100,0,54,0,12,0,1 # totally_real r=2
783012593663,0,-978659573760,0,558607269888,0,-192534405120,0,44628112128,0,-7328728320,0,874279072,0,-76339440,0,4842243,0,-217600,0,6576,0,-120,0,1 # totally_real r=6
-1,0,-64,0,384,0,-480,0,-376,0,672,0,288,0,-336,0,-186,0,40,0,48,0,12,0,1 # totally_real r=10
-37,0,0,0,164,0,-164,0,-151,0,384,0,-224,0,-96,0,228,0,-160,0,60,0,-12,0,1 # totally_real r=6
-107,0,0,0,1136,0,-568,0,-3769,0,3840,0,2656,0,-5904,0,3825,0,-1280,0,240,0,-24,0,1 # totally_real r=18
-1,0,0,0,48,0,-112,0,12,0,168,0,-76,0,-168,0,15,0,100,0,54,0,12,0,1 # totally_real r=6
-106,0,0,0,1136,0,-568,0,-3769,0,3840,0,2656,0,-5904,0,3825,0,-1280,0,240,0,-24,0,1 # totally_real r=18
-3,0,0,0,0,0,0,0,48,0,-96,0,136,0,-216,0,243,0,-160,0,60,0,-12,0,1 # totally_real r=6
-1,0,96,0,-88,0,-13792,0,38012,0,-48672,0,37720,0,-19392,0,6828,0,-1640,0,258,0,-24,0,1 # totally_real r=10
-931,0,0,0,10548,0,-3516,0,-38587,0,25920,0,40176,0,-45936,0,19410,0,-4320,0,540,0,-36,0,1 # totally_real r=18
-197,0,840,0,318,0,-4360,0,1569,0,6912,0,-4096,0,-2208,0,2874,0,-1160,0,234,0,-24,0,1 # totally_real r=18
-91,0,544,0,-8,0,-3392,0,1736,0,6288,0,-3820,0,-2256,0,2877,0,-1160,0,234,0,-24,0,1 # totally_real r=18
-50,0,-176,0,72,0,336,0,-484,0,48,0,504,0,-672,0,480,0,-220,0,66,0,-12,0,1 # totally_real r=6
-1,0,0,0,-28,0,28,0,-7,0,0,0,64,0,-192,0,240,0,-160,0,60,0,-12,0,1 # totally_real r=2
-7,0,-80,0,-104,0,160,0,368,0,72,0,-316,0,-264,0,3,0,100,0,54,0,12,0,1 # totally_real r=6
-7,0,-96,0,1688,0,15296,0,16424,0,-6960,0,-8540,0,3600,0,1071,0,-920,0,222,0,-24,0,1 # totally_real r=14
-2,0,0,0,0,0,0,0,-4,0,0,0,0,0,0,0,0,0,0,0,0,0,0,0,1 # totally_real r=2
-931,0,0,0,1172,0,-1172,0,-187,0,960,0,-656,0,48,0,210,0,-160,0,60,0,-12,0,1 # totally_real r=6
-295,0,560,0,-56,0,-832,0,824,0,24,0,-556,0,360,0,-9,0,-100,0,54,0,-12,0,1 # totally_real r=6
-199,0,1260,0,978,0,-14220,0,-831,0,50688,0,6544,0,-33552,0,17274,0,-4140,0,534,0,-36,0,1 # totally_real r=18
-1,0,64,0,496,0,1792,0,3104,0,1920,0,-1888,0,-2592,0,2898,0,-1160,0,234,0,-24,0,1 # totally_real r=6
-7,0,0,0,-16,0,16,0,44,0,-96,0,136,0,-216,0,243,0,-160,0,60,0,-12,0,1 # totally_real r=2
-695,0,0,0,8604,0,-2868,0,-34753,0,23328,0,40824,0,-46008,0,19413,0,-4320,0,540,0,-36,0,1 # totally_real r=18
-2,0,0,0,-48,0,0,0,224,0,0,0,-288,0,0,0,114,0,0,0,-18,0,0,0,1 # totally_real r=10
-50,0,-528,0,-56,0,8688,0,-4324,0,-45936,0,85496,0,-59616,0,21600,0,-4500,0,546,0,-36,0,1 # totally_real r=18
-7,0,0,0,80,0,80,0,-124,0,-288,0,-152,0,120,0,231,0,160,0,60,0,12,0,1 # totally_real r=6
-1,0,-28,0,-42,0,36,0,281,0,624,0,840,0,768,0,492,0,220,0,66,0,12,0,1 # totally_real r=2
-2,0,-32,0,-80,0,64,0,272,0,96,0,-256,0,-240,0,6,0,100,0,54,0,12,0,1 # totally_real r=6
-5,0,-4,0,46,0,116,0,11,0,-168,0,-76,0,168,0,15,0,-100,0,54,0,-12,0,1 # totally_real r=6
-2,0,-288,0,8112,0,-64896,0,179072,0,-243648,0,188208,0,-88272,0,26034,0,-4860,0,558,0,-36,0,1 # totally_real r=22
-931,0,0,0,4688,0,-2344,0,-7387,0,7680,0,1216,0,-5664,0,3810,0,-1280,0,240,0,-24,0,1 # totally_real r=18
-37,0,-984,0,-5272,0,8724,0,43049,0,-123840,0,132160,0,-73440,0,23796,0,-4680,0,552,0,-36,0,1 # totally_real r=18
-19,0,288,0,-480,0,-5904,0,6900,0,43560,0,8452,0,-33768,0,17283,0,-4140,0,534,0,-36,0,1 # totally_real r=18
-17,0,-552,0,-4264,0,3180,0,49559,0,-126864,0,132832,0,-73512,0,23799,0,-4680,0,552,0,-36,0,1 # totally_real r=18
-7,0,40,0,384,0,492,0,-379,0,-672,0,288,0,336,0,-186,0,-40,0,48,0,-12,0,1 # totally_real r=10
-1,0,-288,0,8112,0,-64896,0,179072,0,-243648,0,188208,0,-88272,0,26034,0,-4860,0,558,0,-36,0,1 # totally_real r=22
-7,0,-32,0,136,0,1216,0,2888,0,2544,0,-2164,0,-2544,0,2895,0,-1160,0,234,0,-24,0,1 # totally_real r=6
-1,0,0,0,0,0,0,0,-4,0,0,0,0,0,0,0,0,0,0,0,0,0,0,0,1 # totally_real r=2
-1,0,-32,0,144,0,-384,0,704,0,-960,0,1008,0,-816,0,498,0,-220,0,66,0,-12,0,1 # totally_real r=2
-487,0,756,0,750,0,-332,0,-1155,0,-720,0,168,0,576,0,468,0,220,0,66,0,12,0,1 # totally_real r=6
-2,0,-96,0,848,0,-1408,0,-1408,0,1344,0,1072,0,-336,0,-366,0,-20,0,42,0,12,0,1 # totally_real r=10
-7,0,80,0,-24,0,-288,0,-304,0,120,0,588,0,696,0,483,0,220,0,66,0,12,0,1 # totally_real r=6
-7,0,0,0,8,0,0,0,8,0,0,0,-20,0,0,0,15,0,0,0,-6,0,0,0,1 # totally_real r=2
-5,0,4,0,42,0,-204,0,491,0,-792,0,924,0,-792,0,495,0,-220,0,66,0,-12,0,1 # totally_real r=2
-1,0,-24,0,-24,0,500,0,1533,0,2304,0,2240,0,1536,0,768,0,280,0,72,0,12,0,1 # totally_real r=2
-1,0,16,0,-24,0,-48,0,284,0,-624,0,840,0,-768,0,492,0,-220,0,66,0,-12,0,1 # totally_real r=6
-50,0,176,0,72,0,-336,0,-484,0,-48,0,504,0,672,0,480,0,220,0,66,0,12,0,1 # totally_real r=6
-481,0,-752,0,744,0,336,0,-1156,0,720,0,168,0,-576,0,468,0,-220,0,66,0,-12,0,1 # totally_real r=6
-175,0,0,0,0,0,0,0,101,0,0,0,0,0,0,0,-18,0,0,0,0,0,0,0,1 # totally_real r=6
-1,0,-192,0,3632,0,-20224,0,43232,0,-51072,0,38368,0,-19488,0,6834,0,-1640,0,258,0,-24,0,1 # totally_real r=10
-7,0,0,0,-20,0,0,0,101,0,0,0,-112,0,0,0,54,0,0,0,-12,0,0,0,1 # totally_real r=6
-7,0,160,0,-296,0,-1664,0,2096,0,5040,0,-3268,0,-2352,0,2883,0,-1160,0,234,0,-24,0,1 # totally_real r=18
-7,0,144,0,3720,0,-55680,0,171176,0,-240408,0,187524,0,-88200,0,26031,0,-4860,0,558,0,-36,0,1 # totally_real r=22
-16,0,-184,0,-576,0,-420,0,599,0,912,0,48,0,-456,0,-201,0,40,0,48,0,12,0,1 # totally_real r=6
-1,0,72,0,-66,0,-13800,0,38013,0,-48672,0,37720,0,-19392,0,6828,0,-1640,0,258,0,-24,0,1 # totally_real r=10
-53,0,0,0,90,0,0,0,-3,0,0,0,-40,0,0,0,0,0,0,0,6,0,0,0,1 # totally_real r=6
-5,0,-8,0,178,0,1192,0,2891,0,2544,0,-2164,0,-2544,0,2895,0,-1160,0,234,0,-24,0,1 # totally_real r=6
-1,0,0,0,-16,0,0,0,-16,0,0,0,16,0,0,0,6,0,0,0,-6,0,0,0,1 # totally_real r=6
-51,0,540,0,-198,0,-8604,0,4317,0,45936,0,7816,0,-33696,0,17280,0,-4140,0,534,0,-36,0,1 # totally_real r=18
-1,0,0,0,-14,0,0,0,-7,0,0,0,8,0,0,0,12,0,0,0,6,0,0,0,1 # totally_real r=2
-1,0,0,0,-112,0,56,0,-7,0,0,0,4096,0,-6144,0,3840,0,-1280,0,240,0,-24,0,1 # totally_real r=6
-37,0,0,0,164,0,164,0,-151,0,-384,0,-224,0,96,0,228,0,160,0,60,0,12,0,1 # totally_real r=6
-111,0,-1728,0,-5760,0,14112,0,36552,0,-120816,0,131488,0,-73368,0,23793,0,-4680,0,552,0,-36,0,1 # totally_real r=18
-37,0,-164,0,54,0,348,0,-487,0,48,0,504,0,-672,0,480,0,-220,0,66,0,-12,0,1 # totally_real r=6
-2,0,96,0,-88,0,-13792,0,38012,0,-48672,0,37720,0,-19392,0,6828,0,-1640,0,258,0,-24,0,1 # totally_real r=10
-703,0,0,0,8640,0,-2880,0,-34752,0,23328,0,40824,0,-46008,0,19413,0,-4320,0,540,0,-36,0,1 # totally_real r=18
-1,0,-48,0,8,0,1744,0,-868,0,-1584,0,1000,0,384,0,-372,0,20,0,42,0,-12,0,1 # totally_real r=14
-7,0,40,0,424,0,1300,0,2309,0,2784,0,2432,0,1584,0,774,0,280,0,72,0,12,0,1 # totally_real r=2
-37,0,-328,0,-768,0,-348,0,809,0,960,0,0,0,-480,0,-204,0,40,0,48,0,12,0,1 # totally_real r=6
-4,0,-8,0,184,0,892,0,1919,0,2544,0,2336,0,1560,0,771,0,280,0,72,0,12,0,1 # totally_real r=2
-487,0,-756,0,750,0,332,0,-1155,0,720,0,168,0,-576,0,468,0,-220,0,66,0,-12,0,1 # totally_real r=6
-317,0,0,0,572,0,572,0,-193,0,-672,0,-440,0,24,0,219,0,160,0,60,0,12,0,1 # totally_real r=6
-2,0,144,0,-168,0,-46608,0,163292,0,-237168,0,186840,0,-88128,0,26028,0,-4860,0,558,0,-36,0,1 # totally_real r=22
-7,0,0,0,-8,0,0,0,8,0,0,0,20,0,0,0,15,0,0,0,6,0,0,0,1 # totally_real r=2
-2,0,32,0,-32,0,-496,0,1532,0,-2304,0,2240,0,-1536,0,768,0,-280,0,72,0,-12,0,1 # totally_real r=10
-1,0,0,0,32,0,-32,0,104,0,-192,0,208,0,-240,0,246,0,-160,0,60,0,-12,0,1 # totally_real r=6
-175,0,-1616,0,-2588,0,6616,0,3653,0,-19008,0,22256,0,-14304,0,5790,0,-1520,0,252,0,-24,0,1 # totally_real r=6
-37,0,328,0,-194,0,-2504,0,1913,0,5664,0,-3544,0,-2304,0,2880,0,-1160,0,234,0,-24,0,1 # totally_real r=18
-2,0,0,0,24,0,0,0,-4,0,0,0,-216,0,0,0,108,0,0,0,-18,0,0,0,1 # totally_real r=10
-19,0,96,0,0,0,-272,0,-300,0,120,0,588,0,696,0,483,0,220,0,66,0,12,0,1 # totally_real r=6
-91,0,816,0,152,0,-11328,0,1736,0,48312,0,7180,0,-33624,0,17277,0,-4140,0,534,0,-36,0,1 # totally_real r=18
-111,0,-1152,0,-2400,0,4928,0,5592,0,-20064,0,22568,0,-14352,0,5793,0,-1520,0,252,0,-24,0,1 # totally_real r=6
-109,0,1728,0,-6336,0,-10080,0,48648,0,63792,0,-23920,0,-21528,0,15153,0,-3960,0,528,0,-36,0,1 # totally_real r=18
-19,0,-96,0,-96,0,176,0,372,0,72,0,-316,0,-264,0,3,0,100,0,54,0,12,0,1 # totally_real r=6
-194,0,416,0,336,0,-384,0,-832,0,-384,0,336,0,624,0,474,0,220,0,66,0,12,0,1 # totally_real r=6
-1,0,-56,0,-56,0,484,0,1529,0,2304,0,2240,0,1536,0,768,0,280,0,72,0,12,0,1 # totally_real r=2
-2,0,0,0,-16,0,0,0,-16,0,0,0,16,0,0,0,6,0,0,0,-6,0,0,0,1 # totally_real r=6
-4,0,8,0,174,0,-1368,0,4811,0,-10224,0,13236,0,-10224,0,4815,0,-1400,0,246,0,-24,0,1 # totally_real r=6
2079506961451,0,-2430110170620,0,1293627211278,0,-414767847868,0,89201154717,0,-13555558896,0,1492532984,0,-119968992,0,6986880,0,-287540,0,7938,0,-132,0,1 # totally_real r=22
-4,0,-4,0,42,0,204,0,491,0,792,0,924,0,792,0,495,0,220,0,66,0,12,0,1 # totally_real r=2
-91,0,0,0,272,0,-272,0,-172,0,480,0,-296,0,-72,0,225,0,-160,0,60,0,-12,0,1 # totally_real r=6
-175,0,0,0,-404,0,0,0,-187,0,0,0,80,0,0,0,30,0,0,0,-12,0,0,0,1 # totally_real r=6
-1,0,0,0,-32,0,0,0,104,0,0,0,-112,0,0,0,54,0,0,0,-12,0,0,0,1 # totally_real r=10
-16,0,-368,0,-1844,0,1480,0,9479,0,-22176,0,23192,0,-14448,0,5799,0,-1520,0,252,0,-24,0,1 # totally_real r=6
-5,0,-8,0,184,0,892,0,1919,0,2544,0,2336,0,1560,0,771,0,280,0,72,0,12,0,1 # totally_real r=2
-482,0,-1504,0,1848,0,4896,0,-7204,0,-2016,0,10536,0,-9792,0,4788,0,-1400,0,246,0,-24,0,1 # totally_real r=14
-2,0,64,0,384,0,480,0,-376,0,-672,0,288,0,336,0,-186,0,-40,0,48,0,-12,0,1 # totally_real r=14
-17,0,-192,0,-384,0,544,0,408,0,-1584,0,1952,0,-1464,0,759,0,-280,0,72,0,-12,0,1 # totally_real r=6
-197,0,-420,0,342,0,380,0,-831,0,384,0,336,0,-624,0,474,0,-220,0,66,0,-12,0,1 # totally_real r=6
-19,0,192,0,-384,0,-544,0,408,0,1584,0,1952,0,1464,0,759,0,280,0,72,0,12,0,1 # totally_real r=6
-49,0,-176,0,72,0,336,0,-484,0,48,0,504,0,-672,0,480,0,-220,0,66,0,-12,0,1 # totally_real r=6
-91,0,0,0,136,0,0,0,8,0,0,0,-52,0,0,0,-3,0,0,0,6,0,0,0,1 # totally_real r=6
-1,0,48,0,8,0,-1744,0,-868,0,1584,0,1000,0,-384,0,-372,0,-20,0,42,0,12,0,1 # totally_real r=10
-111,0,0,0,288,0,288,0,-168,0,-480,0,-296,0,72,0,225,0,160,0,60,0,12,0,1 # totally_real r=6
-694,0,0,0,8604,0,-2868,0,-34753,0,23328,0,40824,0,-46008,0,19413,0,-4320,0,540,0,-36,0,1 # totally_real r=18
-4,0,0,0,2,0,0,0,11,0,0,0,-20,0,0,0,15,0,0,0,-6,0,0,0,1 # totally_real r=2
-3,0,36,0,-42,0,-188,0,-111,0,288,0,672,0,720,0,486,0,220,0,66,0,12,0,1 # totally_real r=6
-17,0,0,0,-92,0,0,0,-121,0,0,0,8,0,0,0,39,0,0,0,-12,0,0,0,1 # totally_real r=6
-2,0,0,0,-64,0,32,0,-4,0,0,0,4096,0,-6144,0,3840,0,-1280,0,240,0,-24,0,1 # totally_real r=6
1768488119984,0,-2123414204120,0,1158717590272,0,-379914896372,0,83345993687,0,-12887260848,0,1440050480,0,-117168744,0,6889719,0,-285560,0,7920,0,-132,0,1 # totally_real r=22
-1,0,0,0,0,0,0,0,8,0,0,0,0,0,0,0,-6,0,0,0,0,0,0,0,1 # totally_real r=6
-175,0,2424,0,-7136,0,-15036,0,47333,0,65952,0,-24544,0,-21456,0,15150,0,-3960,0,528,0,-36,0,1 # totally_real r=18
-2,0,0,0,-16,0,0,0,32,0,0,0,-32,0,0,0,18,0,0,0,-6,0,0,0,1 # totally_real r=2
-199,0,0,0,210,0,0,0,33,0,0,0,-64,0,0,0,-6,0,0,0,6,0,0,0,1 # totally_real r=6
-16,0,-552,0,-4264,0,3180,0,49559,0,-126864,0,132832,0,-73512,0,23799,0,-4680,0,552,0,-36,0,1 # totally_real r=18
-482,0,-752,0,-8,0,1072,0,956,0,-48,0,-616,0,-384,0,-12,0,100,0,54,0,12,0,1 # totally_real r=6
