# IGP24 batch: one polynomial per distinct (group fingerprint, signature) cluster.
14,0,0,0,0,0,10,0,0,0,0,0,-9,0,0,0,0,0,-2,0,0,0,0,0,1 # compose_2x12 r=4
725,0,0,2912,1456,0,4860,4860,1215,4320,6480,3240,2700,4320,3240,1656,1575,1440,784,372,258,160,60,12,1 # compose_6x4 r=0
10,0,0,0,0,0,0,0,0,0,0,0,-6,0,0,0,0,0,0,0,0,0,0,0,1 # compose_2x12 r=0
1311,0,0,0,0,0,-866,0,0,0,0,0,216,0,0,0,0,0,-24,0,0,0,0,0,1 # compose_4x6 r=0
121,0,0,0,0,0,0,0,74,0,0,0,0,0,0,0,15,0,0,0,0,0,0,0,1 # compose_3x8 r=0
703,0,0,0,0,0,-530,0,0,0,0,0,153,0,0,0,0,0,-20,0,0,0,0,0,1 # compose_4x6 r=0
1306,0,1732,0,864,0,-674,0,-848,0,-288,0,184,0,144,0,24,0,-24,0,-8,0,0,0,1 # compose_4x6 r=4
46006,0,0,0,-46332,0,0,0,19386,0,0,0,-4317,0,0,0,540,0,0,0,-36,0,0,0,1 # compose_6x4 r=4
19,0,-68,0,96,0,-98,0,112,0,-96,0,56,0,-48,0,24,0,-8,0,8,0,0,0,1 # compose_4x6 r=4
729,0,0,-1459,-1459,0,1215,2430,1215,-540,-1620,-1620,-405,540,810,522,45,-180,-179,-84,-3,20,15,6,1 # compose_6x4 r=4
121,0,0,0,0,0,-142,0,0,0,0,0,64,0,0,0,0,0,-13,0,0,0,0,0,1 # compose_4x6 r=0
43,0,0,0,0,-26,0,0,0,0,4,0,-13,0,0,0,0,4,0,0,0,0,0,0,1 # compose_2x12 r=0
42,-12,1,0,0,0,0,0,0,0,0,0,12,-2,0,0,0,0,0,0,0,0,0,0,1 # compose_2x12 r=0
20,0,0,0,0,0,0,0,-14,0,0,0,-7,0,0,0,4,0,0,0,4,0,0,0,1 # compose_2x12 r=0
4163,0,0,0,6192,0,0,0,3852,0,0,0,1281,0,0,0,240,0,0,0,24,0,0,0,1 # compose_6x4 r=0
262,0,0,0,0,0,-257,0,0,0,0,0,96,0,0,0,0,0,-16,0,0,0,0,0,1 # compose_4x6 r=0
15617,18748,9375,2500,19123,18780,7501,1500,9525,7506,2250,300,2515,1500,300,20,375,150,15,0,30,6,0,0,1 # compose_6x4 r=0
15622,0,0,18750,18750,0,9375,18750,9375,2500,7500,7500,2875,1500,2250,1530,525,300,301,156,45,20,15,6,1 # compose_6x4 r=0
258,0,0,-256,0,0,352,0,0,-208,0,0,145,0,0,-52,0,0,22,0,0,-4,0,0,1 # compose_4x6 r=0
46442,0,0,0,-46548,0,0,0,19422,0,0,0,-4319,0,0,0,540,0,0,0,-36,0,0,0,1 # compose_6x4 r=0
46441,0,0,0,46548,0,0,0,19422,0,0,0,4319,0,0,0,540,0,0,0,36,0,0,0,1 # compose_6x4 r=0
26,-10,1,0,0,0,0,0,0,0,0,0,10,-2,0,0,0,0,0,0,0,0,0,0,1 # compose_2x12 r=0
46652,0,0,0,46655,0,0,0,19440,0,0,0,4320,0,0,0,540,0,0,0,36,0,0,0,1 # compose_6x4 r=0
46443,0,0,0,-46548,0,0,0,19422,0,0,0,-4319,0,0,0,540,0,0,0,-36,0,0,0,1 # compose_6x4 r=0
15633,0,-37502,0,56251,0,-57500,0,45375,0,-27960,0,13964,0,-5592,0,1815,0,-460,0,90,0,-12,0,1 # compose_6x4 r=0
614,0,0,0,996,0,498,0,600,0,600,0,310,0,240,0,136,0,52,0,24,0,8,0,1 # compose_4x6 r=0
15253,0,37050,0,55845,0,57296,0,45294,0,27942,0,13961,0,5592,0,1815,0,460,0,90,0,12,0,1 # compose_6x4 r=0
34,0,0,0,0,-58,0,0,29,0,36,0,0,-36,0,-8,9,0,12,0,0,-6,0,0,1 # compose_3x8 r=0
5,0,-14,0,4,0,0,0,0,0,0,0,7,0,-4,0,0,0,0,0,0,0,0,0,1 # compose_2x12 r=4
1401,0,0,0,0,-900,900,0,0,0,219,-438,219,0,0,-24,72,-72,24,0,1,-4,6,-4,1 # compose_4x6 r=0
119,0,0,0,0,0,0,0,74,0,0,0,0,0,0,0,15,0,0,0,0,0,0,0,1 # compose_3x8 r=0
26,0,0,16,0,0,4,0,0,0,0,0,8,0,0,4,0,0,0,0,0,0,0,0,1 # compose_2x12 r=0
50,0,0,0,0,0,0,0,0,0,-14,0,-14,0,0,0,0,0,0,0,1,0,2,0,1 # compose_2x12 r=0
15752,0,-18825,0,28215,0,-21281,0,17268,0,-9033,0,4902,0,-1806,0,690,0,-170,0,45,0,-6,0,1 # compose_6x4 r=0
46873,93528,77832,34568,55404,78984,51916,17280,22338,26118,12960,2880,4561,4320,1440,160,540,360,60,0,36,12,0,0,1 # compose_6x4 r=0
127,0,0,152,0,0,60,0,76,8,0,60,0,0,12,0,15,0,0,6,0,0,0,0,1 # compose_3x8 r=0
258,0,0,0,0,512,256,0,0,0,384,384,96,0,0,128,192,96,16,0,16,32,24,8,1 # compose_4x6 r=0
7,0,-6,0,3,0,-1,0,6,0,-6,0,3,0,0,0,3,0,-3,0,0,0,0,0,1 # compose_3x8 r=0
15249,0,37050,0,18795,0,-17344,0,-14634,0,3942,0,4167,0,-792,0,-585,0,140,0,30,0,-12,0,1 # compose_6x4 r=4
1,0,0,0,0,0,0,0,0,0,-10,0,5,0,0,0,0,0,0,0,4,0,-4,0,1 # compose_2x12 r=4
4099,0,-6145,0,-2305,0,6400,0,240,0,-2904,0,41,0,726,0,15,0,-100,0,-9,0,6,0,1 # compose_6x4 r=4
637,0,503,0,150,0,523,0,301,0,60,0,154,0,60,0,6,0,20,0,4,0,0,0,1 # compose_4x6 r=0
16,0,-10,0,4,0,0,0,0,0,0,0,5,0,-4,0,0,0,0,0,0,0,0,0,1 # compose_2x12 r=0
732,0,0,0,-1458,0,0,0,1215,0,0,0,-540,0,0,0,135,0,0,0,-18,0,0,0,1 # compose_6x4 r=0
1,0,0,16,-8,0,60,-60,15,160,-240,120,220,-480,360,72,-465,480,-176,-132,234,-160,60,-12,1 # compose_6x4 r=4
53,0,0,0,0,0,0,0,45,0,0,0,0,0,0,0,12,0,0,0,0,0,0,0,1 # compose_3x8 r=0
14,0,0,0,10,0,0,0,4,0,0,0,5,0,0,0,4,0,0,0,0,0,0,0,1 # compose_2x12 r=0
69,-49,12,-1,0,0,0,0,49,-24,3,0,0,0,0,0,12,-3,0,0,0,0,0,0,1 # compose_3x8 r=0
29,0,-20,0,4,0,0,0,0,0,0,0,10,0,-4,0,0,0,0,0,0,0,0,0,1 # compose_2x12 r=0
269,-518,384,-128,16,0,-259,384,-192,32,0,0,96,-96,24,0,0,0,-16,8,0,0,0,0,1 # compose_4x6 r=4
2,0,0,0,0,0,2,0,1,0,0,0,12,0,12,0,3,0,8,0,12,0,6,0,1 # compose_3x8 r=0
547,0,0,1139,-1139,0,991,-1982,991,461,-1383,1383,-340,-484,726,-467,36,170,-169,79,-2,-20,15,-6,1 # compose_6x4 r=0
259,0,0,0,0,0,-256,0,0,0,0,0,96,0,0,0,0,0,-16,0,0,0,0,0,1 # compose_4x6 r=0
5,0,0,0,0,-7,0,0,0,0,1,0,7,0,0,0,0,-2,0,0,0,0,0,0,1 # compose_2x12 r=0
97,0,0,0,0,-120,-120,0,0,0,56,112,56,0,0,-12,-36,-36,-12,0,1,4,6,4,1 # compose_4x6 r=4
1259,0,0,0,0,-852,-852,0,0,0,215,430,215,0,0,-24,-72,-72,-24,0,1,4,6,4,1 # compose_4x6 r=4
26,0,0,0,0,0,0,0,0,0,0,0,8,0,0,0,0,0,0,0,0,0,0,0,1 # compose_2x12 r=0
13,0,0,0,0,0,29,0,0,0,0,0,24,0,0,0,0,0,8,0,0,0,0,0,1 # compose_4x6 r=0
21,0,0,0,0,0,0,0,0,0,0,0,7,0,0,0,0,0,0,0,0,0,0,0,1 # compose_2x12 r=0
31,0,0,0,0,0,0,0,0,0,0,0,10,0,0,0,0,0,0,0,0,0,0,0,1 # compose_2x12 r=0
46649,0,0,0,46655,0,0,0,19440,0,0,0,4320,0,0,0,540,0,0,0,36,0,0,0,1 # compose_6x4 r=0
29,-12,1,0,0,0,0,0,0,0,0,0,-12,2,0,0,0,0,0,0,0,0,0,0,1 # compose_2x12 r=4
24,0,0,0,0,0,24,0,0,0,0,0,-8,0,0,0,0,0,-4,0,0,0,0,0,1 # compose_2x12 r=4
64,0,0,382,191,0,960,960,240,1280,1920,960,1120,1920,1440,864,1020,960,544,312,252,160,60,12,1 # compose_6x4 r=0
5,4,4,0,0,0,0,0,0,0,0,0,2,4,0,0,0,0,0,0,0,0,0,0,1 # compose_2x12 r=0
133,0,0,77,0,0,15,0,77,1,0,30,0,0,3,0,15,0,0,3,0,0,0,0,1 # compose_3x8 r=0
27,0,88,0,108,0,108,0,124,0,96,0,59,0,48,0,24,0,8,0,8,0,0,0,1 # compose_4x6 r=0
647,-1020,604,-160,16,0,510,-604,240,-32,0,0,151,-120,24,0,0,0,20,-8,0,0,0,0,1 # compose_4x6 r=0
13,0,0,0,0,0,0,7,0,0,0,0,-7,0,1,0,0,0,0,-2,0,0,0,0,1 # compose_2x12 r=0
626,0,0,0,0,-500,-500,0,0,0,150,300,150,0,0,-20,-60,-60,-20,0,1,4,6,4,1 # compose_4x6 r=0
4103,0,-6146,0,9986,0,-8960,0,7920,0,-4824,0,2841,0,-1206,0,495,0,-140,0,39,0,-6,0,1 # compose_6x4 r=0
4099,-12288,15360,-10240,9984,-16128,15424,-7680,5760,-7872,5760,-1920,1520,-1920,960,-160,240,-240,60,0,24,-12,0,0,1 # compose_6x4 r=0
213,0,0,0,0,0,0,0,107,0,0,0,0,0,0,0,18,0,0,0,0,0,0,0,1 # compose_3x8 r=0
34,0,0,0,0,0,0,29,29,0,0,0,0,0,9,18,9,0,0,0,0,1,3,3,1 # compose_3x8 r=0
15618,18748,9375,2500,-18373,-18720,-7499,-1500,9225,7494,2250,300,-2485,-1500,-300,-20,375,150,15,0,-30,-6,0,0,1 # compose_6x4 r=0
3907,0,0,0,-6000,0,0,0,3804,0,0,0,-1277,0,0,0,240,0,0,0,-24,0,0,0,1 # compose_6x4 r=0
46005,0,92664,0,123876,0,112080,0,79830,0,44334,0,20221,0,7392,0,2220,0,520,0,96,0,12,0,1 # compose_6x4 r=0
46654,0,46656,0,66096,0,43200,0,32940,0,15156,0,7741,0,2526,0,915,0,200,0,51,0,6,0,1 # compose_6x4 r=0
725,-1456,1215,-540,-1321,2412,-1619,540,1125,-1614,810,-180,-525,540,-180,20,135,-90,15,0,-18,6,0,0,1 # compose_6x4 r=0
46869,0,0,0,-46764,0,0,0,19458,0,0,0,-4321,0,0,0,540,0,0,0,-36,0,0,0,1 # compose_6x4 r=4
254,0,256,0,96,0,272,0,193,0,48,0,100,0,48,0,6,0,16,0,4,0,0,0,1 # compose_4x6 r=0
33,0,0,0,0,0,0,0,0,0,0,0,12,0,0,0,0,0,0,0,0,0,0,0,1 # compose_2x12 r=0
23,0,0,0,0,0,0,0,0,0,0,0,-7,0,0,0,0,0,0,0,0,0,0,0,1 # compose_2x12 r=0
4109,0,0,0,6147,0,0,0,3840,0,0,0,1280,0,0,0,240,0,0,0,24,0,0,0,1 # compose_6x4 r=0
1186,0,0,0,0,0,-828,0,0,0,0,0,213,0,0,0,0,0,-24,0,0,0,0,0,1 # compose_4x6 r=4
271,0,0,0,0,0,264,0,0,0,0,0,97,0,0,0,0,0,16,0,0,0,0,0,1 # compose_4x6 r=0
71,0,0,0,0,0,0,0,49,0,0,0,0,0,0,0,12,0,0,0,0,0,0,0,1 # compose_3x8 r=0
15631,0,0,-37502,-18751,0,37500,37500,9375,-20000,-30000,-15000,3500,12000,9000,2040,-2025,-2400,-1136,-108,210,160,60,12,1 # compose_6x4 r=0
613,0,0,497,0,0,647,0,0,320,0,0,211,0,0,64,0,0,26,0,0,4,0,0,1 # compose_4x6 r=0
4286,6288,3876,1283,6528,7776,3850,960,3996,3855,1440,240,1298,960,240,20,240,120,15,0,24,6,0,0,1 # compose_6x4 r=0
20,0,0,0,0,0,0,0,0,0,0,-20,10,0,0,0,0,0,0,0,0,0,4,-4,1 # compose_2x12 r=4
46641,46653,19440,4320,47193,38916,12961,2160,19620,12966,3240,360,4335,2160,360,20,540,180,15,0,36,6,0,0,1 # compose_6x4 r=0
4081,0,0,0,-6141,0,0,0,3840,0,0,0,-1280,0,0,0,240,0,0,0,-24,0,0,0,1 # compose_6x4 r=4
42,0,0,0,0,0,0,0,0,0,0,0,14,0,0,0,0,0,0,0,0,0,0,0,1 # compose_2x12 r=0
211,0,0,0,0,0,232,0,0,0,0,0,93,0,0,0,0,0,16,0,0,0,0,0,1 # compose_4x6 r=0
15247,0,0,0,18525,0,0,0,9330,0,0,0,2497,0,0,0,375,0,0,0,30,0,0,0,1 # compose_6x4 r=0
18,0,0,0,20,0,0,0,4,0,0,0,-10,0,0,0,-4,0,0,0,0,0,0,0,1 # compose_2x12 r=4
45,0,0,0,0,0,0,0,0,-12,0,0,12,0,0,0,0,0,1,0,0,-2,0,0,1 # compose_2x12 r=0
1,0,0,0,-9,0,0,0,15,0,0,0,-20,0,0,0,15,0,0,0,-6,0,0,0,1 # compose_6x4 r=4
102,0,0,0,0,120,-120,0,0,0,56,-112,56,0,0,12,-36,36,-12,0,1,-4,6,-4,1 # compose_4x6 r=0
4085,0,0,0,-6141,0,0,0,3840,0,0,0,-1280,0,0,0,240,0,0,0,-24,0,0,0,1 # compose_6x4 r=4
15617,0,0,18749,18749,0,9375,18750,9375,2500,7500,7500,2875,1500,2250,1530,525,300,301,156,45,20,15,6,1 # compose_6x4 r=0
15,0,14,0,4,0,0,0,0,0,0,0,-7,0,-4,0,0,0,0,0,0,0,0,0,1 # compose_2x12 r=0
34,0,0,0,0,0,0,0,0,0,0,0,10,0,0,0,0,0,0,0,0,0,0,0,1 # compose_2x12 r=0
52,0,0,0,0,0,0,0,0,0,0,0,-13,0,0,0,0,0,0,0,0,0,0,0,1 # compose_2x12 r=0
5,0,0,0,0,0,0,0,14,0,0,0,-7,0,0,0,4,0,0,0,-4,0,0,0,1 # compose_2x12 r=4
28,0,0,0,0,0,9,0,0,0,0,0,10,0,0,0,0,0,2,0,0,0,0,0,1 # compose_2x12 r=0
4285,0,0,0,-6288,0,0,0,3876,0,0,0,-1283,0,0,0,240,0,0,0,-24,0,0,0,1 # compose_6x4 r=4
77,0,0,0,0,0,0,51,51,0,0,0,0,0,12,24,12,0,0,0,0,1,3,3,1 # compose_3x8 r=0
726,0,-2912,0,6316,0,-9180,0,9855,0,-8136,0,5284,0,-2712,0,1095,0,-340,0,78,0,-12,0,1 # compose_6x4 r=0
53,0,0,0,0,0,0,0,0,0,0,0,-15,0,0,0,0,0,0,0,0,0,0,0,1 # compose_2x12 r=4
50,336,912,1264,1128,1296,1960,1920,1188,1140,1440,960,398,480,480,160,60,120,60,0,12,12,0,0,1 # compose_6x4 r=0
11,0,0,-10,0,0,4,0,0,0,0,0,5,0,0,-4,0,0,0,0,0,0,0,0,1 # compose_2x12 r=0
59,0,0,0,0,0,0,0,0,28,0,0,14,0,0,0,0,0,4,0,0,4,0,0,1 # compose_2x12 r=0
628,0,0,0,0,0,-500,0,0,0,0,0,150,0,0,0,0,0,-20,0,0,0,0,0,1 # compose_4x6 r=0
26,0,0,0,0,-88,44,0,0,0,108,-108,27,0,0,-64,96,-48,8,0,16,-32,24,-8,1 # compose_4x6 r=4
45,0,0,0,0,0,0,12,0,0,0,0,12,0,1,0,0,0,0,2,0,0,0,0,1 # compose_2x12 r=0
1,0,0,0,0,20,10,0,0,0,36,36,9,0,0,32,48,24,4,0,16,32,24,8,1 # compose_4x6 r=4
30,0,0,-10,0,0,1,0,0,0,0,0,-10,0,0,2,0,0,0,0,0,0,0,0,1 # compose_2x12 r=0
38,0,24,0,4,0,0,0,0,0,0,0,12,0,4,0,0,0,0,0,0,0,0,0,1 # compose_2x12 r=0
17,20,4,0,0,0,0,0,0,0,0,0,10,4,0,0,0,0,0,0,0,0,0,0,1 # compose_2x12 r=0
29,0,0,0,0,0,0,0,0,0,0,0,13,0,0,0,0,0,0,0,0,0,0,0,1 # compose_2x12 r=0
133,0,0,0,0,0,0,-77,77,0,0,0,0,0,15,-30,15,0,0,0,0,-1,3,-3,1 # compose_3x8 r=0
35,0,0,0,0,-30,0,0,30,0,9,0,0,-18,0,-1,9,0,3,0,0,-3,0,0,1 # compose_3x8 r=0
9,0,0,14,0,0,4,0,0,0,0,0,7,0,0,4,0,0,0,0,0,0,0,0,1 # compose_2x12 r=0
19,-11,1,0,0,0,0,0,0,0,0,0,-11,2,0,0,0,0,0,0,0,0,0,0,1 # compose_2x12 r=4
46011,0,0,92664,-46332,0,77544,-77544,19386,34536,-51804,25902,4323,-17280,12960,-3168,-2340,2880,-1376,168,204,-160,60,-12,1 # compose_6x4 r=0
29,0,0,0,0,0,0,0,-24,0,0,0,12,0,0,0,4,0,0,0,-4,0,0,0,1 # compose_2x12 r=0
785,0,0,3024,-1512,0,4932,-4932,1233,4336,-6504,3252,1618,-4320,3240,-504,-1305,1440,-656,-12,222,-160,60,-12,1 # compose_6x4 r=0
15877,-37800,37620,-20016,24900,-38580,30088,-12000,11805,-15204,9000,-2400,2742,-3000,1200,-160,375,-300,60,0,30,-12,0,0,1 # compose_6x4 r=0
5,0,0,0,0,0,0,0,0,0,-14,0,-7,0,0,0,0,0,0,0,4,0,4,0,1 # compose_2x12 r=4
697,0,0,0,-1060,0,-530,0,612,0,612,0,-7,0,-240,0,-104,0,12,0,24,0,8,0,1 # compose_4x6 r=4
10,0,0,0,10,0,0,0,4,0,0,0,-5,0,0,0,-4,0,0,0,0,0,0,0,1 # compose_2x12 r=0
1291,863,216,24,1,0,-863,-432,-72,-4,0,0,216,72,6,0,0,0,-24,-4,0,0,0,0,1 # compose_4x6 r=0
2,0,-6,0,24,0,-29,0,-8,0,48,0,-26,0,-24,0,24,0,4,0,-8,0,0,0,1 # compose_4x6 r=0
40,0,0,22,0,0,4,0,0,0,0,0,11,0,0,4,0,0,0,0,0,0,0,0,1 # compose_2x12 r=0
64,0,382,0,769,0,320,0,-720,0,-576,0,384,0,288,0,-180,0,-40,0,48,0,-12,0,1 # compose_6x4 r=0
1111,0,1534,0,796,0,951,0,812,0,276,0,231,0,138,0,24,0,23,0,8,0,0,0,1 # compose_4x6 r=0
11,0,0,0,0,28,0,0,14,0,24,0,0,24,0,8,6,0,12,0,0,6,0,0,1 # compose_3x8 r=0
807,0,-3078,0,3429,0,624,0,-3114,0,486,0,1321,0,-168,0,-345,0,-20,0,42,0,12,0,1 # compose_6x4 r=4
1279,0,0,0,0,0,861,0,0,0,0,0,216,0,0,0,0,0,24,0,0,0,0,0,1 # compose_4x6 r=0
67,0,0,-388,-194,0,960,960,240,-1280,-1920,-960,800,1920,1440,96,-900,-960,-416,72,228,160,60,12,1 # compose_6x4 r=4
85,0,0,228,228,0,258,516,258,163,489,489,223,240,360,252,120,120,121,66,27,20,15,6,1 # compose_6x4 r=0
3903,0,0,0,-6000,0,0,0,3804,0,0,0,-1277,0,0,0,240,0,0,0,-24,0,0,0,1 # compose_6x4 r=4
4090,0,0,0,6142,0,0,0,3840,0,0,0,1280,0,0,0,240,0,0,0,24,0,0,0,1 # compose_6x4 r=0
15253,0,0,18525,18525,0,9330,18660,9330,2497,7491,7491,2872,1500,2250,1530,525,300,301,156,45,20,15,6,1 # compose_6x4 r=0
15997,0,0,0,18975,0,0,0,9420,0,0,0,2503,0,0,0,375,0,0,0,30,0,0,0,1 # compose_6x4 r=0
701,0,0,0,0,-1060,530,0,0,0,612,-612,153,0,0,-160,240,-120,20,0,16,-32,24,-8,1 # compose_4x6 r=0
243,0,0,0,248,0,-248,0,95,0,-190,0,111,0,-48,0,49,0,-20,0,6,0,-4,0,1 # compose_4x6 r=0
46,0,0,12,0,0,1,0,0,0,0,0,-12,0,0,-2,0,0,0,0,0,0,0,0,1 # compose_2x12 r=0
47307,0,0,-93960,46980,0,77976,-77976,19494,-34584,51876,-25938,12963,-17280,12960,-5472,3420,-2880,1504,-552,276,-160,60,-12,1 # compose_6x4 r=0
5,0,0,6,0,0,4,0,0,0,0,0,3,0,0,4,0,0,0,0,0,0,0,0,1 # compose_2x12 r=0
41,0,0,0,0,0,0,0,0,0,0,0,-13,0,0,0,0,0,0,0,0,0,0,0,1 # compose_2x12 r=4
305,0,-560,0,396,0,-408,0,412,0,-192,0,131,0,-96,0,24,0,-16,0,8,0,0,0,1 # compose_4x6 r=0
1299,0,-1728,0,864,0,672,0,-848,0,288,0,184,0,-144,0,24,0,24,0,-8,0,0,0,1 # compose_4x6 r=0
2,0,0,8,4,0,60,60,15,160,240,120,260,480,360,312,495,480,304,252,246,160,60,12,1 # compose_6x4 r=0
46443,0,93096,0,31140,0,-43136,0,-23766,0,9786,0,5825,0,-1632,0,-660,0,200,0,24,0,-12,0,1 # compose_6x4 r=0
15622,37498,37500,20000,-12749,-36540,-29936,-12000,6975,14808,9000,2400,-2260,-3000,-1200,-160,375,300,60,0,-30,-12,0,0,1 # compose_6x4 r=0
237,0,0,0,-111,0,0,0,129,0,0,0,-37,0,0,0,21,0,0,0,-3,0,0,0,1 # compose_3x8 r=0
14,0,0,0,0,0,0,0,0,0,12,0,-6,0,0,0,0,0,0,0,4,0,-4,0,1 # compose_2x12 r=0
2,0,0,0,16,0,32,0,0,0,-48,0,-28,0,24,0,24,0,-4,0,-8,0,0,0,1 # compose_4x6 r=0
61,0,0,0,0,0,0,0,47,0,0,0,0,0,0,0,12,0,0,0,0,0,0,0,1 # compose_3x8 r=0
11,0,0,0,0,0,0,10,0,0,0,0,5,0,4,0,0,0,0,4,0,0,0,0,1 # compose_2x12 r=0
9,0,26,0,24,0,8,0,13,0,24,0,12,0,0,0,6,0,6,0,0,0,0,0,1 # compose_3x8 r=0
17,0,0,0,0,0,-31,0,0,0,0,0,24,0,0,0,0,0,-8,0,0,0,0,0,1 # compose_4x6 r=0
211,0,0,0,0,0,-232,0,0,0,0,0,93,0,0,0,0,0,-16,0,0,0,0,0,1 # compose_4x6 r=0
11,24,22,8,1,0,-24,-44,-24,-4,0,0,22,24,6,0,0,0,-8,-4,0,0,0,0,1 # compose_4x6 r=0
1297,0,0,0,864,0,864,0,216,0,432,0,240,0,72,0,73,0,28,0,6,0,4,0,1 # compose_4x6 r=0
622,0,0,0,0,0,-500,0,0,0,0,0,150,0,0,0,0,0,-20,0,0,0,0,0,1 # compose_4x6 r=4
26,0,0,0,0,0,0,10,0,0,0,0,-10,0,1,0,0,0,0,-2,0,0,0,0,1 # compose_2x12 r=0
5,0,0,0,0,0,0,0,2,0,0,0,-1,0,0,0,4,0,0,0,-4,0,0,0,1 # compose_2x12 r=0
5,0,0,0,-8,0,8,0,8,0,-16,0,4,0,12,0,-11,0,0,0,6,0,-4,0,1 # compose_4x6 r=0
20,0,0,0,0,0,-33,0,0,0,0,0,24,0,0,0,0,0,-8,0,0,0,0,0,1 # compose_4x6 r=0
11,0,0,0,0,0,0,-12,0,0,0,0,-6,0,4,0,0,0,0,4,0,0,0,0,1 # compose_2x12 r=0
4091,0,0,-6142,-6142,0,3840,7680,3840,-1280,-3840,-3840,-1040,960,1440,936,120,-240,-239,-114,-9,20,15,6,1 # compose_6x4 r=0
4227,0,-6240,0,-2376,0,6446,0,258,0,-2910,0,39,0,726,0,15,0,-100,0,-9,0,6,0,1 # compose_6x4 r=0
122,0,0,0,0,0,0,0,74,0,0,0,0,0,0,0,15,0,0,0,0,0,0,0,1 # compose_3x8 r=0
13,0,0,0,0,0,0,0,0,0,0,0,5,0,0,0,0,0,0,0,0,0,0,0,1 # compose_2x12 r=0
14,0,0,0,0,0,0,0,0,0,0,0,-10,0,0,0,0,0,0,0,0,0,0,0,1 # compose_2x12 r=4
3907,0,0,0,6000,0,0,0,3804,0,0,0,1277,0,0,0,240,0,0,0,24,0,0,0,1 # compose_6x4 r=0
623,0,0,-500,0,0,-350,0,0,280,0,0,91,0,0,-56,0,0,-14,0,0,4,0,0,1 # compose_4x6 r=4
14,0,0,0,-8,0,0,0,4,0,0,0,-4,0,0,0,4,0,0,0,0,0,0,0,1 # compose_2x12 r=0
609,994,600,160,16,0,-497,-600,-240,-32,0,0,150,120,24,0,0,0,-20,-8,0,0,0,0,1 # compose_4x6 r=4
241,0,0,0,-496,0,-248,0,380,0,380,0,-33,0,-192,0,-80,0,16,0,24,0,8,0,1 # compose_4x6 r=0
46637,0,0,93306,-46653,0,77760,-77760,19440,34560,-51840,25920,4320,-17280,12960,-3168,-2340,2880,-1376,168,204,-160,60,-12,1 # compose_6x4 r=4
47090,0,-93744,0,124776,0,-112480,0,79980,0,-44364,0,20226,0,-7392,0,2220,0,-520,0,96,0,-12,0,1 # compose_6x4 r=0
26,0,0,0,0,0,0,0,0,0,0,0,-10,0,0,0,0,0,0,0,0,0,0,0,1 # compose_2x12 r=0
35,0,0,0,0,0,0,0,0,0,26,0,13,0,0,0,0,0,0,0,4,0,4,0,1 # compose_2x12 r=0
15,0,0,0,0,0,0,0,0,0,-20,0,-10,0,0,0,0,0,0,0,4,0,4,0,1 # compose_2x12 r=4
17,0,0,0,7,0,0,0,1,0,0,0,-7,0,0,0,-2,0,0,0,0,0,0,0,1 # compose_2x12 r=0
-1,0,0,0,0,-8,-4,0,0,0,24,24,6,0,0,-32,-48,-24,-4,0,16,32,24,8,1 # compose_4x6 r=4
11,0,0,0,0,0,0,0,0,0,0,0,-6,0,0,0,0,0,0,0,0,0,0,0,1 # compose_2x12 r=0
633,0,0,0,0,0,-501,0,0,0,0,0,150,0,0,0,0,0,-20,0,0,0,0,0,1 # compose_4x6 r=0
257,0,0,0,-256,0,256,0,96,0,-192,0,80,0,48,0,-47,0,12,0,6,0,-4,0,1 # compose_4x6 r=0
17,0,0,0,0,36,36,0,0,0,25,50,25,0,0,8,24,24,8,0,1,4,6,4,1 # compose_4x6 r=0
6,0,20,0,24,0,8,0,10,0,24,0,12,0,0,0,6,0,6,0,0,0,0,0,1 # compose_3x8 r=0
33,0,0,0,0,0,0,0,0,0,26,0,-13,0,0,0,0,0,0,0,4,0,-4,0,1 # compose_2x12 r=4
52,0,0,0,0,0,0,0,0,-15,0,0,-15,0,0,0,0,0,1,0,0,2,0,0,1 # compose_2x12 r=4
1407,0,0,0,0,0,-900,0,0,0,0,0,219,0,0,0,0,0,-24,0,0,0,0,0,1 # compose_4x6 r=0
6,0,0,0,-12,0,0,0,21,0,0,0,-22,0,0,0,15,0,0,0,-6,0,0,0,1 # compose_6x4 r=0
286,0,0,0,0,0,-272,0,0,0,0,0,98,0,0,0,0,0,-16,0,0,0,0,0,1 # compose_4x6 r=4
27,0,-10,0,1,0,0,0,0,0,0,0,10,0,-2,0,0,0,0,0,0,0,0,0,1 # compose_2x12 r=0
1,5,15,20,10,-24,-59,-60,-15,54,90,60,-5,-60,-60,-20,15,30,15,0,-6,-6,0,0,1 # compose_6x4 r=0
4083,0,0,0,6141,0,0,0,3840,0,0,0,1280,0,0,0,240,0,0,0,24,0,0,0,1 # compose_6x4 r=0
653,0,0,0,0,0,510,0,0,0,0,0,151,0,0,0,0,0,20,0,0,0,0,0,1 # compose_4x6 r=0
3277,10158,13140,9080,-1543,-12404,-13556,-7072,1445,6618,5304,1840,-895,-1768,-920,-160,221,230,60,0,-23,-12,0,0,1 # compose_6x4 r=0
275,0,0,0,0,0,-264,0,0,0,0,0,97,0,0,0,0,0,-16,0,0,0,0,0,1 # compose_4x6 r=0
46663,0,46657,0,66097,0,43200,0,32940,0,15156,0,7741,0,2526,0,915,0,200,0,51,0,6,0,1 # compose_6x4 r=0
7,0,0,0,0,0,0,0,0,-6,0,0,3,0,0,0,0,0,4,0,0,-4,0,0,1 # compose_2x12 r=0
19,0,-18,0,4,0,0,0,0,0,0,0,-9,0,4,0,0,0,0,0,0,0,0,0,1 # compose_2x12 r=4
3,0,30,0,111,0,280,0,540,0,810,0,927,0,792,0,495,0,220,0,66,0,12,0,1 # compose_6x4 r=0
4285,-12576,15504,-10264,10128,-16272,15460,-7680,5796,-7890,5760,-1920,1523,-1920,960,-160,240,-240,60,0,24,-12,0,0,1 # compose_6x4 r=0
622,0,0,0,0,0,499,0,0,0,0,0,150,0,0,0,0,0,20,0,0,0,0,0,1 # compose_4x6 r=0
2,-2,4,0,0,0,0,0,0,0,0,0,1,-4,0,0,0,0,0,0,0,0,0,0,1 # compose_2x12 r=0
34,0,0,0,0,0,0,0,0,0,0,0,11,0,0,0,0,0,0,0,0,0,0,0,1 # compose_2x12 r=0
73,0,0,0,0,204,102,0,0,0,212,212,53,0,0,96,144,72,12,0,16,32,24,8,1 # compose_4x6 r=0
263,0,0,0,0,0,-258,0,0,0,0,0,96,0,0,0,0,0,-16,0,0,0,0,0,1 # compose_4x6 r=4
32,0,0,-26,0,0,4,0,0,0,0,0,13,0,0,-4,0,0,0,0,0,0,0,0,1 # compose_2x12 r=0
257,0,0,0,0,0,256,0,0,0,0,0,96,0,0,0,0,0,16,0,0,0,0,0,1 # compose_4x6 r=0
91,0,0,-228,-228,0,258,516,258,-163,-489,-489,-103,240,360,228,0,-120,-119,-54,3,20,15,6,1 # compose_6x4 r=0
732,0,0,0,1458,0,0,0,1215,0,0,0,540,0,0,0,135,0,0,0,18,0,0,0,1 # compose_6x4 r=0
4286,-12576,15504,-10264,-2448,14736,-15332,7680,1956,-7506,5760,-1920,-1043,1920,-960,160,240,-240,60,0,-24,12,0,0,1 # compose_6x4 r=4
58,0,0,0,0,0,0,0,0,0,0,0,14,0,0,0,0,0,0,0,0,0,0,0,1 # compose_2x12 r=0
15633,0,0,0,-18751,0,0,0,9375,0,0,0,-2500,0,0,0,375,0,0,0,-30,0,0,0,1 # compose_6x4 r=0
113,0,0,0,0,0,0,0,72,0,0,0,0,0,0,0,15,0,0,0,0,0,0,0,1 # compose_3x8 r=0
4098,0,0,0,6144,0,0,0,3840,0,0,0,1280,0,0,0,240,0,0,0,24,0,0,0,1 # compose_6x4 r=0
42,0,0,0,0,0,0,0,0,0,0,0,12,0,0,0,0,0,0,0,0,0,0,0,1 # compose_2x12 r=0
134,0,0,0,0,0,77,0,77,0,0,0,15,0,30,0,15,0,1,0,3,0,3,0,1 # compose_3x8 r=0
2,0,0,0,0,4,4,0,0,0,6,12,6,0,0,4,12,12,4,0,1,4,6,4,1 # compose_4x6 r=0
31,0,-49,0,31,0,-58,0,63,0,-27,0,35,0,-27,0,6,0,-9,0,4,0,0,0,1 # compose_4x6 r=0
27,0,0,0,0,0,0,0,0,20,0,0,-10,0,0,0,0,0,4,0,0,-4,0,0,1 # compose_2x12 r=0
49,0,0,0,0,0,0,0,0,0,26,0,13,0,0,0,0,0,0,0,4,0,4,0,1 # compose_2x12 r=0
2,0,0,0,0,0,0,0,0,8,0,0,-4,0,0,0,0,0,4,0,0,-4,0,0,1 # compose_2x12 r=4
266,0,0,0,0,0,-258,0,0,0,0,0,96,0,0,0,0,0,-16,0,0,0,0,0,1 # compose_4x6 r=0
2,0,0,0,0,-10,0,0,10,0,6,0,0,-12,0,-1,6,0,3,0,0,-3,0,0,1 # compose_3x8 r=0
1298,0,0,0,0,864,864,0,0,0,216,432,216,0,0,24,72,72,24,0,1,4,6,4,1 # compose_4x6 r=0
617,-498,150,-20,1,0,-498,300,-60,4,0,0,150,-60,6,0,0,0,-20,4,0,0,0,0,1 # compose_4x6 r=0
623,0,0,0,0,0,-500,0,0,0,0,0,150,0,0,0,0,0,-20,0,0,0,0,0,1 # compose_4x6 r=4
65,0,0,0,0,0,0,0,0,0,0,0,-15,0,0,0,0,0,0,0,0,0,0,0,1 # compose_2x12 r=0
3,0,7,0,6,0,11,0,13,0,12,0,10,0,12,0,6,0,4,0,4,0,0,0,1 # compose_4x6 r=0
207,0,0,0,0,232,232,0,0,0,93,186,93,0,0,16,48,48,16,0,1,4,6,4,1 # compose_4x6 r=0
15622,-18750,9375,-2500,-18375,18720,-7499,1500,9225,-7494,2250,-300,-2485,1500,-300,20,375,-150,15,0,-30,6,0,0,1 # compose_6x4 r=4
15637,0,0,37504,18752,0,37500,37500,9375,20000,30000,15000,8500,12000,9000,3960,2775,2400,1264,492,270,160,60,12,1 # compose_6x4 r=0
205,0,0,0,0,0,-232,0,0,0,0,0,93,0,0,0,0,0,-16,0,0,0,0,0,1 # compose_4x6 r=4
6,0,0,0,0,0,0,0,-8,0,0,0,-4,0,0,0,4,0,0,0,4,0,0,0,1 # compose_2x12 r=0
7,0,13,0,6,0,1,0,13,0,12,0,3,0,0,0,6,0,3,0,0,0,0,0,1 # compose_3x8 r=0
23,0,0,0,0,0,-10,0,0,0,0,0,-9,0,0,0,0,0,2,0,0,0,0,0,1 # compose_2x12 r=4
3,0,-12,0,4,0,0,0,0,0,0,0,6,0,-4,0,0,0,0,0,0,0,0,0,1 # compose_2x12 r=4
4291,-12576,15504,-10264,-2448,14736,-15332,7680,1956,-7506,5760,-1920,-1043,1920,-960,160,240,-240,60,0,-24,12,0,0,1 # compose_6x4 r=0
3,0,0,0,-10,0,0,0,4,0,0,0,5,0,0,0,-4,0,0,0,0,0,0,0,1 # compose_2x12 r=4
59,-94,48,-8,0,0,0,0,47,-48,12,0,0,0,0,0,12,-6,0,0,0,0,0,0,1 # compose_3x8 r=0
78,0,0,0,0,0,-106,0,0,0,0,0,54,0,0,0,0,0,-12,0,0,0,0,0,1 # compose_4x6 r=0
34,26,4,0,0,0,0,0,0,0,0,0,-13,-4,0,0,0,0,0,0,0,0,0,0,1 # compose_2x12 r=4
1,0,2,0,6,0,2,0,-11,0,-12,0,2,0,12,0,6,0,-4,0,-4,0,0,0,1 # compose_4x6 r=0
13,0,0,0,0,56,28,0,0,0,92,92,23,0,0,64,96,48,8,0,16,32,24,8,1 # compose_4x6 r=0
20,0,0,0,0,8,0,0,0,0,1,0,-8,0,0,0,0,-2,0,0,0,0,0,0,1 # compose_2x12 r=0
46659,0,0,-93312,46656,0,77760,-77760,19440,-34560,51840,-25920,12960,-17280,12960,-5472,3420,-2880,1504,-552,276,-160,60,-12,1 # compose_6x4 r=0
4,0,0,0,0,0,0,0,-2,0,0,0,1,0,0,0,4,0,0,0,-4,0,0,0,1 # compose_2x12 r=0
1,0,0,0,0,0,0,8,0,0,0,0,-4,0,4,0,0,0,0,-4,0,0,0,0,1 # compose_2x12 r=4
637,0,0,0,0,0,503,0,0,0,0,0,150,0,0,0,0,0,20,0,0,0,0,0,1 # compose_4x6 r=0
2,0,0,5,0,0,3,0,5,1,0,6,0,0,3,0,3,0,0,3,0,0,0,0,1 # compose_3x8 r=0
3,0,0,0,0,0,-9,0,9,0,0,0,6,0,-12,0,6,0,-1,0,3,0,-3,0,1 # compose_3x8 r=0
17,0,0,0,0,0,0,0,0,0,0,-22,-11,0,0,0,0,0,0,0,0,0,4,4,1 # compose_2x12 r=4
629,1002,600,160,16,0,-501,-600,-240,-32,0,0,150,120,24,0,0,0,-20,-8,0,0,0,0,1 # compose_4x6 r=4
51,0,-90,0,51,0,-102,0,103,0,-36,0,55,0,-36,0,6,0,-12,0,4,0,0,0,1 # compose_4x6 r=4
633,0,0,0,0,0,502,0,0,0,0,0,150,0,0,0,0,0,20,0,0,0,0,0,1 # compose_4x6 r=0
40,0,0,-24,0,0,4,0,0,0,0,0,-12,0,0,4,0,0,0,0,0,0,0,0,1 # compose_2x12 r=0
5,0,18,0,69,0,220,0,495,0,792,0,924,0,792,0,495,0,220,0,66,0,12,0,1 # compose_6x4 r=0
574,0,0,0,0,0,-480,0,0,0,0,0,148,0,0,0,0,0,-20,0,0,0,0,0,1 # compose_4x6 r=4
15627,0,0,0,-18750,0,0,0,9375,0,0,0,-2500,0,0,0,375,0,0,0,-30,0,0,0,1 # compose_6x4 r=0
59,0,0,378,189,0,960,960,240,1280,1920,960,1120,1920,1440,864,1020,960,544,312,252,160,60,12,1 # compose_6x4 r=4
15637,-37504,37500,-20000,-12752,36540,-29936,12000,6975,-14808,9000,-2400,-2260,3000,-1200,160,375,-300,60,0,-30,12,0,0,1 # compose_6x4 r=0
55,0,14,0,1,0,0,0,0,0,0,0,14,0,2,0,0,0,0,0,0,0,0,0,1 # compose_2x12 r=0
121,0,0,74,0,0,15,0,74,1,0,30,0,0,3,0,15,0,0,3,0,0,0,0,1 # compose_3x8 r=0
142,0,-156,0,60,0,-8,0,78,0,-60,0,12,0,0,0,15,0,-6,0,0,0,0,0,1 # compose_3x8 r=0
14,0,0,0,-6,0,0,0,1,0,0,0,-6,0,0,0,2,0,0,0,0,0,0,0,1 # compose_2x12 r=0
3905,0,0,-6000,-6000,0,3804,7608,3804,-1277,-3831,-3831,-1037,960,1440,936,120,-240,-239,-114,-9,20,15,6,1 # compose_6x4 r=4
607,0,0,0,497,0,-497,0,150,0,-300,0,170,0,-60,0,61,0,-24,0,6,0,-4,0,1 # compose_4x6 r=4
46652,0,-46655,0,-27215,0,34560,0,7020,0,-10836,0,-1259,0,1806,0,195,0,-160,0,-21,0,6,0,1 # compose_6x4 r=0
269,0,518,0,384,0,387,0,400,0,192,0,128,0,96,0,24,0,16,0,8,0,0,0,1 # compose_4x6 r=0
1,-4,16,-24,16,0,-2,16,-36,32,0,0,4,-18,24,0,0,0,-3,8,0,0,0,0,1 # compose_4x6 r=0
4091,0,0,0,-6143,0,0,0,3840,0,0,0,-1280,0,0,0,240,0,0,0,-24,0,0,0,1 # compose_6x4 r=4
31,0,22,0,4,0,0,0,0,0,0,0,-11,0,-4,0,0,0,0,0,0,0,0,0,1 # compose_2x12 r=0
7,0,0,0,-10,0,0,0,4,0,0,0,5,0,0,0,-4,0,0,0,0,0,0,0,1 # compose_2x12 r=0
17,0,0,0,18,0,0,0,4,0,0,0,-9,0,0,0,-4,0,0,0,0,0,0,0,1 # compose_2x12 r=4
53,0,0,0,0,0,0,0,0,0,0,30,-15,0,0,0,0,0,0,0,0,0,4,-4,1 # compose_2x12 r=4
341,0,626,0,436,0,-177,0,-420,0,-204,0,77,0,102,0,24,0,-17,0,-8,0,0,0,1 # compose_4x6 r=0
73,0,0,0,0,0,0,50,50,0,0,0,0,0,12,24,12,0,0,0,0,1,3,3,1 # compose_3x8 r=0
129,0,0,0,0,0,0,0,76,0,0,0,0,0,0,0,15,0,0,0,0,0,0,0,1 # compose_3x8 r=0
107,0,0,0,0,252,126,0,0,0,228,228,57,0,0,96,144,72,12,0,16,32,24,8,1 # compose_4x6 r=4
2,0,0,0,0,-3,-3,0,0,0,6,12,6,0,0,-4,-12,-12,-4,0,1,4,6,4,1 # compose_4x6 r=0
123,0,-148,0,60,0,-8,0,74,0,-60,0,12,0,0,0,15,0,-6,0,0,0,0,0,1 # compose_3x8 r=0
33,0,0,0,0,-28,0,0,28,0,9,0,0,-18,0,-1,9,0,3,0,0,-3,0,0,1 # compose_3x8 r=0
808,3078,4968,4344,3699,5544,6580,4320,2682,3450,3240,1440,783,1080,720,160,135,180,60,0,18,12,0,0,1 # compose_6x4 r=0
603,0,0,0,0,0,-490,0,0,0,0,0,149,0,0,0,0,0,-20,0,0,0,0,0,1 # compose_4x6 r=0
1370,0,0,0,-888,0,-888,0,218,0,436,0,194,0,-72,0,-71,0,-20,0,6,0,4,0,1 # compose_4x6 r=0
222,0,0,0,0,0,240,0,0,0,0,0,94,0,0,0,0,0,16,0,0,0,0,0,1 # compose_4x6 r=0
35,0,0,0,0,0,-20,0,0,0,0,0,-6,0,0,0,0,0,4,0,0,0,0,0,1 # compose_2x12 r=0
1,0,0,0,0,0,0,0,0,0,0,6,3,0,0,0,0,0,0,0,0,0,4,4,1 # compose_2x12 r=4
2,0,0,0,0,0,0,-4,0,0,0,0,-4,0,1,0,0,0,0,2,0,0,0,0,1 # compose_2x12 r=4
1227,0,0,1680,0,0,16,0,0,-664,0,0,-58,0,0,112,0,0,0,0,0,-8,0,0,1 # compose_4x6 r=0
9,0,0,0,-58,0,-29,0,96,0,96,0,-40,0,-96,0,-32,0,24,0,24,0,8,0,1 # compose_4x6 r=4
35,0,0,0,0,0,0,0,0,-10,0,0,10,0,0,0,0,0,1,0,0,-2,0,0,1 # compose_2x12 r=0
647,0,0,0,-510,0,510,0,151,0,-302,0,131,0,60,0,-59,0,16,0,6,0,-4,0,1 # compose_4x6 r=0
43,0,0,0,0,0,0,0,0,0,0,0,-15,0,0,0,0,0,0,0,0,0,0,0,1 # compose_2x12 r=4
17,0,0,0,0,0,0,0,0,0,0,0,10,0,0,0,0,0,0,0,0,0,0,0,1 # compose_2x12 r=0
80,0,0,0,-107,0,-107,0,54,0,108,0,42,0,-36,0,-35,0,-8,0,6,0,4,0,1 # compose_4x6 r=0
16,0,0,0,0,0,0,0,0,-12,0,0,-6,0,0,0,0,0,4,0,0,4,0,0,1 # compose_2x12 r=0
4099,0,0,0,6145,0,0,0,3840,0,0,0,1280,0,0,0,240,0,0,0,24,0,0,0,1 # compose_6x4 r=0
251,0,-508,0,384,0,126,0,-368,0,192,0,64,0,-96,0,24,0,16,0,-8,0,0,0,1 # compose_4x6 r=0
15619,37498,37500,20000,24749,38460,30064,12000,11775,15192,9000,2400,2740,3000,1200,160,375,300,60,0,30,12,0,0,1 # compose_6x4 r=0
13,0,14,0,4,0,0,0,0,0,0,0,-7,0,-4,0,0,0,0,0,0,0,0,0,1 # compose_2x12 r=0
46227,0,0,-92880,46440,0,77616,-77616,19404,-34544,51816,-25908,12958,-17280,12960,-5472,3420,-2880,1504,-552,276,-160,60,-12,1 # compose_6x4 r=0
634,0,-1004,0,600,0,342,0,-584,0,240,0,118,0,-120,0,24,0,20,0,-8,0,0,0,1 # compose_4x6 r=0
4083,0,0,-12282,-6141,0,15360,15360,3840,-10240,-15360,-7680,2560,7680,5760,1152,-1680,-1920,-896,-48,216,160,60,12,1 # compose_6x4 r=4
47307,0,0,0,-46980,0,0,0,19494,0,0,0,-4323,0,0,0,540,0,0,0,-36,0,0,0,1 # compose_6x4 r=0
613,0,0,0,0,0,498,0,0,0,0,0,150,0,0,0,0,0,20,0,0,0,0,0,1 # compose_4x6 r=0
39,0,0,0,0,0,0,0,0,0,0,0,-13,0,0,0,0,0,0,0,0,0,0,0,1 # compose_2x12 r=4
14,0,0,0,0,0,0,0,0,0,0,0,5,0,0,0,0,0,0,0,0,0,0,0,1 # compose_2x12 r=0
-1,0,0,0,0,0,0,-6,0,0,0,0,-3,0,4,0,0,0,0,4,0,0,0,0,1 # compose_2x12 r=4
9,0,0,7,0,0,1,0,0,0,0,0,7,0,0,2,0,0,0,0,0,0,0,0,1 # compose_2x12 r=0
10,0,0,0,0,0,0,-14,14,0,0,0,0,0,6,-12,6,0,0,0,0,-1,3,-3,1 # compose_3x8 r=0
58,0,0,0,0,0,-94,0,47,0,0,0,48,0,-48,0,12,0,-8,0,12,0,-6,0,1 # compose_3x8 r=0
23,0,0,0,0,0,0,0,0,0,0,0,11,0,0,0,0,0,0,0,0,0,0,0,1 # compose_2x12 r=0
8,0,0,0,1,0,0,0,1,0,0,0,-1,0,0,0,-2,0,0,0,0,0,0,0,1 # compose_2x12 r=0
781,0,0,0,0,1172,586,0,0,0,664,664,166,0,0,168,252,126,21,0,16,32,24,8,1 # compose_4x6 r=0
65,0,0,0,192,0,-96,0,208,0,-208,0,148,0,-144,0,88,0,-44,0,24,0,-8,0,1 # compose_4x6 r=0
121,-142,64,-13,1,0,142,-128,39,-4,0,0,64,-39,6,0,0,0,13,-4,0,0,0,0,1 # compose_4x6 r=0
221,0,0,109,0,0,18,0,109,1,0,36,0,0,3,0,18,0,0,3,0,0,0,0,1 # compose_3x8 r=0
19,0,0,0,0,-32,32,0,0,0,24,-48,24,0,0,-8,24,-24,8,0,1,-4,6,-4,1 # compose_4x6 r=0
14,0,64,0,96,0,96,0,112,0,96,0,56,0,48,0,24,0,8,0,8,0,0,0,1 # compose_4x6 r=0
41,0,0,0,0,0,0,0,0,0,0,0,-11,0,0,0,0,0,0,0,0,0,0,0,1 # compose_2x12 r=0
2,0,0,0,0,0,10,0,0,0,0,0,9,0,0,0,0,0,4,0,0,0,0,0,1 # compose_4x6 r=0
4107,0,0,0,-6147,0,0,0,3840,0,0,0,-1280,0,0,0,240,0,0,0,-24,0,0,0,1 # compose_6x4 r=4
8,8,1,0,0,0,0,0,0,0,0,0,8,2,0,0,0,0,0,0,0,0,0,0,1 # compose_2x12 r=0
91,0,-111,0,54,0,-123,0,109,0,-36,0,58,0,-36,0,6,0,-12,0,4,0,0,0,1 # compose_4x6 r=4
33,0,0,0,0,0,0,-28,28,0,0,0,0,0,9,-18,9,0,0,0,0,-1,3,-3,1 # compose_3x8 r=0
57,0,0,180,180,0,234,468,234,159,477,477,219,240,360,252,120,120,121,66,27,20,15,6,1 # compose_6x4 r=0
271,0,0,-518,0,0,125,0,0,256,0,0,-80,0,0,-64,0,0,8,0,0,8,0,0,1 # compose_4x6 r=0
4,0,0,0,0,0,0,0,5,0,0,0,0,0,0,0,3,0,0,0,0,0,0,0,1 # compose_3x8 r=0
1294,0,0,864,0,0,1080,0,0,456,0,0,289,0,0,76,0,0,30,0,0,4,0,0,1 # compose_4x6 r=0
15497,0,0,0,18675,0,0,0,9360,0,0,0,2499,0,0,0,375,0,0,0,30,0,0,0,1 # compose_6x4 r=0
4034,0,0,0,6096,0,0,0,3828,0,0,0,1279,0,0,0,240,0,0,0,24,0,0,0,1 # compose_6x4 r=0
5,0,0,0,0,-12,6,0,0,0,28,-28,7,0,0,-32,48,-24,4,0,16,-32,24,-8,1 # compose_4x6 r=0
57,15,1,0,0,0,0,0,0,0,0,0,-15,-2,0,0,0,0,0,0,0,0,0,0,1 # compose_2x12 r=0
22,0,0,0,0,0,0,0,0,0,0,0,-7,0,0,0,0,0,0,0,0,0,0,0,1 # compose_2x12 r=0
9,0,0,0,0,0,11,0,11,0,0,0,6,0,12,0,6,0,1,0,3,0,3,0,1 # compose_3x8 r=0
46441,0,-93096,0,124236,0,-112240,0,79890,0,-44346,0,20223,0,-7392,0,2220,0,-520,0,96,0,-12,0,1 # compose_6x4 r=0
637,-503,150,-20,1,0,-503,300,-60,4,0,0,150,-60,6,0,0,0,-20,4,0,0,0,0,1 # compose_4x6 r=4
678,0,0,-2808,1404,0,4788,-4788,1197,-4304,6456,-3228,2698,-4320,3240,-1656,1575,-1440,784,-372,258,-160,60,-12,1 # compose_6x4 r=0
212,0,0,0,0,0,0,0,107,0,0,0,0,0,0,0,18,0,0,0,0,0,0,0,1 # compose_3x8 r=0
17,0,0,0,0,0,0,7,0,0,0,0,-7,0,1,0,0,0,0,-2,0,0,0,0,1 # compose_2x12 r=0
18,0,0,0,0,0,0,0,0,0,20,0,10,0,0,0,0,0,0,0,4,0,4,0,1 # compose_2x12 r=0
15873,0,37800,0,18720,0,-17604,0,-14619,0,3972,0,4162,0,-792,0,-585,0,140,0,30,0,-12,0,1 # compose_6x4 r=4
23,0,0,0,0,0,0,0,0,11,0,0,-11,0,0,0,0,0,1,0,0,-2,0,0,1 # compose_2x12 r=4
33,0,0,0,0,0,0,0,0,0,0,0,-12,0,0,0,0,0,0,0,0,0,0,0,1 # compose_2x12 r=4
38,0,0,0,0,0,0,0,0,0,0,0,-12,0,0,0,0,0,0,0,0,0,0,0,1 # compose_2x12 r=0
65,0,0,0,49,0,0,0,61,0,0,0,25,0,0,0,15,0,0,0,3,0,0,0,1 # compose_3x8 r=0
18,0,0,0,0,0,0,0,-10,0,0,0,-10,0,0,0,1,0,0,0,2,0,0,0,1 # compose_2x12 r=4
35,0,0,0,0,0,0,-10,0,0,0,0,10,0,1,0,0,0,0,-2,0,0,0,0,1 # compose_2x12 r=0
111,0,0,0,0,0,0,-72,72,0,0,0,0,0,15,-30,15,0,0,0,0,-1,3,-3,1 # compose_3x8 r=0
229,0,0,0,0,0,0,0,110,0,0,0,0,0,0,0,18,0,0,0,0,0,0,0,1 # compose_3x8 r=0
734,0,0,-1460,1460,0,1215,-2430,1215,-540,1620,-1620,675,-540,810,-558,225,-180,181,-96,33,-20,15,-6,1 # compose_6x4 r=0
14,0,0,0,0,0,0,0,0,0,0,0,-4,0,0,0,0,0,0,0,0,0,0,0,1 # compose_2x12 r=0
15617,0,0,0,-18749,0,0,0,9375,0,0,0,-2500,0,0,0,375,0,0,0,-30,0,0,0,1 # compose_6x4 r=4
39,0,0,0,26,0,0,0,4,0,0,0,-13,0,0,0,-4,0,0,0,0,0,0,0,1 # compose_2x12 r=4
40,0,0,0,0,0,0,0,0,0,0,0,-11,0,0,0,0,0,0,0,0,0,0,0,1 # compose_2x12 r=0
11,0,0,0,46,0,23,0,76,0,76,0,75,0,84,0,58,0,39,0,24,0,8,0,1 # compose_4x6 r=0
266,0,258,0,96,0,-242,0,-191,0,-48,0,92,0,48,0,6,0,-16,0,-4,0,0,0,1 # compose_4x6 r=0
741,0,0,-1461,-1461,0,1215,2430,1215,-540,-1620,-1620,-405,540,810,522,45,-180,-179,-84,-3,20,15,6,1 # compose_6x4 r=0
24,-9,1,0,0,0,0,0,0,0,0,0,9,-2,0,0,0,0,0,0,0,0,0,0,1 # compose_2x12 r=0
4095,0,-12286,0,9217,0,5120,0,-7680,0,-768,0,2624,0,192,0,-480,0,-80,0,36,0,12,0,1 # compose_6x4 r=0
577,0,0,480,0,0,-332,0,0,-276,0,0,89,0,0,56,0,0,-14,0,0,-4,0,0,1 # compose_4x6 r=0
68,0,0,0,-195,0,0,0,240,0,0,0,-160,0,0,0,60,0,0,0,-12,0,0,0,1 # compose_6x4 r=4
6,0,0,0,0,0,0,0,0,12,0,0,-6,0,0,0,0,0,4,0,0,-4,0,0,1 # compose_2x12 r=4
16001,37950,37680,20024,24975,38640,30100,12000,11820,15210,9000,2400,2743,3000,1200,160,375,300,60,0,30,12,0,0,1 # compose_6x4 r=0
267,0,0,0,0,0,-259,0,0,0,0,0,96,0,0,0,0,0,-16,0,0,0,0,0,1 # compose_4x6 r=4
578,0,0,0,0,0,480,0,0,0,0,0,148,0,0,0,0,0,20,0,0,0,0,0,1 # compose_4x6 r=0
4227,0,0,0,-6240,0,0,0,3864,0,0,0,-1282,0,0,0,240,0,0,0,-24,0,0,0,1 # compose_6x4 r=0
241,0,0,248,0,0,343,0,0,206,0,0,144,0,0,52,0,0,22,0,0,4,0,0,1 # compose_4x6 r=0
10,0,0,-24,0,0,24,0,12,-8,0,-24,0,0,12,0,6,0,0,-6,0,0,0,0,1 # compose_3x8 r=0
63,0,0,0,0,0,0,0,47,0,0,0,0,0,0,0,12,0,0,0,0,0,0,0,1 # compose_3x8 r=0
548,0,0,0,0,0,-470,0,0,0,0,0,147,0,0,0,0,0,-20,0,0,0,0,0,1 # compose_4x6 r=4
4107,0,-12294,0,21507,0,-25600,0,23040,0,-16128,0,9024,0,-4032,0,1440,0,-400,0,84,0,-12,0,1 # compose_6x4 r=0
46,0,0,0,0,0,0,0,0,12,0,0,12,0,0,0,0,0,1,0,0,2,0,0,1 # compose_2x12 r=0
647,0,0,0,0,0,-510,0,0,0,0,0,151,0,0,0,0,0,-20,0,0,0,0,0,1 # compose_4x6 r=4
4094,-12286,15360,-10240,9983,-16128,15424,-7680,5760,-7872,5760,-1920,1520,-1920,960,-160,240,-240,60,0,24,-12,0,0,1 # compose_6x4 r=0
1301,0,0,1730,0,0,-1,0,0,-672,0,0,-56,0,0,112,0,0,0,0,0,-8,0,0,1 # compose_4x6 r=4
46665,0,46657,0,-27217,0,-34560,0,7020,0,10836,0,-1259,0,-1806,0,195,0,160,0,-21,0,-6,0,1 # compose_6x4 r=0
16001,0,0,0,-18975,0,0,0,9420,0,0,0,-2503,0,0,0,375,0,0,0,-30,0,0,0,1 # compose_6x4 r=4
10,0,0,0,0,0,0,0,0,0,0,0,5,0,0,0,0,0,0,0,0,0,0,0,1 # compose_2x12 r=0
578,0,0,0,0,0,-480,0,0,0,0,0,148,0,0,0,0,0,-20,0,0,0,0,0,1 # compose_4x6 r=0
12,0,0,0,0,30,0,0,15,0,24,0,0,24,0,8,6,0,12,0,0,6,0,0,1 # compose_3x8 r=0
1279,0,0,0,0,0,-861,0,0,0,0,0,216,0,0,0,0,0,-24,0,0,0,0,0,1 # compose_4x6 r=4
25,0,0,0,0,0,8,0,0,0,0,0,9,0,0,0,0,0,2,0,0,0,0,0,1 # compose_2x12 r=0
811,0,0,0,1539,0,0,0,1242,0,0,0,543,0,0,0,135,0,0,0,18,0,0,0,1 # compose_6x4 r=0
38,0,0,11,0,0,1,0,0,0,0,0,-11,0,0,-2,0,0,0,0,0,0,0,0,1 # compose_2x12 r=0
1301,0,0,0,0,0,-865,0,0,0,0,0,216,0,0,0,0,0,-24,0,0,0,0,0,1 # compose_4x6 r=4
23,0,0,0,0,0,0,0,0,0,0,0,8,0,0,0,0,0,0,0,0,0,0,0,1 # compose_2x12 r=0
757,-2970,4896,-4328,675,4320,-6428,4320,-216,-3054,3240,-1440,-301,1080,-720,160,135,-180,60,0,-18,12,0,0,1 # compose_6x4 r=0
15,0,0,0,30,0,30,0,24,0,48,0,32,0,24,0,25,0,12,0,6,0,4,0,1 # compose_4x6 r=0
254,0,-255,0,96,0,239,0,-191,0,48,0,92,0,-48,0,6,0,16,0,-4,0,0,0,1 # compose_4x6 r=0
632,0,0,0,0,0,-501,0,0,0,0,0,150,0,0,0,0,0,-20,0,0,0,0,0,1 # compose_4x6 r=0
1366,0,0,0,0,0,888,0,0,0,0,0,218,0,0,0,0,0,24,0,0,0,0,0,1 # compose_4x6 r=0
1,0,10,0,4,0,0,0,0,0,0,0,5,0,4,0,0,0,0,0,0,0,0,0,1 # compose_2x12 r=0
15627,0,0,18750,-18750,0,9375,-18750,9375,2500,-7500,7500,-2125,-1500,2250,-1470,225,300,-299,144,-15,-20,15,-6,1 # compose_6x4 r=0
1261,0,0,0,-1704,0,852,0,860,0,-860,0,23,0,288,0,-128,0,-8,0,24,0,-8,0,1 # compose_4x6 r=0
15874,0,0,0,-18900,0,0,0,9405,0,0,0,-2502,0,0,0,375,0,0,0,-30,0,0,0,1 # compose_6x4 r=4
39,0,0,156,156,0,222,444,222,157,471,471,217,240,360,252,120,120,121,66,27,20,15,6,1 # compose_6x4 r=0
75,0,-210,0,216,0,-201,0,232,0,-144,0,86,0,-72,0,24,0,-12,0,8,0,0,0,1 # compose_4x6 r=0
19,0,0,0,0,0,0,0,0,0,0,0,10,0,0,0,0,0,0,0,0,0,0,0,1 # compose_2x12 r=0
14,0,0,0,0,0,0,0,0,0,-8,0,4,0,0,0,0,0,0,0,4,0,-4,0,1 # compose_2x12 r=0
15749,0,0,-18825,-18825,0,9390,18780,9390,-2501,-7503,-7503,-2126,1500,2250,1470,225,-300,-299,-144,-15,20,15,6,1 # compose_6x4 r=4
46643,0,0,0,-46654,0,0,0,19440,0,0,0,-4320,0,0,0,540,0,0,0,-36,0,0,0,1 # compose_6x4 r=4
15631,-37502,37500,-20000,24751,-38460,30064,-12000,11775,-15192,9000,-2400,2740,-3000,1200,-160,375,-300,60,0,30,-12,0,0,1 # compose_6x4 r=0
107,0,0,0,0,0,0,72,72,0,0,0,0,0,15,30,15,0,0,0,0,1,3,3,1 # compose_3x8 r=0
231,0,0,0,0,-111,0,0,111,0,18,0,0,-36,0,-1,18,0,3,0,0,-3,0,0,1 # compose_3x8 r=0
46659,0,46656,0,66096,0,43200,0,32940,0,15156,0,7741,0,2526,0,915,0,200,0,51,0,6,0,1 # compose_6x4 r=0
4034,0,0,12192,6096,0,15312,15312,3828,10232,15348,7674,5119,7680,5760,2688,2160,1920,1024,432,264,160,60,12,1 # compose_6x4 r=0
69,0,0,49,0,0,12,0,49,1,0,24,0,0,3,0,12,0,0,3,0,0,0,0,1 # compose_3x8 r=0
14,0,7,0,1,0,0,0,0,0,0,0,7,0,2,0,0,0,0,0,0,0,0,0,1 # compose_2x12 r=0
553,0,0,0,0,0,-470,0,0,0,0,0,147,0,0,0,0,0,-20,0,0,0,0,0,1 # compose_4x6 r=0
18,0,0,0,0,0,0,0,0,0,0,0,-10,0,0,0,0,0,0,0,0,0,0,0,1 # compose_2x12 r=4
613,0,0,-498,0,0,648,0,0,-320,0,0,211,0,0,-64,0,0,26,0,0,-4,0,0,1 # compose_4x6 r=0
15751,0,-37650,0,18735,0,17552,0,-14622,0,-3966,0,4163,0,792,0,-585,0,-140,0,30,0,12,0,1 # compose_6x4 r=0
677,0,0,0,0,0,520,0,0,0,0,0,152,0,0,0,0,0,20,0,0,0,0,0,1 # compose_4x6 r=0
137,0,0,0,0,-78,0,0,78,0,15,0,0,-30,0,-1,15,0,3,0,0,-3,0,0,1 # compose_3x8 r=0
32,0,0,0,0,0,0,0,0,0,-13,0,-13,0,0,0,0,0,0,0,1,0,2,0,1 # compose_2x12 r=4
91,0,0,0,228,0,0,0,258,0,0,0,163,0,0,0,60,0,0,0,12,0,0,0,1 # compose_6x4 r=0
1334,0,0,0,0,0,876,0,0,0,0,0,217,0,0,0,0,0,24,0,0,0,0,0,1 # compose_4x6 r=0
82,108,54,12,1,0,-108,-108,-36,-4,0,0,54,36,6,0,0,0,-12,-4,0,0,0,0,1 # compose_4x6 r=0
1093,0,0,0,-2005,0,0,0,1549,0,0,0,-643,0,0,0,151,0,0,0,-19,0,0,0,1 # compose_6x4 r=0
97,0,0,0,0,0,-120,0,0,0,0,0,56,0,0,0,0,0,-12,0,0,0,0,0,1 # compose_4x6 r=4
21,0,-35,0,24,0,27,0,-47,0,24,0,20,0,-24,0,6,0,8,0,-4,0,0,0,1 # compose_4x6 r=0
628,0,0,0,500,0,-500,0,150,0,-300,0,170,0,-60,0,61,0,-24,0,6,0,-4,0,1 # compose_4x6 r=0
4090,0,0,0,-6142,0,0,0,3840,0,0,0,-1280,0,0,0,240,0,0,0,-24,0,0,0,1 # compose_6x4 r=0
46639,0,0,0,46653,0,0,0,19440,0,0,0,4320,0,0,0,540,0,0,0,36,0,0,0,1 # compose_6x4 r=0
237,0,0,0,0,222,0,0,111,0,72,0,0,72,0,8,18,0,12,0,0,6,0,0,1 # compose_3x8 r=0
4093,0,0,0,-6143,0,0,0,3840,0,0,0,-1280,0,0,0,240,0,0,0,-24,0,0,0,1 # compose_6x4 r=0
1311,0,0,0,0,867,-867,0,0,0,216,-432,216,0,0,24,-72,72,-24,0,1,-4,6,-4,1 # compose_4x6 r=4
2,0,12,0,24,0,26,0,-8,0,-48,0,-26,0,24,0,24,0,-4,0,-8,0,0,0,1 # compose_4x6 r=4
90,0,0,0,220,0,-110,0,216,0,-216,0,150,0,-144,0,88,0,-44,0,24,0,-8,0,1 # compose_4x6 r=0
11,0,0,0,0,0,0,0,0,0,0,-4,-4,0,0,0,0,0,0,0,0,0,1,2,1 # compose_2x12 r=0
51,0,0,0,26,0,0,0,4,0,0,0,-13,0,0,0,-4,0,0,0,0,0,0,0,1 # compose_2x12 r=0
673,0,0,0,-1040,0,520,0,608,0,-608,0,-8,0,240,0,-104,0,-12,0,24,0,-8,0,1 # compose_4x6 r=0
239,-248,95,-16,1,0,-248,190,-48,4,0,0,95,-48,6,0,0,0,-16,4,0,0,0,0,1 # compose_4x6 r=4
-1,0,0,-12,-6,0,60,60,15,-160,-240,-120,220,480,360,-72,-465,-480,-176,132,234,160,60,12,1 # compose_6x4 r=4
46005,46332,19386,4317,46872,38808,12952,2160,19566,12957,3240,360,4332,2160,360,20,540,180,15,0,36,6,0,0,1 # compose_6x4 r=0
1186,-828,213,-24,1,0,-828,426,-72,4,0,0,213,-72,6,0,0,0,-24,4,0,0,0,0,1 # compose_4x6 r=4
15618,0,0,0,-18748,0,0,0,9375,0,0,0,-2500,0,0,0,375,0,0,0,-30,0,0,0,1 # compose_6x4 r=0
4099,0,0,-6144,6144,0,3840,-7680,3840,-1280,3840,-3840,1520,-960,1440,-984,360,-240,241,-126,39,-20,15,-6,1 # compose_6x4 r=0
15497,-37350,37440,-19992,-12675,36480,-29924,12000,6960,-14802,9000,-2400,-2259,3000,-1200,160,375,-300,60,0,-30,12,0,0,1 # compose_6x4 r=4
137,0,0,0,0,0,0,0,77,0,0,0,0,0,0,0,15,0,0,0,0,0,0,0,1 # compose_3x8 r=0
1263,-1704,860,-192,16,0,-852,860,-288,32,0,0,215,-144,24,0,0,0,-24,8,0,0,0,0,1 # compose_4x6 r=0
623,500,150,20,1,0,-500,-300,-60,-4,0,0,150,60,6,0,0,0,-20,-4,0,0,0,0,1 # compose_4x6 r=4
15249,37050,37320,19976,-12525,-36360,-29900,-12000,6930,14790,9000,2400,-2257,-3000,-1200,-160,375,300,60,0,-30,-12,0,0,1 # compose_6x4 r=4
26,0,0,0,0,0,0,0,0,0,0,0,-9,0,0,0,0,0,0,0,0,0,0,0,1 # compose_2x12 r=0
55,0,0,0,0,0,0,0,45,0,0,0,0,0,0,0,12,0,0,0,0,0,0,0,1 # compose_3x8 r=0
237,0,0,0,0,0,0,0,111,0,0,0,0,0,0,0,18,0,0,0,0,0,0,0,1 # compose_3x8 r=0
46869,-46764,19458,-4321,47304,-38952,12964,-2160,19638,-12969,3240,-360,4336,-2160,360,-20,540,-180,15,0,36,-6,0,0,1 # compose_6x4 r=0
63,0,-193,0,433,0,-640,0,780,0,-732,0,581,0,-366,0,195,0,-80,0,27,0,-6,0,1 # compose_6x4 r=0
1403,0,0,0,0,0,900,0,0,0,0,0,219,0,0,0,0,0,24,0,0,0,0,0,1 # compose_4x6 r=0
22,0,0,0,0,-10,0,0,0,0,1,0,-10,0,0,0,0,2,0,0,0,0,0,0,1 # compose_2x12 r=4
3,0,0,0,0,0,0,0,0,0,0,-2,1,0,0,0,0,0,0,0,0,0,4,-4,1 # compose_2x12 r=0
1,0,12,0,12,0,8,0,6,0,12,0,12,0,0,0,3,0,6,0,0,0,0,0,1 # compose_3x8 r=0
673,0,0,0,0,0,-520,0,0,0,0,0,152,0,0,0,0,0,-20,0,0,0,0,0,1 # compose_4x6 r=4
4106,0,-6146,0,9986,0,-8960,0,7920,0,-4824,0,2841,0,-1206,0,495,0,-140,0,39,0,-6,0,1 # compose_6x4 r=0
1402,0,0,0,0,0,900,0,0,0,0,0,219,0,0,0,0,0,24,0,0,0,0,0,1 # compose_4x6 r=0
3,0,-6,0,4,0,0,0,0,0,0,0,3,0,-4,0,0,0,0,0,0,0,0,0,1 # compose_2x12 r=0
652,0,0,0,0,0,-510,0,0,0,0,0,151,0,0,0,0,0,-20,0,0,0,0,0,1 # compose_4x6 r=0
4,0,0,0,10,0,5,0,24,0,24,0,38,0,48,0,40,0,36,0,24,0,8,0,1 # compose_4x6 r=0
613,-994,600,-160,16,0,-497,600,-240,32,0,0,150,-120,24,0,0,0,-20,8,0,0,0,0,1 # compose_4x6 r=0
267,0,0,518,0,0,125,0,0,-256,0,0,-80,0,0,64,0,0,8,0,0,-8,0,0,1 # compose_4x6 r=4
46005,0,92664,0,31212,0,-43008,0,-23778,0,9774,0,5827,0,-1632,0,-660,0,200,0,24,0,-12,0,1 # compose_6x4 r=4
15619,0,-37498,0,56249,0,-57500,0,45375,0,-27960,0,13964,0,-5592,0,1815,0,-460,0,90,0,-12,0,1 # compose_6x4 r=0
13,0,0,0,0,-4,0,0,0,0,1,0,4,0,0,0,0,-2,0,0,0,0,0,0,1 # compose_2x12 r=0
652,0,510,0,151,0,530,0,303,0,60,0,155,0,60,0,6,0,20,0,4,0,0,0,1 # compose_4x6 r=0
25,0,0,0,-44,0,44,0,27,0,-54,0,19,0,24,0,-23,0,4,0,6,0,-4,0,1 # compose_4x6 r=0
40,0,0,0,0,0,0,0,22,0,0,0,-11,0,0,0,4,0,0,0,-4,0,0,0,1 # compose_2x12 r=0
11,0,30,0,24,0,8,0,15,0,24,0,12,0,0,0,6,0,6,0,0,0,0,0,1 # compose_3x8 r=0
137,0,0,0,0,0,-154,0,77,0,0,0,60,0,-60,0,15,0,-8,0,12,0,-6,0,1 # compose_3x8 r=0
7,0,0,0,0,0,0,0,0,0,0,-2,-2,0,0,0,0,0,0,0,0,0,1,2,1 # compose_2x12 r=0
46443,93096,77688,34552,55188,78840,51892,17280,22302,26106,12960,2880,4559,4320,1440,160,540,360,60,0,36,12,0,0,1 # compose_6x4 r=0
8,0,0,0,0,0,0,-8,0,0,0,0,-4,0,4,0,0,0,0,4,0,0,0,0,1 # compose_2x12 r=0
11,0,0,0,0,23,23,0,0,0,19,38,19,0,0,7,21,21,7,0,1,4,6,4,1 # compose_4x6 r=0
27,0,0,0,0,0,0,-22,0,0,0,0,-11,0,4,0,0,0,0,4,0,0,0,0,1 # compose_2x12 r=4
46652,0,0,0,-46655,0,0,0,19440,0,0,0,-4320,0,0,0,540,0,0,0,-36,0,0,0,1 # compose_6x4 r=0
109,0,126,0,57,0,-114,0,-113,0,-36,0,53,0,36,0,6,0,-12,0,-4,0,0,0,1 # compose_4x6 r=0
1366,0,0,0,0,0,-888,0,0,0,0,0,218,0,0,0,0,0,-24,0,0,0,0,0,1 # compose_4x6 r=4
1275,0,-861,0,216,0,-885,0,433,0,-72,0,220,0,-72,0,6,0,-24,0,4,0,0,0,1 # compose_4x6 r=4
4083,0,0,0,-6141,0,0,0,3840,0,0,0,-1280,0,0,0,240,0,0,0,-24,0,0,0,1 # compose_6x4 r=4
25,0,0,0,0,0,0,0,9,0,0,0,-9,0,0,0,1,0,0,0,-2,0,0,0,1 # compose_2x12 r=0
15998,0,0,0,-18975,0,0,0,9420,0,0,0,-2503,0,0,0,375,0,0,0,-30,0,0,0,1 # compose_6x4 r=4
549,0,0,0,0,470,470,0,0,0,147,294,147,0,0,20,60,60,20,0,1,4,6,4,1 # compose_4x6 r=0
259,0,0,-512,0,0,640,0,0,-512,0,0,304,0,0,-128,0,0,40,0,0,-8,0,0,1 # compose_4x6 r=0
1289,0,0,0,0,0,863,0,0,0,0,0,216,0,0,0,0,0,24,0,0,0,0,0,1 # compose_4x6 r=0
233,0,0,0,0,-222,0,0,111,0,72,0,0,-72,0,-8,18,0,12,0,0,-6,0,0,1 # compose_3x8 r=0
15629,0,0,-18751,-18751,0,9375,18750,9375,-2500,-7500,-7500,-2125,1500,2250,1470,225,-300,-299,-144,-15,20,15,6,1 # compose_6x4 r=4
69,0,0,0,105,0,-105,0,54,0,-108,0,66,0,-36,0,37,0,-16,0,6,0,-4,0,1 # compose_4x6 r=4
9,0,0,0,56,0,-28,0,92,0,-92,0,87,0,-96,0,64,0,-40,0,24,0,-8,0,1 # compose_4x6 r=4
15611,18747,9375,2500,19122,18780,7501,1500,9525,7506,2250,300,2515,1500,300,20,375,150,15,0,30,6,0,0,1 # compose_6x4 r=0
4102,0,0,0,-6145,0,0,0,3840,0,0,0,-1280,0,0,0,240,0,0,0,-24,0,0,0,1 # compose_6x4 r=0
254,0,0,0,0,0,-255,0,0,0,0,0,96,0,0,0,0,0,-16,0,0,0,0,0,1 # compose_4x6 r=0
225,0,0,0,0,0,0,0,109,0,0,0,0,0,0,0,18,0,0,0,0,0,0,0,1 # compose_3x8 r=0
15638,0,0,37504,18752,0,37500,37500,9375,20000,30000,15000,8500,12000,9000,3960,2775,2400,1264,492,270,160,60,12,1 # compose_6x4 r=0
47305,0,0,46980,46980,0,19494,38988,19494,4323,12969,12969,4863,2160,3240,2196,720,360,361,186,51,20,15,6,1 # compose_6x4 r=0
113,0,0,0,0,0,0,0,73,0,0,0,0,0,0,0,15,0,0,0,0,0,0,0,1 # compose_3x8 r=0
601,0,980,0,596,0,650,0,612,0,240,0,181,0,120,0,24,0,20,0,8,0,0,0,1 # compose_4x6 r=0
15634,0,0,0,-18752,0,0,0,9375,0,0,0,-2500,0,0,0,375,0,0,0,-30,0,0,0,1 # compose_6x4 r=4
607,0,0,0,0,0,497,0,0,0,0,0,150,0,0,0,0,0,20,0,0,0,0,0,1 # compose_4x6 r=0
614,0,0,0,0,498,498,0,0,0,150,300,150,0,0,20,60,60,20,0,1,4,6,4,1 # compose_4x6 r=0
649,0,0,0,510,0,510,0,151,0,302,0,171,0,60,0,61,0,24,0,6,0,4,0,1 # compose_4x6 r=0
41,0,0,0,0,0,-26,0,0,0,0,0,-9,0,0,0,0,0,4,0,0,0,0,0,1 # compose_2x12 r=4
6,0,0,0,0,0,0,-12,0,0,0,0,-6,0,4,0,0,0,0,4,0,0,0,0,1 # compose_2x12 r=4
15633,0,18752,0,-9377,0,-16250,0,2250,0,6030,0,-399,0,-1206,0,90,0,130,0,-15,0,-6,0,1 # compose_6x4 r=4
4162,0,0,0,-6192,0,0,0,3852,0,0,0,-1281,0,0,0,240,0,0,0,-24,0,0,0,1 # compose_6x4 r=0
736,0,0,1461,-1461,0,1215,-2430,1215,540,-1620,1620,-405,-540,810,-522,45,180,-179,84,-3,-20,15,-6,1 # compose_6x4 r=4
29,0,0,0,-44,0,44,0,27,0,-54,0,19,0,24,0,-23,0,4,0,6,0,-4,0,1 # compose_4x6 r=0
4109,-6147,3840,-1280,-5907,7656,-3839,960,3720,-3834,1440,-240,-1265,960,-240,20,240,-120,15,0,-24,6,0,0,1 # compose_6x4 r=4
548,0,940,0,588,0,-310,0,-572,0,-240,0,115,0,120,0,24,0,-20,0,-8,0,0,0,1 # compose_4x6 r=4
43,0,0,0,0,13,0,0,0,0,1,0,-13,0,0,0,0,-2,0,0,0,0,0,0,1 # compose_2x12 r=0
674,0,0,0,1040,0,520,0,608,0,608,0,312,0,240,0,136,0,52,0,24,0,8,0,1 # compose_4x6 r=0
1,0,0,0,-10,0,-10,0,9,0,18,0,5,0,-12,0,-11,0,0,0,6,0,4,0,1 # compose_4x6 r=4
578,0,0,0,0,480,-480,0,0,0,148,-296,148,0,0,20,-60,60,-20,0,1,-4,6,-4,1 # compose_4x6 r=0
51,0,0,0,0,180,-90,0,0,0,204,-204,51,0,0,96,-144,72,-12,0,16,-32,24,-8,1 # compose_4x6 r=4
53,0,0,0,0,0,0,0,15,0,0,0,-15,0,0,0,1,0,0,0,-2,0,0,0,1 # compose_2x12 r=4
33,0,0,0,0,0,0,0,0,0,0,0,13,0,0,0,0,0,0,0,0,0,0,0,1 # compose_2x12 r=0
25,0,0,0,0,0,0,0,18,0,0,0,9,0,0,0,4,0,0,0,4,0,0,0,1 # compose_2x12 r=0
1,0,0,0,0,0,0,-6,0,0,0,0,-3,0,4,0,0,0,0,4,0,0,0,0,1 # compose_2x12 r=4
3971,0,0,6048,-6048,0,3816,-7632,3816,1278,-3834,3834,-1038,-960,1440,-936,120,240,-239,114,-9,-20,15,-6,1 # compose_6x4 r=0
15373,0,-37200,0,55980,0,-57364,0,45321,0,-27948,0,13962,0,-5592,0,1815,0,-460,0,90,0,-12,0,1 # compose_6x4 r=0
613,0,996,0,600,0,-338,0,-584,0,-240,0,118,0,120,0,24,0,-20,0,-8,0,0,0,1 # compose_4x6 r=4
243,-253,96,-16,1,0,-253,192,-48,4,0,0,96,-48,6,0,0,0,-16,4,0,0,0,0,1 # compose_4x6 r=4
46649,-46655,19440,-4320,-46115,38844,-12959,2160,19260,-12954,3240,-360,-4305,2160,-360,20,540,-180,15,0,-36,6,0,0,1 # compose_6x4 r=4
613,0,-996,0,600,0,338,0,-584,0,240,0,118,0,-120,0,24,0,20,0,-8,0,0,0,1 # compose_4x6 r=0
19,0,0,0,0,0,0,0,0,-10,0,0,-10,0,0,0,0,0,1,0,0,2,0,0,1 # compose_2x12 r=4
263,0,0,0,0,0,-257,0,0,0,0,0,96,0,0,0,0,0,-16,0,0,0,0,0,1 # compose_4x6 r=0
701,0,0,2862,-1431,0,4824,-4824,1206,4312,-6468,3234,1621,-4320,3240,-504,-1305,1440,-656,-12,222,-160,60,-12,1 # compose_6x4 r=4
113,0,0,0,-72,0,0,0,87,0,0,0,-31,0,0,0,18,0,0,0,-3,0,0,0,1 # compose_3x8 r=0
46649,0,0,-46655,-46655,0,19440,38880,19440,-4320,-12960,-12960,-3780,2160,3240,2124,360,-360,-359,-174,-21,20,15,6,1 # compose_6x4 r=4
33,0,0,0,0,0,0,0,0,-12,0,0,-12,0,0,0,0,0,1,0,0,2,0,0,1 # compose_2x12 r=4
1,0,0,0,0,0,3,0,3,0,0,0,-3,0,-6,0,-3,0,1,0,3,0,3,0,1 # compose_3x8 r=0
13,0,0,0,0,0,0,0,13,0,0,0,0,0,0,0,6,0,0,0,0,0,0,0,1 # compose_3x8 r=0
27,0,-22,0,4,0,0,0,0,0,0,0,11,0,-4,0,0,0,0,0,0,0,0,0,1 # compose_2x12 r=0
4157,0,0,0,-6192,0,0,0,3852,0,0,0,-1281,0,0,0,240,0,0,0,-24,0,0,0,1 # compose_6x4 r=4
1402,0,1800,0,876,0,-708,0,-860,0,-288,0,187,0,144,0,24,0,-24,0,-8,0,0,0,1 # compose_4x6 r=4
1299,864,216,24,1,0,864,432,72,4,0,0,216,72,6,0,0,0,24,4,0,0,0,0,1 # compose_4x6 r=0
46,0,0,0,0,0,0,0,0,0,0,0,-12,0,0,0,0,0,0,0,0,0,0,0,1 # compose_2x12 r=0
243,0,0,0,0,0,-248,0,0,0,0,0,95,0,0,0,0,0,-16,0,0,0,0,0,1 # compose_4x6 r=0
15614,0,0,-18748,18748,0,9375,-18750,9375,-2500,7500,-7500,2875,-1500,2250,-1530,525,-300,301,-156,45,-20,15,-6,1 # compose_6x4 r=0
19,0,0,0,0,0,0,0,0,0,0,0,11,0,0,0,0,0,0,0,0,0,0,0,1 # compose_2x12 r=0
8,-4,4,0,0,0,0,0,0,0,0,0,2,-4,0,0,0,0,0,0,0,0,0,0,1 # compose_2x12 r=0
4,0,0,0,0,10,5,0,0,0,24,24,6,0,0,32,48,24,4,0,16,32,24,8,1 # compose_4x6 r=0
3,0,4,0,3,0,1,0,4,0,6,0,3,0,0,0,3,0,3,0,0,0,0,0,1 # compose_3x8 r=0
1185,0,0,0,0,0,-828,0,0,0,0,0,213,0,0,0,0,0,-24,0,0,0,0,0,1 # compose_4x6 r=4
41,0,0,-312,156,0,888,-888,222,-1256,1884,-942,1117,-1920,1440,-864,1020,-960,544,-312,252,-160,60,-12,1 # compose_6x4 r=4
43,0,0,0,0,0,0,0,0,0,0,0,-14,0,0,0,0,0,0,0,0,0,0,0,1 # compose_2x12 r=4
6,0,12,0,6,0,1,0,12,0,12,0,3,0,0,0,6,0,3,0,0,0,0,0,1 # compose_3x8 r=0
4094,12288,15360,10240,-2304,-14592,-15296,-7680,1920,7488,5760,1920,-1040,-1920,-960,-160,240,240,60,0,-24,-12,0,0,1 # compose_6x4 r=4
33,0,13,0,1,0,0,0,0,0,0,0,-13,0,-2,0,0,0,0,0,0,0,0,0,1 # compose_2x12 r=4
4099,0,0,0,-6145,0,0,0,3840,0,0,0,-1280,0,0,0,240,0,0,0,-24,0,0,0,1 # compose_6x4 r=4
2,0,-12,0,4,0,0,0,0,0,0,0,6,0,-4,0,0,0,0,0,0,0,0,0,1 # compose_2x12 r=4
1315,0,0,0,0,867,867,0,0,0,216,432,216,0,0,24,72,72,24,0,1,4,6,4,1 # compose_4x6 r=0
32,0,-22,0,4,0,0,0,0,0,0,0,-11,0,4,0,0,0,0,0,0,0,0,0,1 # compose_2x12 r=0
32,0,11,0,1,0,0,0,0,0,0,0,-11,0,-2,0,0,0,0,0,0,0,0,0,1 # compose_2x12 r=0
729,0,-1459,0,2674,0,-2970,0,2970,0,-2178,0,1441,0,-726,0,330,0,-110,0,33,0,-6,0,1 # compose_6x4 r=0
68,0,0,0,193,0,0,0,240,0,0,0,160,0,0,0,60,0,0,0,12,0,0,0,1 # compose_6x4 r=0
31,0,0,0,0,0,0,0,0,0,0,-20,-10,0,0,0,0,0,0,0,0,0,4,4,1 # compose_2x12 r=0
13,0,0,0,0,14,0,0,0,0,4,0,-7,0,0,0,0,-4,0,0,0,0,0,0,1 # compose_2x12 r=0
82,0,108,0,54,0,-96,0,-107,0,-36,0,50,0,36,0,6,0,-12,0,-4,0,0,0,1 # compose_4x6 r=0
15622,0,-37500,0,56250,0,-57500,0,45375,0,-27960,0,13964,0,-5592,0,1815,0,-460,0,90,0,-12,0,1 # compose_6x4 r=0
4097,-6145,3840,-1280,6385,-7704,3841,-960,3960,-3846,1440,-240,1295,-960,240,-20,240,-120,15,0,24,-6,0,0,1 # compose_6x4 r=0
15,0,0,0,0,0,0,0,0,0,0,-12,-6,0,0,0,0,0,0,0,0,0,4,4,1 # compose_2x12 r=0
47087,0,-93744,0,124776,0,-112480,0,79980,0,-44364,0,20226,0,-7392,0,2220,0,-520,0,96,0,-12,0,1 # compose_6x4 r=0
15613,-37496,37500,-20000,24748,-38460,30064,-12000,11775,-15192,9000,-2400,2740,-3000,1200,-160,375,-300,60,0,30,-12,0,0,1 # compose_6x4 r=0
2,0,0,0,0,0,0,0,0,0,0,0,-7,0,0,0,0,0,0,0,0,0,0,0,1 # compose_2x12 r=4
46009,0,0,0,-46332,0,0,0,19386,0,0,0,-4317,0,0,0,540,0,0,0,-36,0,0,0,1 # compose_6x4 r=4
202,0,0,212,0,0,72,0,106,8,0,72,0,0,12,0,18,0,0,6,0,0,0,0,1 # compose_3x8 r=0
62,0,-96,0,52,0,-108,0,105,0,-36,0,56,0,-36,0,6,0,-12,0,4,0,0,0,1 # compose_4x6 r=4
4107,0,0,12294,6147,0,15360,15360,3840,10240,15360,7680,5120,7680,5760,2688,2160,1920,1024,432,264,160,60,12,1 # compose_6x4 r=0
9,0,0,0,0,-13,0,0,13,0,6,0,0,-12,0,-1,6,0,3,0,0,-3,0,0,1 # compose_3x8 r=0
208,0,0,0,0,0,0,0,107,0,0,0,0,0,0,0,18,0,0,0,0,0,0,0,1 # compose_3x8 r=0
37,26,4,0,0,0,0,0,0,0,0,0,-13,-4,0,0,0,0,0,0,0,0,0,0,1 # compose_2x12 r=4
28,0,0,0,0,0,0,0,0,0,0,0,12,0,0,0,0,0,0,0,0,0,0,0,1 # compose_2x12 r=0
25,0,0,54,0,0,36,0,27,8,0,36,0,0,12,0,9,0,0,6,0,0,0,0,1 # compose_3x8 r=0
17,0,32,0,24,0,-24,0,-47,0,-24,0,20,0,24,0,6,0,-8,0,-4,0,0,0,1 # compose_4x6 r=0
3,0,0,0,0,0,0,0,0,6,0,0,6,0,0,0,0,0,1,0,0,2,0,0,1 # compose_2x12 r=0
1286,0,0,0,0,0,862,0,0,0,0,0,216,0,0,0,0,0,24,0,0,0,0,0,1 # compose_4x6 r=0
41,0,-312,0,732,0,-368,0,-702,0,594,0,387,0,-288,0,-180,0,40,0,48,0,12,0,1 # compose_6x4 r=4
7,0,7,0,1,0,0,0,0,0,0,0,-7,0,-2,0,0,0,0,0,0,0,0,0,1 # compose_2x12 r=4
2,0,0,30,-15,0,96,-96,24,184,-276,138,217,-480,360,72,-465,480,-176,-132,234,-160,60,-12,1 # compose_6x4 r=4
15641,0,37506,0,56253,0,57500,0,45375,0,27960,0,13964,0,5592,0,1815,0,460,0,90,0,12,0,1 # compose_6x4 r=0
1294,1728,864,192,16,0,-864,-864,-288,-32,0,0,216,144,24,0,0,0,-24,-8,0,0,0,0,1 # compose_4x6 r=4
15,0,0,0,-4,0,0,0,1,0,0,0,-4,0,0,0,2,0,0,0,0,0,0,0,1 # compose_2x12 r=0
1371,0,0,0,0,0,-888,0,0,0,0,0,218,0,0,0,0,0,-24,0,0,0,0,0,1 # compose_4x6 r=0
5,0,0,0,0,0,0,0,0,0,0,16,8,0,0,0,0,0,0,0,0,0,4,4,1 # compose_2x12 r=4
1407,0,0,-1800,0,0,-24,0,0,684,0,0,-53,0,0,-112,0,0,0,0,0,8,0,0,1 # compose_4x6 r=0
11,0,0,0,0,0,15,0,15,0,0,0,6,0,12,0,6,0,1,0,3,0,3,0,1 # compose_3x8 r=0
623,0,0,0,0,-500,-500,0,0,0,150,300,150,0,0,-20,-60,-60,-20,0,1,4,6,4,1 # compose_4x6 r=4
46671,0,-46659,0,66099,0,-43200,0,32940,0,-15156,0,7741,0,-2526,0,915,0,-200,0,51,0,-6,0,1 # compose_6x4 r=0
84,0,0,0,108,0,-108,0,54,0,-108,0,66,0,-36,0,37,0,-16,0,6,0,-4,0,1 # compose_4x6 r=0
49,0,90,0,48,0,8,0,45,0,48,0,12,0,0,0,12,0,6,0,0,0,0,0,1 # compose_3x8 r=0
4,0,0,0,0,0,0,5,5,0,0,0,0,0,3,6,3,0,0,0,0,1,3,3,1 # compose_3x8 r=0
45,0,0,0,0,0,0,0,0,0,0,0,-13,0,0,0,0,0,0,0,0,0,0,0,1 # compose_2x12 r=0
59,0,0,0,0,0,92,0,46,0,0,0,48,0,48,0,12,0,8,0,12,0,6,0,1 # compose_3x8 r=0
102,0,0,0,240,0,-120,0,224,0,-224,0,152,0,-144,0,88,0,-44,0,24,0,-8,0,1 # compose_4x6 r=0
341,0,0,0,0,0,313,0,0,0,0,0,109,0,0,0,0,0,17,0,0,0,0,0,1 # compose_4x6 r=0
699,0,0,0,-1431,0,0,0,1206,0,0,0,-539,0,0,0,135,0,0,0,-18,0,0,0,1 # compose_6x4 r=4
303,560,396,128,16,0,280,396,192,32,0,0,99,96,24,0,0,0,16,8,0,0,0,0,1 # compose_4x6 r=0
251,0,0,0,0,255,255,0,0,0,96,192,96,0,0,16,48,48,16,0,1,4,6,4,1 # compose_4x6 r=0
1303,0,865,0,216,0,-841,0,-431,0,-72,0,212,0,72,0,6,0,-24,0,-4,0,0,0,1 # compose_4x6 r=0
255,0,0,0,0,0,-255,0,0,0,0,0,96,0,0,0,0,0,-16,0,0,0,0,0,1 # compose_4x6 r=0
39991,0,0,0,-40943,0,0,0,17479,0,0,0,-3983,0,0,0,511,0,0,0,-35,0,0,0,1 # compose_6x4 r=0
49,0,0,0,0,0,0,26,0,0,0,0,-13,0,4,0,0,0,0,-4,0,0,0,0,1 # compose_2x12 r=0
86,0,0,-220,0,0,106,0,0,120,0,0,-74,0,0,-40,0,0,12,0,0,8,0,0,1 # compose_4x6 r=4
1287,0,0,0,0,0,-862,0,0,0,0,0,216,0,0,0,0,0,-24,0,0,0,0,0,1 # compose_4x6 r=0
2,0,0,0,0,-4,0,0,0,0,1,0,-4,0,0,0,0,2,0,0,0,0,0,0,1 # compose_2x12 r=4
15628,37500,37500,20000,24750,38460,30064,12000,11775,15192,9000,2400,2740,3000,1200,160,375,300,60,0,30,12,0,0,1 # compose_6x4 r=0
7,0,0,0,0,0,0,0,-1,0,0,0,1,0,0,0,1,0,0,0,-2,0,0,0,1 # compose_2x12 r=0
15628,0,0,-37500,-18750,0,37500,37500,9375,-20000,-30000,-15000,3500,12000,9000,2040,-2025,-2400,-1136,-108,210,160,60,12,1 # compose_6x4 r=0
10,0,0,0,0,0,0,0,0,0,-16,0,-8,0,0,0,0,0,0,0,4,0,4,0,1 # compose_2x12 r=4
3,0,0,0,0,0,2,0,1,0,0,0,-12,0,-12,0,-3,0,8,0,12,0,6,0,1 # compose_3x8 r=0
271,0,0,0,264,0,-264,0,97,0,-194,0,113,0,-48,0,49,0,-20,0,6,0,-4,0,1 # compose_4x6 r=4
227,0,0,-240,0,0,-146,0,0,172,0,0,47,0,0,-44,0,0,-10,0,0,4,0,0,1 # compose_4x6 r=0
637,0,0,0,0,0,-502,0,0,0,0,0,150,0,0,0,0,0,-20,0,0,0,0,0,1 # compose_4x6 r=0
13,0,0,0,0,-12,0,0,0,0,4,0,6,0,0,0,0,-4,0,0,0,0,0,0,1 # compose_2x12 r=0
11,0,0,0,0,0,-23,0,0,0,0,0,19,0,0,0,0,0,-7,0,0,0,0,0,1 # compose_4x6 r=0
723,0,2914,0,3403,0,-540,0,-3105,0,-504,0,1324,0,168,0,-345,0,20,0,42,0,-12,0,1 # compose_6x4 r=4
782,0,0,-3024,1512,0,4932,-4932,1233,-4336,6504,-3252,2702,-4320,3240,-1656,1575,-1440,784,-372,258,-160,60,-12,1 # compose_6x4 r=0
63,0,0,0,-94,0,0,0,95,0,0,0,-56,0,0,0,24,0,0,0,-6,0,0,0,1 # compose_3x8 r=0
15998,0,0,0,18975,0,0,0,9420,0,0,0,2503,0,0,0,375,0,0,0,30,0,0,0,1 # compose_6x4 r=0
46663,0,0,0,-46657,0,0,0,19440,0,0,0,-4320,0,0,0,540,0,0,0,-36,0,0,0,1 # compose_6x4 r=0
2,0,0,0,0,0,0,0,0,0,-12,0,6,0,0,0,0,0,0,0,4,0,-4,0,1 # compose_2x12 r=4
15253,0,0,0,-18525,0,0,0,9330,0,0,0,-2497,0,0,0,375,0,0,0,-30,0,0,0,1 # compose_6x4 r=0
17,0,0,-18,0,0,4,0,0,0,0,0,9,0,0,-4,0,0,0,0,0,0,0,0,1 # compose_2x12 r=0
227,0,0,0,0,0,0,0,110,0,0,0,0,0,0,0,18,0,0,0,0,0,0,0,1 # compose_3x8 r=0
83,0,0,0,0,-109,-109,0,0,0,54,108,54,0,0,-12,-36,-36,-12,0,1,4,6,4,1 # compose_4x6 r=4
11,0,0,0,0,0,0,-15,15,0,0,0,0,0,6,-12,6,0,0,0,0,-1,3,-3,1 # compose_3x8 r=0
71,0,0,-100,0,0,48,0,50,-8,0,-48,0,0,12,0,12,0,0,-6,0,0,0,0,1 # compose_3x8 r=0
265,0,0,0,-259,0,259,0,96,0,-192,0,80,0,48,0,-47,0,12,0,6,0,-4,0,1 # compose_4x6 r=0
5,0,0,6,0,0,3,0,6,1,0,6,0,0,3,0,3,0,0,3,0,0,0,0,1 # compose_3x8 r=0
653,1020,604,160,16,0,-510,-604,-240,-32,0,0,151,120,24,0,0,0,-20,-8,0,0,0,0,1 # compose_4x6 r=0
653,0,0,0,0,-1020,-510,0,0,0,604,604,151,0,0,-160,-240,-120,-20,0,16,32,24,8,1 # compose_4x6 r=0
206,0,0,232,0,0,-139,0,0,-170,0,0,46,0,0,44,0,0,-10,0,0,-4,0,0,1 # compose_4x6 r=4
243,0,0,0,0,0,-253,0,0,0,0,0,96,0,0,0,0,0,-16,0,0,0,0,0,1 # compose_4x6 r=4
37,0,0,0,0,0,0,0,0,0,0,0,12,0,0,0,0,0,0,0,0,0,0,0,1 # compose_2x12 r=0
259,0,257,0,96,0,-241,0,-191,0,-48,0,92,0,48,0,6,0,-16,0,-4,0,0,0,1 # compose_4x6 r=4
2,0,0,-6,-3,0,48,48,12,-152,-228,-114,221,480,360,-72,-465,-480,-176,132,234,160,60,12,1 # compose_6x4 r=0
48,30,4,0,0,0,0,0,0,0,0,0,-15,-4,0,0,0,0,0,0,0,0,0,0,1 # compose_2x12 r=4
15752,0,0,0,-18825,0,0,0,9390,0,0,0,-2501,0,0,0,375,0,0,0,-30,0,0,0,1 # compose_6x4 r=0
577,0,0,0,0,0,-480,0,0,0,0,0,148,0,0,0,0,0,-20,0,0,0,0,0,1 # compose_4x6 r=0
22,0,0,0,0,0,0,0,0,0,-20,0,10,0,0,0,0,0,0,0,4,0,-4,0,1 # compose_2x12 r=4
5,0,0,24,-12,0,84,-84,21,176,-264,132,218,-480,360,72,-465,480,-176,-132,234,-160,60,-12,1 # compose_6x4 r=0
15633,0,0,0,18752,0,0,0,9375,0,0,0,2500,0,0,0,375,0,0,0,30,0,0,0,1 # compose_6x4 r=0
1283,0,0,0,-1724,0,862,0,864,0,-864,0,24,0,288,0,-128,0,-8,0,24,0,-8,0,1 # compose_4x6 r=0
59,0,0,180,-180,0,234,-468,234,159,-477,477,-99,-240,360,-228,0,120,-119,54,3,-20,15,-6,1 # compose_6x4 r=0
65,0,0,0,0,0,-98,0,49,0,0,0,48,0,-48,0,12,0,-8,0,12,0,-6,0,1 # compose_3x8 r=0
7,0,0,0,0,0,0,0,0,0,-7,0,-7,0,0,0,0,0,0,0,1,0,2,0,1 # compose_2x12 r=4
254,0,0,0,0,0,255,0,0,0,0,0,96,0,0,0,0,0,16,0,0,0,0,0,1 # compose_4x6 r=0
23,0,0,0,-11,0,0,0,1,0,0,0,-11,0,0,0,2,0,0,0,0,0,0,0,1 # compose_2x12 r=4
11,0,0,0,12,0,0,0,4,0,0,0,6,0,0,0,4,0,0,0,0,0,0,0,1 # compose_2x12 r=0
5,20,40,40,16,0,10,40,60,32,0,0,10,30,24,0,0,0,5,8,0,0,0,0,1 # compose_4x6 r=0
46637,0,-93306,0,124413,0,-112320,0,79920,0,-44352,0,20224,0,-7392,0,2220,0,-520,0,96,0,-12,0,1 # compose_6x4 r=0
262,0,0,0,516,0,258,0,384,0,384,0,224,0,192,0,112,0,48,0,24,0,8,0,1 # compose_4x6 r=0
267,-516,384,-128,16,0,258,-384,192,-32,0,0,96,-96,24,0,0,0,16,-8,0,0,0,0,1 # compose_4x6 r=0
15628,0,18750,0,28125,0,21250,0,17250,0,9030,0,4901,0,1806,0,690,0,170,0,45,0,6,0,1 # compose_6x4 r=0
15497,0,0,18675,-18675,0,9360,-18720,9360,2499,-7497,7497,-2124,-1500,2250,-1470,225,300,-299,144,-15,-20,15,-6,1 # compose_6x4 r=4
4107,0,0,0,6146,0,0,0,3840,0,0,0,1280,0,0,0,240,0,0,0,24,0,0,0,1 # compose_6x4 r=0
54,0,0,0,0,0,0,46,46,0,0,0,0,0,12,24,12,0,0,0,0,1,3,3,1 # compose_3x8 r=0
647,0,0,0,0,0,510,0,0,0,0,0,151,0,0,0,0,0,20,0,0,0,0,0,1 # compose_4x6 r=0
699,0,0,-1431,-1431,0,1206,2412,1206,-539,-1617,-1617,-404,540,810,522,45,-180,-179,-84,-3,20,15,6,1 # compose_6x4 r=4
12,0,0,-18,0,0,4,0,0,0,0,0,-9,0,0,4,0,0,0,0,0,0,0,0,1 # compose_2x12 r=4
3905,0,0,12000,6000,0,15216,15216,3804,10216,15324,7662,5117,7680,5760,2688,2160,1920,1024,432,264,160,60,12,1 # compose_6x4 r=0
109,0,0,0,0,0,0,0,72,0,0,0,0,0,0,0,15,0,0,0,0,0,0,0,1 # compose_3x8 r=0
46664,0,0,46657,46657,0,19440,38880,19440,4320,12960,12960,4860,2160,3240,2196,720,360,361,186,51,20,15,6,1 # compose_6x4 r=0
34,0,0,0,0,0,0,-26,0,0,0,0,13,0,4,0,0,0,0,-4,0,0,0,0,1 # compose_2x12 r=0
29,0,0,0,0,0,0,0,0,0,0,0,10,0,0,0,0,0,0,0,0,0,0,0,1 # compose_2x12 r=0
2,0,-15,0,9,0,25,0,-30,0,-15,0,38,0,6,0,-30,0,-10,0,9,0,6,0,1 # compose_6x4 r=4
122,-75,15,-1,0,0,0,0,75,-30,3,0,0,0,0,0,15,-3,0,0,0,0,0,0,1 # compose_3x8 r=0
5461,0,0,0,7737,0,0,0,4589,0,0,0,1457,0,0,0,261,0,0,0,25,0,0,0,1 # compose_6x4 r=0
138,78,15,1,0,0,0,0,78,30,3,0,0,0,0,0,15,3,0,0,0,0,0,0,1 # compose_3x8 r=0
73,0,0,204,-204,0,246,-492,246,161,-483,483,-101,-240,360,-228,0,120,-119,54,3,-20,15,-6,1 # compose_6x4 r=0
1555,0,0,0,0,0,985,0,0,0,0,0,235,0,0,0,0,0,25,0,0,0,0,0,1 # compose_4x6 r=0
4102,0,6145,0,9985,0,8960,0,7920,0,4824,0,2841,0,1206,0,495,0,140,0,39,0,6,0,1 # compose_6x4 r=0
241,0,-248,0,95,0,232,0,-189,0,48,0,91,0,-48,0,6,0,16,0,-4,0,0,0,1 # compose_4x6 r=0
1311,0,0,1734,0,0,-3,0,0,-672,0,0,-56,0,0,112,0,0,0,0,0,-8,0,0,1 # compose_4x6 r=4
257,0,0,0,0,-512,256,0,0,0,384,-384,96,0,0,-128,192,-96,16,0,16,-32,24,-8,1 # compose_4x6 r=0
77,0,106,0,54,0,118,0,109,0,36,0,58,0,36,0,6,0,12,0,4,0,0,0,1 # compose_4x6 r=0
57,0,0,-189,189,0,240,-480,240,-160,480,-480,220,-240,360,-252,120,-120,121,-66,27,-20,15,-6,1 # compose_6x4 r=0
19,0,0,0,0,0,0,0,0,0,0,0,-6,0,0,0,0,0,0,0,0,0,0,0,1 # compose_2x12 r=0
247,0,0,0,254,0,254,0,96,0,192,0,112,0,48,0,49,0,20,0,6,0,4,0,1 # compose_4x6 r=0
21,0,-18,0,4,0,0,0,0,0,0,0,-9,0,4,0,0,0,0,0,0,0,0,0,1 # compose_2x12 r=0
24,0,0,0,0,0,27,0,27,0,0,0,9,0,18,0,9,0,1,0,3,0,3,0,1 # compose_3x8 r=0
13,0,0,0,0,-56,-28,0,0,0,92,92,23,0,0,-64,-96,-48,-8,0,16,32,24,8,1 # compose_4x6 r=0
207,0,0,0,0,0,0,0,107,0,0,0,0,0,0,0,18,0,0,0,0,0,0,0,1 # compose_3x8 r=0
11,0,0,0,0,0,0,13,13,0,0,0,0,0,6,12,6,0,0,0,0,1,3,3,1 # compose_3x8 r=0
25,0,0,0,0,0,0,0,-9,0,0,0,9,0,0,0,1,0,0,0,-2,0,0,0,1 # compose_2x12 r=0
627,0,0,0,0,0,-500,0,0,0,0,0,150,0,0,0,0,0,-20,0,0,0,0,0,1 # compose_4x6 r=0
50,0,0,0,0,0,0,0,0,0,0,0,14,0,0,0,0,0,0,0,0,0,0,0,1 # compose_2x12 r=0
46005,0,46332,0,-26946,0,-34455,0,6975,0,10827,0,-1256,0,-1806,0,195,0,160,0,-21,0,-6,0,1 # compose_6x4 r=4
13,0,0,0,0,0,0,0,0,0,-20,0,10,0,0,0,0,0,0,0,4,0,-4,0,1 # compose_2x12 r=4
3967,0,0,0,6048,0,0,0,3816,0,0,0,1278,0,0,0,240,0,0,0,24,0,0,0,1 # compose_6x4 r=0
4,0,0,0,3,0,0,0,1,0,0,0,-3,0,0,0,-2,0,0,0,0,0,0,0,1 # compose_2x12 r=0
65,0,0,0,0,49,0,0,49,0,12,0,0,24,0,1,12,0,3,0,0,3,0,0,1 # compose_3x8 r=0
59,30,4,0,0,0,0,0,0,0,0,0,-15,-4,0,0,0,0,0,0,0,0,0,0,1 # compose_2x12 r=0
137,156,60,8,0,0,0,0,78,60,12,0,0,0,0,0,15,6,0,0,0,0,0,0,1 # compose_3x8 r=0
34,0,-26,0,4,0,0,0,0,0,0,0,13,0,-4,0,0,0,0,0,0,0,0,0,1 # compose_2x12 r=0
74,0,0,0,0,50,0,0,50,0,12,0,0,24,0,1,12,0,3,0,0,3,0,0,1 # compose_3x8 r=0
649,0,0,0,0,0,-510,0,0,0,0,0,151,0,0,0,0,0,-20,0,0,0,0,0,1 # compose_4x6 r=4
47091,0,0,0,46872,0,0,0,19476,0,0,0,4322,0,0,0,540,0,0,0,36,0,0,0,1 # compose_6x4 r=0
4086,0,0,0,6142,0,0,0,3840,0,0,0,1280,0,0,0,240,0,0,0,24,0,0,0,1 # compose_6x4 r=0
47,0,24,0,4,0,0,0,0,0,0,0,-12,0,-4,0,0,0,0,0,0,0,0,0,1 # compose_2x12 r=0
9,0,0,0,0,0,0,0,0,0,0,14,-7,0,0,0,0,0,0,0,0,0,4,-4,1 # compose_2x12 r=4
61,0,0,0,0,0,94,0,47,0,0,0,48,0,48,0,12,0,8,0,12,0,6,0,1 # compose_3x8 r=0
17,0,0,0,62,0,31,0,96,0,96,0,88,0,96,0,64,0,40,0,24,0,8,0,1 # compose_4x6 r=0
1226,840,214,24,1,0,840,428,72,4,0,0,214,72,6,0,0,0,24,4,0,0,0,0,1 # compose_4x6 r=0
223,0,0,0,-240,0,240,0,94,0,-188,0,78,0,48,0,-47,0,12,0,6,0,-4,0,1 # compose_4x6 r=0
102,0,0,0,0,0,120,0,0,0,0,0,56,0,0,0,0,0,12,0,0,0,0,0,1 # compose_4x6 r=0
43,-270,716,-1016,951,-1068,1588,-1632,1059,-954,1224,-880,367,-408,440,-160,51,-110,60,0,11,-12,0,0,1 # compose_6x4 r=0
734,0,-1459,0,2674,0,-2970,0,2970,0,-2178,0,1441,0,-726,0,330,0,-110,0,33,0,-6,0,1 # compose_6x4 r=0
83,0,0,0,0,108,108,0,0,0,54,108,54,0,0,12,36,36,12,0,1,4,6,4,1 # compose_4x6 r=0
46869,0,0,0,46764,0,0,0,19458,0,0,0,4321,0,0,0,540,0,0,0,36,0,0,0,1 # compose_6x4 r=0
29,0,0,0,0,0,0,0,0,-20,0,0,10,0,0,0,0,0,4,0,0,-4,0,0,1 # compose_2x12 r=0
573,0,960,0,592,0,640,0,608,0,240,0,180,0,120,0,24,0,20,0,8,0,0,0,1 # compose_4x6 r=0
47,0,0,0,0,0,0,0,0,-28,0,0,14,0,0,0,0,0,4,0,0,-4,0,0,1 # compose_2x12 r=0
5,0,0,0,0,0,24,0,12,0,0,0,24,0,24,0,6,0,8,0,12,0,6,0,1 # compose_3x8 r=0
15628,0,-18750,0,-9375,0,16250,0,2250,0,-6030,0,-399,0,1206,0,90,0,-130,0,-15,0,6,0,1 # compose_6x4 r=0
46658,0,-46656,0,-27216,0,34560,0,7020,0,-10836,0,-1259,0,1806,0,195,0,-160,0,-21,0,6,0,1 # compose_6x4 r=0
22,0,0,0,-22,0,0,0,4,0,0,0,-11,0,0,0,4,0,0,0,0,0,0,0,1 # compose_2x12 r=4
627,501,150,20,1,0,501,300,60,4,0,0,150,60,6,0,0,0,20,4,0,0,0,0,1 # compose_4x6 r=0
15499,0,0,0,-18675,0,0,0,9360,0,0,0,-2499,0,0,0,375,0,0,0,-30,0,0,0,1 # compose_6x4 r=4
1,0,0,0,4,0,-2,0,16,0,-16,0,28,0,-36,0,34,0,-35,0,24,0,-8,0,1 # compose_4x6 r=0
35,0,0,0,0,0,0,0,0,0,0,0,-13,0,0,0,0,0,0,0,0,0,0,0,1 # compose_2x12 r=4
109,0,0,0,0,126,-126,0,0,0,57,-114,57,0,0,12,-36,36,-12,0,1,-4,6,-4,1 # compose_4x6 r=0
11,0,0,0,0,0,0,14,14,0,0,0,0,0,6,12,6,0,0,0,0,1,3,3,1 # compose_3x8 r=0
19,0,0,18,0,0,4,0,0,0,0,0,9,0,0,4,0,0,0,0,0,0,0,0,1 # compose_2x12 r=0
13,0,0,0,0,0,-29,0,0,0,0,0,24,0,0,0,0,0,-8,0,0,0,0,0,1 # compose_4x6 r=0
646,0,-2754,0,3375,0,456,0,-3096,0,522,0,1327,0,-168,0,-345,0,-20,0,42,0,12,0,1 # compose_6x4 r=4
46006,46332,19386,4317,-45792,-38736,-12950,-2160,19206,12945,3240,360,-4302,-2160,-360,-20,540,180,15,0,-36,-6,0,0,1 # compose_6x4 r=4
15501,0,-18675,0,-9315,0,16221,0,2238,0,-6027,0,-398,0,1206,0,90,0,-130,0,-15,0,6,0,1 # compose_6x4 r=0
678,0,0,0,1040,0,-520,0,608,0,-608,0,312,0,-240,0,136,0,-52,0,24,0,-8,0,1 # compose_4x6 r=0
18,0,0,0,0,-50,0,0,25,0,36,0,0,-36,0,-8,9,0,12,0,0,-6,0,0,1 # compose_3x8 r=0
245,0,0,0,0,-506,-253,0,0,0,384,384,96,0,0,-128,-192,-96,-16,0,16,32,24,8,1 # compose_4x6 r=4
43,0,0,0,135,0,0,0,179,0,0,0,127,0,0,0,51,0,0,0,11,0,0,0,1 # compose_6x4 r=0
43,0,0,0,0,0,-26,0,0,0,0,0,-9,0,0,0,0,0,4,0,0,0,0,0,1 # compose_2x12 r=0
2,0,0,0,0,0,0,0,0,0,0,-7,-7,0,0,0,0,0,0,0,0,0,1,2,1 # compose_2x12 r=4
46647,0,0,0,46654,0,0,0,19440,0,0,0,4320,0,0,0,540,0,0,0,36,0,0,0,1 # compose_6x4 r=0
29,0,0,0,0,0,0,0,20,0,0,0,-10,0,0,0,4,0,0,0,-4,0,0,0,1 # compose_2x12 r=0
207,0,0,0,-464,0,232,0,372,0,-372,0,-35,0,192,0,-80,0,-16,0,24,0,-8,0,1 # compose_4x6 r=0
1,0,0,0,-3,0,0,0,9,0,0,0,-13,0,0,0,11,0,0,0,-5,0,0,0,1 # compose_6x4 r=0
305,0,280,0,99,0,296,0,199,0,48,0,103,0,48,0,6,0,16,0,4,0,0,0,1 # compose_4x6 r=0
73,0,0,0,210,0,-105,0,216,0,-216,0,150,0,-144,0,88,0,-44,0,24,0,-8,0,1 # compose_4x6 r=4
58,0,0,0,0,0,94,0,47,0,0,0,48,0,48,0,12,0,8,0,12,0,6,0,1 # compose_3x8 r=0
237,0,222,0,72,0,8,0,111,0,72,0,12,0,0,0,18,0,6,0,0,0,0,0,1 # compose_3x8 r=0
-7,0,0,0,0,0,0,0,0,0,0,-6,3,0,0,0,0,0,0,0,0,0,4,-4,1 # compose_2x12 r=4
4,0,0,0,0,0,0,0,0,0,0,7,-7,0,0,0,0,0,0,0,0,0,1,-2,1 # compose_2x12 r=4
43,0,0,0,-135,0,0,0,179,0,0,0,-127,0,0,0,51,0,0,0,-11,0,0,0,1 # compose_6x4 r=0
1259,0,0,0,0,-852,852,0,0,0,215,-430,215,0,0,-24,72,-72,24,0,1,-4,6,-4,1 # compose_4x6 r=0
69,0,0,0,0,0,0,0,49,0,0,0,0,0,0,0,12,0,0,0,0,0,0,0,1 # compose_3x8 r=0
46222,0,0,0,-46440,0,0,0,19404,0,0,0,-4318,0,0,0,540,0,0,0,-36,0,0,0,1 # compose_6x4 r=4
734,0,0,2918,-1459,0,4860,-4860,1215,4320,-6480,3240,1620,-4320,3240,-504,-1305,1440,-656,-12,222,-160,60,-12,1 # compose_6x4 r=0
23,0,0,0,0,0,0,0,0,0,0,0,-10,0,0,0,0,0,0,0,0,0,0,0,1 # compose_2x12 r=4
43,-30,4,0,0,0,0,0,0,0,0,0,15,-4,0,0,0,0,0,0,0,0,0,0,1 # compose_2x12 r=0
617,0,0,0,0,0,499,0,0,0,0,0,150,0,0,0,0,0,20,0,0,0,0,0,1 # compose_4x6 r=0
4097,0,0,0,6145,0,0,0,3840,0,0,0,1280,0,0,0,240,0,0,0,24,0,0,0,1 # compose_6x4 r=0
55,0,0,378,-189,0,960,-960,240,1280,-1920,960,800,-1920,1440,-96,-900,960,-416,-72,228,-160,60,-12,1 # compose_6x4 r=4
46664,0,0,0,46657,0,0,0,19440,0,0,0,4320,0,0,0,540,0,0,0,36,0,0,0,1 # compose_6x4 r=0
4,0,0,0,0,0,0,6,0,0,0,0,-3,0,4,0,0,0,0,-4,0,0,0,0,1 # compose_2x12 r=0
737,0,-1460,0,2675,0,-2970,0,2970,0,-2178,0,1441,0,-726,0,330,0,-110,0,33,0,-6,0,1 # compose_6x4 r=0
4161,0,0,-6192,-6192,0,3852,7704,3852,-1281,-3843,-3843,-1041,960,1440,936,120,-240,-239,-114,-9,20,15,6,1 # compose_6x4 r=0
17,0,0,0,0,0,0,0,0,0,0,-14,7,0,0,0,0,0,0,0,0,0,4,-4,1 # compose_2x12 r=0
2,0,0,0,0,0,0,0,0,0,6,0,-6,0,0,0,0,0,0,0,1,0,-2,0,1 # compose_2x12 r=4
219,0,0,0,0,0,0,0,108,0,0,0,0,0,0,0,18,0,0,0,0,0,0,0,1 # compose_3x8 r=0
15749,0,0,0,-18825,0,0,0,9390,0,0,0,-2501,0,0,0,375,0,0,0,-30,0,0,0,1 # compose_6x4 r=4
3902,0,0,-6000,-6000,0,3804,7608,3804,-1277,-3831,-3831,-1037,960,1440,936,120,-240,-239,-114,-9,20,15,6,1 # compose_6x4 r=4
5,0,0,12,0,0,6,0,12,1,0,12,0,0,3,0,6,0,0,3,0,0,0,0,1 # compose_3x8 r=0
25,0,0,0,0,0,0,-18,0,0,0,0,-9,0,4,0,0,0,0,4,0,0,0,0,1 # compose_2x12 r=0
247,0,0,0,508,0,-254,0,384,0,-384,0,224,0,-192,0,112,0,-48,0,24,0,-8,0,1 # compose_4x6 r=4
1304,0,0,0,0,0,-865,0,0,0,0,0,216,0,0,0,0,0,-24,0,0,0,0,0,1 # compose_4x6 r=0
15619,0,37498,0,56249,0,57500,0,45375,0,27960,0,13964,0,5592,0,1815,0,460,0,90,0,12,0,1 # compose_6x4 r=0
17,0,0,0,0,0,0,0,0,-10,0,0,10,0,0,0,0,0,1,0,0,-2,0,0,1 # compose_2x12 r=0
5,0,0,0,0,-5,5,0,0,0,6,-12,6,0,0,-4,12,-12,4,0,1,-4,6,-4,1 # compose_4x6 r=0
265,0,0,0,0,0,-259,0,0,0,0,0,96,0,0,0,0,0,-16,0,0,0,0,0,1 # compose_4x6 r=4
269,0,0,0,0,0,259,0,0,0,0,0,96,0,0,0,0,0,16,0,0,0,0,0,1 # compose_4x6 r=0
15751,37650,37560,20008,-12825,-36600,-29948,-12000,6990,14814,9000,2400,-2261,-3000,-1200,-160,375,300,60,0,-30,-12,0,0,1 # compose_6x4 r=0
617,-998,600,-160,16,0,499,-600,240,-32,0,0,150,-120,24,0,0,0,20,-8,0,0,0,0,1 # compose_4x6 r=0
42,0,0,0,0,0,0,28,0,0,0,0,-14,0,4,0,0,0,0,-4,0,0,0,0,1 # compose_2x12 r=4
12,0,0,0,0,0,0,6,0,0,0,0,-3,0,4,0,0,0,0,-4,0,0,0,0,1 # compose_2x12 r=0
674,0,0,0,0,0,-520,0,0,0,0,0,152,0,0,0,0,0,-20,0,0,0,0,0,1 # compose_4x6 r=4
4157,0,12384,0,21600,0,25656,0,23064,0,16134,0,9025,0,4032,0,1440,0,400,0,84,0,12,0,1 # compose_6x4 r=0
71,0,0,-388,194,0,960,-960,240,-1280,1920,-960,1120,-1920,1440,-864,1020,-960,544,-312,252,-160,60,-12,1 # compose_6x4 r=0
647,0,-1020,0,604,0,-670,0,620,0,-240,0,183,0,-120,0,24,0,-20,0,8,0,0,0,1 # compose_4x6 r=4
28,0,0,0,0,0,0,-24,0,0,0,0,-12,0,4,0,0,0,0,4,0,0,0,0,1 # compose_2x12 r=4
15,0,0,0,0,8,0,0,0,0,4,0,4,0,0,0,0,4,0,0,0,0,0,0,1 # compose_2x12 r=0
6,0,0,0,0,0,0,0,0,0,0,-8,-4,0,0,0,0,0,0,0,0,0,4,4,1 # compose_2x12 r=0
46227,-92880,77616,-34544,55080,-78768,51880,-17280,22284,-26100,12960,-2880,4558,-4320,1440,-160,540,-360,60,0,36,-12,0,0,1 # compose_6x4 r=0
205,0,0,0,0,0,-215,0,0,0,0,0,85,0,0,0,0,0,-15,0,0,0,0,0,1 # compose_4x6 r=0
1297,0,-864,0,216,0,-888,0,433,0,-72,0,220,0,-72,0,6,0,-24,0,4,0,0,0,1 # compose_4x6 r=0
697,0,0,0,0,0,530,0,0,0,0,0,153,0,0,0,0,0,20,0,0,0,0,0,1 # compose_4x6 r=0
22,0,0,0,0,0,0,0,0,0,0,0,9,0,0,0,0,0,0,0,0,0,0,0,1 # compose_2x12 r=0
15,0,0,0,0,5,0,0,0,0,1,0,-5,0,0,0,0,-2,0,0,0,0,0,0,1 # compose_2x12 r=0
87,0,0,0,-114,0,114,0,55,0,-110,0,43,0,36,0,-35,0,8,0,6,0,-4,0,1 # compose_4x6 r=0
29,0,0,0,0,24,0,0,0,0,4,0,12,0,0,0,0,4,0,0,0,0,0,0,1 # compose_2x12 r=0
57,0,0,0,0,0,0,0,47,0,0,0,0,0,0,0,12,0,0,0,0,0,0,0,1 # compose_3x8 r=0
46,0,0,0,0,0,0,0,0,26,0,0,-13,0,0,0,0,0,4,0,0,-4,0,0,1 # compose_2x12 r=0
90,0,0,0,0,110,-110,0,0,0,54,-108,54,0,0,12,-36,36,-12,0,1,-4,6,-4,1 # compose_4x6 r=0
15628,0,0,18750,-18750,0,9375,-18750,9375,2500,-7500,7500,-2125,-1500,2250,-1470,225,300,-299,144,-15,-20,15,-6,1 # compose_6x4 r=0
23,0,0,0,0,0,0,0,0,0,0,0,-9,0,0,0,0,0,0,0,0,0,0,0,1 # compose_2x12 r=0
64,0,0,-191,191,0,240,-480,240,-160,480,-480,220,-240,360,-252,120,-120,121,-66,27,-20,15,-6,1 # compose_6x4 r=0
5,0,0,0,0,0,0,12,12,0,0,0,0,0,6,12,6,0,0,0,0,1,3,3,1 # compose_3x8 r=0
46441,0,0,0,-46548,0,0,0,19422,0,0,0,-4319,0,0,0,540,0,0,0,-36,0,0,0,1 # compose_6x4 r=0
46673,0,0,-93318,-46659,0,77760,77760,19440,-34560,-51840,-25920,4320,17280,12960,3168,-2340,-2880,-1376,-168,204,160,60,12,1 # compose_6x4 r=4
27,0,0,0,-10,0,0,0,1,0,0,0,-10,0,0,0,2,0,0,0,0,0,0,0,1 # compose_2x12 r=0
46659,-46656,19440,-4320,-46116,38844,-12959,2160,19260,-12954,3240,-360,-4305,2160,-360,20,540,-180,15,0,-36,6,0,0,1 # compose_6x4 r=0
118,-148,60,-8,0,0,0,0,74,-60,12,0,0,0,0,0,15,-6,0,0,0,0,0,0,1 # compose_3x8 r=0
14,0,0,0,28,0,-28,0,23,0,-46,0,31,0,-24,0,25,0,-12,0,6,0,-4,0,1 # compose_4x6 r=0
46675,0,93318,0,124419,0,112320,0,79920,0,44352,0,20224,0,7392,0,2220,0,520,0,96,0,12,0,1 # compose_6x4 r=0
68,0,-195,0,435,0,-640,0,780,0,-732,0,581,0,-366,0,195,0,-80,0,27,0,-6,0,1 # compose_6x4 r=0
1293,0,0,0,0,0,864,0,0,0,0,0,216,0,0,0,0,0,24,0,0,0,0,0,1 # compose_4x6 r=0
61,0,0,0,0,0,-48,0,48,0,0,0,12,0,-24,0,12,0,-1,0,3,0,-3,0,1 # compose_3x8 r=0
4087,0,6142,0,-2302,0,-6400,0,240,0,2904,0,41,0,-726,0,15,0,100,0,-9,0,-6,0,1 # compose_6x4 r=4
7,0,0,0,0,0,11,0,11,0,0,0,6,0,12,0,6,0,1,0,3,0,3,0,1 # compose_3x8 r=0
3970,6048,3816,1278,6288,7656,3835,960,3936,3840,1440,240,1293,960,240,20,240,120,15,0,24,6,0,0,1 # compose_6x4 r=0
723,0,0,0,-1457,0,0,0,1215,0,0,0,-540,0,0,0,135,0,0,0,-18,0,0,0,1 # compose_6x4 r=4
19,0,0,0,0,0,0,0,0,0,0,0,-9,0,0,0,0,0,0,0,0,0,0,0,1 # compose_2x12 r=4
-3,0,9,18,15,-12,-53,-60,-21,48,90,60,-3,-60,-60,-20,15,30,15,0,-6,-6,0,0,1 # compose_6x4 r=4
267,0,0,0,0,-259,259,0,0,0,96,-192,96,0,0,-16,48,-48,16,0,1,-4,6,-4,1 # compose_4x6 r=0
13,0,0,0,0,-3,0,0,0,0,1,0,3,0,0,0,0,-2,0,0,0,0,0,0,1 # compose_2x12 r=0
3,0,0,0,-14,0,0,0,4,0,0,0,-7,0,0,0,4,0,0,0,0,0,0,0,1 # compose_2x12 r=4
19531,0,0,22461,22461,0,10791,21582,10791,2771,8313,8313,3172,1604,2406,1635,556,310,311,161,46,20,15,6,1 # compose_6x4 r=0
18,0,0,0,0,0,0,0,0,0,0,0,-6,0,0,0,0,0,0,0,0,0,0,0,1 # compose_2x12 r=0
14,0,-20,0,4,0,0,0,0,0,0,0,-10,0,4,0,0,0,0,0,0,0,0,0,1 # compose_2x12 r=4
1306,0,0,0,0,0,866,0,0,0,0,0,216,0,0,0,0,0,24,0,0,0,0,0,1 # compose_4x6 r=0
15623,0,0,0,18750,0,0,0,9375,0,0,0,2500,0,0,0,375,0,0,0,30,0,0,0,1 # compose_6x4 r=0
15248,-37050,37320,-19976,24525,-38280,30028,-12000,11730,-15174,9000,-2400,2737,-3000,1200,-160,375,-300,60,0,30,-12,0,0,1 # compose_6x4 r=0
1,0,0,0,0,0,0,0,10,0,0,0,-5,0,0,0,4,0,0,0,-4,0,0,0,1 # compose_2x12 r=4
20,0,-11,0,1,0,0,0,0,0,0,0,-11,0,2,0,0,0,0,0,0,0,0,0,1 # compose_2x12 r=4
4,0,0,0,0,0,5,0,0,0,0,0,6,0,0,0,0,0,4,0,0,0,0,0,1 # compose_4x6 r=0
4226,-6240,3864,-1282,-6000,7704,-3845,960,3744,-3840,1440,-240,-1267,960,-240,20,240,-120,15,0,-24,6,0,0,1 # compose_6x4 r=0
3903,0,0,6000,6000,0,3804,7608,3804,1277,3831,3831,1517,960,1440,984,360,240,241,126,39,20,15,6,1 # compose_6x4 r=0
617,0,498,0,150,0,-478,0,-299,0,-60,0,146,0,60,0,6,0,-20,0,-4,0,0,0,1 # compose_4x6 r=0
633,0,0,0,0,0,501,0,0,0,0,0,150,0,0,0,0,0,20,0,0,0,0,0,1 # compose_4x6 r=0
15638,0,0,0,-18753,0,0,0,9375,0,0,0,-2500,0,0,0,375,0,0,0,-30,0,0,0,1 # compose_6x4 r=4
4106,0,0,6146,-6146,0,3840,-7680,3840,1280,-3840,3840,-1040,-960,1440,-936,120,240,-239,114,-9,-20,15,-6,1 # compose_6x4 r=0
-1,0,0,2,0,0,1,0,0,0,0,0,-2,0,0,-2,0,0,0,0,0,0,0,0,1 # compose_2x12 r=4
29,0,0,0,10,0,0,0,1,0,0,0,10,0,0,0,2,0,0,0,0,0,0,0,1 # compose_2x12 r=0
1317,0,0,0,0,0,867,0,0,0,0,0,216,0,0,0,0,0,24,0,0,0,0,0,1 # compose_4x6 r=0
726,1456,1215,540,1591,2448,1621,540,1305,1626,810,180,555,540,180,20,135,90,15,0,18,6,0,0,1 # compose_6x4 r=0
75,0,-107,0,54,0,-119,0,109,0,-36,0,58,0,-36,0,6,0,-12,0,4,0,0,0,1 # compose_4x6 r=4
4089,0,0,0,-6143,0,0,0,3840,0,0,0,-1280,0,0,0,240,0,0,0,-24,0,0,0,1 # compose_6x4 r=4
82,0,0,-216,-216,0,252,504,252,-162,-486,-486,-102,240,360,228,0,-120,-119,-54,3,20,15,6,1 # compose_6x4 r=0
651,0,-2754,0,6129,0,-9048,0,9792,0,-8118,0,5281,0,-2712,0,1095,0,-340,0,78,0,-12,0,1 # compose_6x4 r=0
14,0,0,0,0,0,0,0,0,0,0,0,10,0,0,0,0,0,0,0,0,0,0,0,1 # compose_2x12 r=0
9,0,0,0,0,0,0,0,0,0,-1,0,-1,0,0,0,0,0,0,0,1,0,2,0,1 # compose_2x12 r=0
15,0,7,0,1,0,0,0,0,0,0,0,7,0,2,0,0,0,0,0,0,0,0,0,1 # compose_2x12 r=0
138,0,0,0,0,-156,0,0,78,0,60,0,0,-60,0,-8,15,0,12,0,0,-6,0,0,1 # compose_3x8 r=0
136,0,77,0,15,0,1,0,77,0,30,0,3,0,0,0,15,0,3,0,0,0,0,0,1 # compose_3x8 r=0
20,0,0,0,14,0,0,0,4,0,0,0,-7,0,0,0,-4,0,0,0,0,0,0,0,1 # compose_2x12 r=0
1293,0,0,0,0,-1728,864,0,0,0,864,-864,216,0,0,-192,288,-144,24,0,16,-32,24,-8,1 # compose_4x6 r=0
2,0,0,0,15,0,0,0,24,0,0,0,23,0,0,0,15,0,0,0,6,0,0,0,1 # compose_6x4 r=0
93,0,0,0,0,-111,-111,0,0,0,54,108,54,0,0,-12,-36,-36,-12,0,1,4,6,4,1 # compose_4x6 r=0
15639,0,0,-37506,18753,0,37500,-37500,9375,-20000,30000,-15000,8500,-12000,9000,-3960,2775,-2400,1264,-492,270,-160,60,-12,1 # compose_6x4 r=0
10,0,0,0,0,0,0,0,4,0,0,0,-2,0,0,0,4,0,0,0,-4,0,0,0,1 # compose_2x12 r=0
47303,-93960,77976,-34584,55620,-79128,51940,-17280,22374,-26130,12960,-2880,4563,-4320,1440,-160,540,-360,60,0,36,-12,0,0,1 # compose_6x4 r=0
91,-222,216,-96,16,0,-111,216,-144,32,0,0,54,-72,24,0,0,0,-12,8,0,0,0,0,1 # compose_4x6 r=4
21,0,0,0,0,0,0,9,0,0,0,0,-9,0,1,0,0,0,0,-2,0,0,0,0,1 # compose_2x12 r=0
221,0,0,0,0,0,0,0,109,0,0,0,0,0,0,0,18,0,0,0,0,0,0,0,1 # compose_3x8 r=0
731,0,-2918,0,3401,0,540,0,-3105,0,504,0,1324,0,-168,0,-345,0,-20,0,42,0,12,0,1 # compose_6x4 r=4
10,0,0,0,0,0,0,12,0,0,0,0,-6,0,4,0,0,0,0,-4,0,0,0,0,1 # compose_2x12 r=0
786,0,0,0,-1512,0,0,0,1233,0,0,0,-542,0,0,0,135,0,0,0,-18,0,0,0,1 # compose_6x4 r=0
3,0,0,0,-3,0,-3,0,6,0,12,0,2,0,-12,0,-11,0,0,0,6,0,4,0,1 # compose_4x6 r=0
5,10,10,5,1,0,10,20,15,4,0,0,10,15,6,0,0,0,5,4,0,0,0,0,1 # compose_4x6 r=0
46437,0,0,0,-46548,0,0,0,19422,0,0,0,-4319,0,0,0,540,0,0,0,-36,0,0,0,1 # compose_6x4 r=4
19,0,0,0,0,0,0,12,0,0,0,0,-6,0,4,0,0,0,0,-4,0,0,0,0,1 # compose_2x12 r=0
29,0,0,0,0,0,0,0,0,0,0,-12,12,0,0,0,0,0,0,0,0,0,1,-2,1 # compose_2x12 r=0
222,0,0,0,0,0,-240,0,0,0,0,0,94,0,0,0,0,0,-16,0,0,0,0,0,1 # compose_4x6 r=4
78,0,0,0,0,51,0,0,51,0,12,0,0,24,0,1,12,0,3,0,0,3,0,0,1 # compose_3x8 r=0
30,0,0,0,0,0,-12,0,0,0,0,0,13,0,0,0,0,0,-2,0,0,0,0,0,1 # compose_2x12 r=0
14,0,0,0,0,0,0,-6,0,0,0,0,-6,0,1,0,0,0,0,2,0,0,0,0,1 # compose_2x12 r=0
117,0,0,0,0,0,0,0,73,0,0,0,0,0,0,0,15,0,0,0,0,0,0,0,1 # compose_3x8 r=0
236,0,0,0,-222,0,0,0,183,0,0,0,-80,0,0,0,30,0,0,0,-6,0,0,0,1 # compose_3x8 r=0
27,0,0,0,0,0,0,0,0,0,22,0,-11,0,0,0,0,0,0,0,4,0,-4,0,1 # compose_2x12 r=4
269,0,0,0,0,0,264,0,0,0,0,0,97,0,0,0,0,0,16,0,0,0,0,0,1 # compose_4x6 r=0
21,0,0,0,-70,0,35,0,96,0,-96,0,-40,0,96,0,-32,0,-24,0,24,0,-8,0,1 # compose_4x6 r=0
254,0,0,0,0,0,256,0,0,0,0,0,96,0,0,0,0,0,16,0,0,0,0,0,1 # compose_4x6 r=0
3,0,0,0,4,0,-4,0,6,0,-12,0,10,0,-12,0,13,0,-8,0,6,0,-4,0,1 # compose_4x6 r=0
7,0,0,0,0,10,0,0,0,0,4,0,5,0,0,0,0,4,0,0,0,0,0,0,1 # compose_2x12 r=0
213,0,0,0,0,0,0,0,108,0,0,0,0,0,0,0,18,0,0,0,0,0,0,0,1 # compose_3x8 r=0
609,0,0,0,497,0,-497,0,150,0,-300,0,170,0,-60,0,61,0,-24,0,6,0,-4,0,1 # compose_4x6 r=4
213,0,0,0,0,0,-216,0,108,0,0,0,72,0,-72,0,18,0,-8,0,12,0,-6,0,1 # compose_3x8 r=0
21,0,0,0,0,16,0,0,0,0,4,0,-8,0,0,0,0,-4,0,0,0,0,0,0,1 # compose_2x12 r=0
46441,0,0,46548,46548,0,19422,38844,19422,4319,12957,12957,4859,2160,3240,2196,720,360,361,186,51,20,15,6,1 # compose_6x4 r=0
3,0,0,-1,0,0,1,0,0,0,0,0,-1,0,0,2,0,0,0,0,0,0,0,0,1 # compose_2x12 r=0
1287,0,862,0,216,0,886,0,433,0,72,0,220,0,72,0,6,0,24,0,4,0,0,0,1 # compose_4x6 r=0
61,189,240,160,249,492,481,240,300,486,360,120,175,240,120,20,60,60,15,0,12,6,0,0,1 # compose_6x4 r=0
29,0,0,0,24,0,0,0,4,0,0,0,-12,0,0,0,-4,0,0,0,0,0,0,0,1 # compose_2x12 r=4
46677,0,0,-46659,-46659,0,19440,38880,19440,-4320,-12960,-12960,-3780,2160,3240,2124,360,-360,-359,-174,-21,20,15,6,1 # compose_6x4 r=0
5461,0,7737,0,12326,0,10635,0,9221,0,5440,0,3149,0,1300,0,526,0,145,0,40,0,6,0,1 # compose_6x4 r=0
267,0,0,0,0,0,259,0,0,0,0,0,96,0,0,0,0,0,16,0,0,0,0,0,1 # compose_4x6 r=0
13,0,0,0,-31,0,-31,0,24,0,48,0,16,0,-24,0,-23,0,-4,0,6,0,4,0,1 # compose_4x6 r=4
133,154,60,8,0,0,0,0,77,60,12,0,0,0,0,0,15,6,0,0,0,0,0,0,1 # compose_3x8 r=0
43,-15,1,0,0,0,0,0,0,0,0,0,-15,2,0,0,0,0,0,0,0,0,0,0,1 # compose_2x12 r=4
245,0,0,0,0,253,253,0,0,0,96,192,96,0,0,16,48,48,16,0,1,4,6,4,1 # compose_4x6 r=0
735,-2918,4860,-4320,701,4284,-6416,4320,-225,-3048,3240,-1440,-300,1080,-720,160,135,-180,60,0,-18,12,0,0,1 # compose_6x4 r=0
31,0,0,0,0,0,0,0,0,0,-22,0,11,0,0,0,0,0,0,0,4,0,-4,0,1 # compose_2x12 r=0
3,0,0,0,8,0,4,0,24,0,24,0,38,0,48,0,40,0,36,0,24,0,8,0,1 # compose_4x6 r=0
3,0,0,0,0,0,0,0,0,0,0,-4,2,0,0,0,0,0,0,0,0,0,4,-4,1 # compose_2x12 r=0
46671,0,0,0,-46659,0,0,0,19440,0,0,0,-4320,0,0,0,540,0,0,0,-36,0,0,0,1 # compose_6x4 r=4
64,30,4,0,0,0,0,0,0,0,0,0,-15,-4,0,0,0,0,0,0,0,0,0,0,1 # compose_2x12 r=0
127,0,0,-642,-321,0,1404,1404,351,-1672,-2508,-1254,927,2272,1704,152,-969,-1040,-456,62,227,160,60,12,1 # compose_6x4 r=0
71,0,-102,0,53,0,90,0,-105,0,36,0,49,0,-36,0,6,0,12,0,-4,0,0,0,1 # compose_4x6 r=0
613,0,0,0,0,0,-498,0,0,0,0,0,150,0,0,0,0,0,-20,0,0,0,0,0,1 # compose_4x6 r=4
549,0,0,0,0,940,-470,0,0,0,588,-588,147,0,0,160,-240,120,-20,0,16,-32,24,-8,1 # compose_4x6 r=4
4087,-12282,15360,-10240,-2301,14592,-15296,7680,1920,-7488,5760,-1920,-1040,1920,-960,160,240,-240,60,0,-24,12,0,0,1 # compose_6x4 r=0
42,0,0,0,0,0,-28,0,0,0,0,0,18,0,0,0,0,0,-4,0,0,0,0,0,1 # compose_2x12 r=0
9,0,0,0,0,0,0,0,0,0,0,7,-7,0,0,0,0,0,0,0,0,0,1,-2,1 # compose_2x12 r=4
17,0,0,0,0,0,36,0,0,0,0,0,25,0,0,0,0,0,8,0,0,0,0,0,1 # compose_4x6 r=0
1331,0,-876,0,217,0,-900,0,435,0,-72,0,221,0,-72,0,6,0,-24,0,4,0,0,0,1 # compose_4x6 r=4
7,0,0,9,0,0,1,0,0,0,0,0,9,0,0,2,0,0,0,0,0,0,0,0,1 # compose_2x12 r=0
37,0,0,0,0,0,0,0,0,0,-11,0,11,0,0,0,0,0,0,0,1,0,-2,0,1 # compose_2x12 r=0
41,0,0,-12,0,0,1,0,0,0,0,0,12,0,0,-2,0,0,0,0,0,0,0,0,1 # compose_2x12 r=0
73,0,0,0,51,0,0,0,63,0,0,0,25,0,0,0,15,0,0,0,3,0,0,0,1 # compose_3x8 r=0
137,0,0,0,0,0,-78,0,78,0,0,0,15,0,-30,0,15,0,-1,0,3,0,-3,0,1 # compose_3x8 r=0
227,0,0,0,0,0,-240,0,0,0,0,0,94,0,0,0,0,0,-16,0,0,0,0,0,1 # compose_4x6 r=0
249,510,384,128,16,0,-255,-384,-192,-32,0,0,96,96,24,0,0,0,-16,-8,0,0,0,0,1 # compose_4x6 r=4
226,0,-110,0,18,0,-1,0,110,0,-36,0,3,0,0,0,18,0,-3,0,0,0,0,0,1 # compose_3x8 r=0
628,-500,150,-20,1,0,500,-300,60,-4,0,0,150,-60,6,0,0,0,20,-4,0,0,0,0,1 # compose_4x6 r=0
1227,0,840,0,214,0,864,0,429,0,72,0,218,0,72,0,6,0,24,0,4,0,0,0,1 # compose_4x6 r=0
15999,18975,9420,2503,19350,18870,7510,1500,9570,7515,2250,300,2518,1500,300,20,375,150,15,0,30,6,0,0,1 # compose_6x4 r=0
46006,0,0,92664,-46332,0,77544,-77544,19386,34536,-51804,25902,4323,-17280,12960,-3168,-2340,2880,-1376,168,204,-160,60,-12,1 # compose_6x4 r=4
-1,0,0,-14,-7,0,60,60,15,-160,-240,-120,220,480,360,-72,-465,-480,-176,132,234,160,60,12,1 # compose_6x4 r=4
11,-46,76,-56,16,0,23,-76,84,-32,0,0,19,-42,24,0,0,0,7,-8,0,0,0,0,1 # compose_4x6 r=0
3,0,-7,0,8,0,10,0,-30,0,-6,0,41,0,6,0,-30,0,-10,0,9,0,6,0,1 # compose_6x4 r=0
1283,0,0,0,0,0,-862,0,0,0,0,0,216,0,0,0,0,0,-24,0,0,0,0,0,1 # compose_4x6 r=4
46646,0,0,0,46654,0,0,0,19440,0,0,0,4320,0,0,0,540,0,0,0,36,0,0,0,1 # compose_6x4 r=0
10,0,0,30,0,0,-6,0,0,-40,0,0,1,0,0,20,0,0,-2,0,0,-4,0,0,1 # compose_4x6 r=4
22,0,0,0,0,0,0,0,0,0,0,0,-9,0,0,0,0,0,0,0,0,0,0,0,1 # compose_2x12 r=0
139,78,15,1,0,0,0,0,78,30,3,0,0,0,0,0,15,3,0,0,0,0,0,0,1 # compose_3x8 r=0
9,0,0,0,0,0,0,0,0,0,-6,0,3,0,0,0,0,0,0,0,4,0,-4,0,1 # compose_2x12 r=0
61,-86,46,-11,1,0,-86,92,-33,4,0,0,46,-33,6,0,0,0,-11,4,0,0,0,0,1 # compose_4x6 r=0
2,0,0,0,-15,0,0,0,24,0,0,0,-23,0,0,0,15,0,0,0,-6,0,0,0,1 # compose_6x4 r=4
15751,-37650,37560,-20008,24825,-38520,30076,-12000,11790,-15198,9000,-2400,2741,-3000,1200,-160,375,-300,60,0,30,-12,0,0,1 # compose_6x4 r=0
7,-7,6,-4,1,0,7,-12,12,-4,0,0,6,-12,6,0,0,0,4,-4,0,0,0,0,1 # compose_4x6 r=0
649,0,2754,0,6129,0,9048,0,9792,0,8118,0,5281,0,2712,0,1095,0,340,0,78,0,12,0,1 # compose_6x4 r=0
32,0,0,0,0,0,-11,0,0,0,0,0,12,0,0,0,0,0,-2,0,0,0,0,0,1 # compose_2x12 r=0
46639,0,-93306,0,31107,0,43200,0,-23760,0,-9792,0,5824,0,1632,0,-660,0,-200,0,24,0,12,0,1 # compose_6x4 r=4
55987,0,0,0,-54121,0,0,0,21835,0,0,0,-4705,0,0,0,571,0,0,0,-37,0,0,0,1 # compose_6x4 r=0
674,0,0,2808,-1404,0,4788,-4788,1197,4304,-6456,3228,1622,-4320,3240,-504,-1305,1440,-656,-12,222,-160,60,-12,1 # compose_6x4 r=4
1281,0,0,0,0,0,-861,0,0,0,0,0,216,0,0,0,0,0,-24,0,0,0,0,0,1 # compose_4x6 r=0
55,0,0,0,0,0,0,0,0,-28,0,0,14,0,0,0,0,0,4,0,0,-4,0,0,1 # compose_2x12 r=0
84,0,0,0,-108,0,-108,0,54,0,108,0,42,0,-36,0,-35,0,-8,0,6,0,4,0,1 # compose_4x6 r=0
37,0,0,0,0,0,0,0,0,0,0,0,-12,0,0,0,0,0,0,0,0,0,0,0,1 # compose_2x12 r=0
1331,0,0,0,0,0,-876,0,0,0,0,0,217,0,0,0,0,0,-24,0,0,0,0,0,1 # compose_4x6 r=4
1294,0,-864,0,216,0,-888,0,433,0,-72,0,220,0,-72,0,6,0,-24,0,4,0,0,0,1 # compose_4x6 r=4
634,0,0,0,0,1004,502,0,0,0,600,600,150,0,0,160,240,120,20,0,16,32,24,8,1 # compose_4x6 r=0
271,0,0,0,0,528,-264,0,0,0,388,-388,97,0,0,128,-192,96,-16,0,16,-32,24,-8,1 # compose_4x6 r=4
12,0,0,0,0,0,0,0,0,0,0,0,-9,0,0,0,0,0,0,0,0,0,0,0,1 # compose_2x12 r=4
75,0,0,0,0,0,-105,0,0,0,0,0,54,0,0,0,0,0,-12,0,0,0,0,0,1 # compose_4x6 r=0
261,0,0,0,0,257,-257,0,0,0,96,-192,96,0,0,16,-48,48,-16,0,1,-4,6,-4,1 # compose_4x6 r=0
46011,46332,19386,4317,46872,38808,12952,2160,19566,12957,3240,360,4332,2160,360,20,540,180,15,0,36,6,0,0,1 # compose_6x4 r=0
8,0,0,0,8,0,0,0,1,0,0,0,-8,0,0,0,-2,0,0,0,0,0,0,0,1 # compose_2x12 r=4
46661,46657,19440,4320,-46117,-38844,-12959,-2160,19260,12954,3240,360,-4305,-2160,-360,-20,540,180,15,0,-36,-6,0,0,1 # compose_6x4 r=4
4093,-6144,3840,-1280,6384,-7704,3841,-960,3960,-3846,1440,-240,1295,-960,240,-20,240,-120,15,0,24,-6,0,0,1 # compose_6x4 r=0
4159,6192,3852,1281,-5952,-7680,-3842,-960,3732,3837,1440,240,-1266,-960,-240,-20,240,120,15,0,-24,-6,0,0,1 # compose_6x4 r=4
1555,0,0,985,0,0,1220,0,0,495,0,0,311,0,0,79,0,0,31,0,0,4,0,0,1 # compose_4x6 r=0
4093,0,0,0,-6144,0,0,0,3840,0,0,0,-1280,0,0,0,240,0,0,0,-24,0,0,0,1 # compose_6x4 r=4
1371,-888,218,-24,1,0,888,-436,72,-4,0,0,218,-72,6,0,0,0,24,-4,0,0,0,0,1 # compose_4x6 r=0
265,0,518,0,384,0,387,0,400,0,192,0,128,0,96,0,24,0,16,0,8,0,0,0,1 # compose_4x6 r=0
46647,0,0,93308,46654,0,77760,77760,19440,34560,51840,25920,12960,17280,12960,5472,3420,2880,1504,552,276,160,60,12,1 # compose_6x4 r=0
11,0,0,0,-28,0,28,0,23,0,-46,0,15,0,24,0,-23,0,4,0,6,0,-4,0,1 # compose_4x6 r=0
4091,0,0,0,-6142,0,0,0,3840,0,0,0,-1280,0,0,0,240,0,0,0,-24,0,0,0,1 # compose_6x4 r=0
4,0,8,0,1,0,0,0,0,0,0,0,8,0,2,0,0,0,0,0,0,0,0,0,1 # compose_2x12 r=0
50,0,0,-336,-168,0,912,912,228,-1264,-1896,-948,802,1920,1440,96,-900,-960,-416,72,228,160,60,12,1 # compose_6x4 r=0
46226,0,0,0,46440,0,0,0,19404,0,0,0,4318,0,0,0,540,0,0,0,36,0,0,0,1 # compose_6x4 r=0
627,-1000,600,-160,16,0,500,-600,240,-32,0,0,150,-120,24,0,0,0,20,-8,0,0,0,0,1 # compose_4x6 r=0
58,0,180,0,54,0,-309,0,-183,0,249,0,142,0,-126,0,-45,0,40,0,3,0,-6,0,1 # compose_6x4 r=0
9,0,0,0,0,0,0,0,0,0,0,0,-8,0,0,0,0,0,0,0,0,0,0,0,1 # compose_2x12 r=4
15627,0,0,0,-18751,0,0,0,9375,0,0,0,-2500,0,0,0,375,0,0,0,-30,0,0,0,1 # compose_6x4 r=4
15614,0,-18748,0,28123,0,-21250,0,17250,0,-9030,0,4901,0,-1806,0,690,0,-170,0,45,0,-6,0,1 # compose_6x4 r=0
1287,0,0,0,0,0,863,0,0,0,0,0,216,0,0,0,0,0,24,0,0,0,0,0,1 # compose_4x6 r=0
266,-516,384,-128,16,0,-258,384,-192,32,0,0,96,-96,24,0,0,0,-16,8,0,0,0,0,1 # compose_4x6 r=0
1301,0,0,0,0,0,865,0,0,0,0,0,216,0,0,0,0,0,24,0,0,0,0,0,1 # compose_4x6 r=0
15747,0,37650,0,18735,0,-17552,0,-14622,0,3966,0,4163,0,-792,0,-585,0,140,0,30,0,-12,0,1 # compose_6x4 r=4
5,0,0,0,0,1,0,0,0,0,1,0,1,0,0,0,0,2,0,0,0,0,0,0,1 # compose_2x12 r=0
1,0,0,0,4,0,0,0,15,0,0,0,20,0,0,0,15,0,0,0,6,0,0,0,1 # compose_6x4 r=0
4,0,0,0,0,0,-11,0,11,0,0,0,6,0,-12,0,6,0,-1,0,3,0,-3,0,1 # compose_3x8 r=0
2,0,0,0,-20,0,-20,0,21,0,42,0,13,0,-24,0,-23,0,-4,0,6,0,4,0,1 # compose_4x6 r=4
46654,0,0,-93312,-46656,0,77760,77760,19440,-34560,-51840,-25920,4320,17280,12960,3168,-2340,-2880,-1376,-168,204,160,60,12,1 # compose_6x4 r=4
286,0,0,0,0,0,272,0,0,0,0,0,98,0,0,0,0,0,16,0,0,0,0,0,1 # compose_4x6 r=0
30,0,0,0,0,0,0,9,0,0,0,0,9,0,1,0,0,0,0,2,0,0,0,0,1 # compose_2x12 r=0
1,0,0,0,0,0,0,1,1,0,0,0,0,0,3,6,3,0,0,0,0,1,3,3,1 # compose_3x8 r=0
5,0,0,11,0,0,6,0,11,1,0,12,0,0,3,0,6,0,0,3,0,0,0,0,1 # compose_3x8 r=0
209,-107,18,-1,0,0,0,0,107,-36,3,0,0,0,0,0,18,-3,0,0,0,0,0,0,1 # compose_3x8 r=0
251,0,0,0,-510,0,-255,0,384,0,384,0,-32,0,-192,0,-80,0,16,0,24,0,8,0,1 # compose_4x6 r=4
1093,0,-2005,0,3554,0,-3741,0,3629,0,-2552,0,1645,0,-800,0,356,0,-115,0,34,0,-6,0,1 # compose_6x4 r=0
139,0,0,0,0,0,0,0,78,0,0,0,0,0,0,0,15,0,0,0,0,0,0,0,1 # compose_3x8 r=0
33,0,0,0,0,0,0,0,0,0,0,0,-11,0,0,0,0,0,0,0,0,0,0,0,1 # compose_2x12 r=0
4029,-12192,15312,-10232,9936,-16080,15412,-7680,5748,-7866,5760,-1920,1519,-1920,960,-160,240,-240,60,0,24,-12,0,0,1 # compose_6x4 r=0
60,0,0,15,0,0,1,0,0,0,0,0,-15,0,0,-2,0,0,0,0,0,0,0,0,1 # compose_2x12 r=0
699,0,0,0,0,0,-530,0,0,0,0,0,153,0,0,0,0,0,-20,0,0,0,0,0,1 # compose_4x6 r=4
