# IGP24 batch: one polynomial per distinct (group fingerprint, signature) cluster.
46659,0,0,0,-46656,0,0,0,19440,0,0,0,-4320,0,0,0,540,0,0,0,-36,0,0,0,1 # compose_6x4 r=0
23,0,0,0,0,0,0,18,0,0,0,0,-9,0,4,0,0,0,0,-4,0,0,0,0,1 # compose_2x12 r=0
33,0,0,0,0,0,0,0,0,0,0,-22,11,0,0,0,0,0,0,0,0,0,4,-4,1 # compose_2x12 r=0
67,0,0,0,0,0,0,0,48,0,0,0,0,0,0,0,12,0,0,0,0,0,0,0,1 # compose_3x8 r=0
1329,0,0,0,0,0,876,0,0,0,0,0,217,0,0,0,0,0,24,0,0,0,0,0,1 # compose_4x6 r=0
42,0,0,0,0,0,0,0,0,0,24,0,12,0,0,0,0,0,0,0,4,0,4,0,1 # compose_2x12 r=0
287,-544,392,-128,16,0,-272,392,-192,32,0,0,98,-96,24,0,0,0,-16,8,0,0,0,0,1 # compose_4x6 r=4
21,0,-9,0,1,0,0,0,0,0,0,0,-9,0,2,0,0,0,0,0,0,0,0,0,1 # compose_2x12 r=0
62,0,0,47,0,0,12,0,47,1,0,24,0,0,3,0,12,0,0,3,0,0,0,0,1 # compose_3x8 r=0
51,0,0,0,0,0,0,0,0,0,0,0,15,0,0,0,0,0,0,0,0,0,0,0,1 # compose_2x12 r=0
3901,0,12000,0,9216,0,-5000,0,-7680,0,750,0,2627,0,-192,0,-480,0,80,0,36,0,-12,0,1 # compose_6x4 r=4
48,-13,1,0,0,0,0,0,0,0,0,0,13,-2,0,0,0,0,0,0,0,0,0,0,1 # compose_2x12 r=0
239,0,0,0,0,0,-248,0,0,0,0,0,95,0,0,0,0,0,-16,0,0,0,0,0,1 # compose_4x6 r=4
15501,0,0,0,-18675,0,0,0,9360,0,0,0,-2499,0,0,0,375,0,0,0,-30,0,0,0,1 # compose_6x4 r=0
15249,0,-37050,0,18795,0,17344,0,-14634,0,-3942,0,4167,0,792,0,-585,0,-140,0,30,0,12,0,1 # compose_6x4 r=4
10,0,0,0,0,0,0,0,0,0,0,8,8,0,0,0,0,0,0,0,0,0,1,2,1 # compose_2x12 r=0
3,0,-10,0,24,0,-37,0,40,0,-48,0,38,0,-24,0,24,0,-4,0,8,0,0,0,1 # compose_4x6 r=0
3,0,0,0,0,0,-5,0,0,0,0,0,6,0,0,0,0,0,-4,0,0,0,0,0,1 # compose_4x6 r=0
15619,0,-37498,0,18751,0,17500,0,-14625,0,-3960,0,4164,0,792,0,-585,0,-140,0,30,0,12,0,1 # compose_6x4 r=4
15611,0,0,0,18747,0,0,0,9375,0,0,0,2500,0,0,0,375,0,0,0,30,0,0,0,1 # compose_6x4 r=0
9,0,0,0,0,0,0,-8,0,0,0,0,4,0,4,0,0,0,0,-4,0,0,0,0,1 # compose_2x12 r=0
43,270,716,1016,681,-364,-1460,-1632,-701,570,1224,880,113,-408,-440,-160,51,110,60,0,-11,-12,0,0,1 # compose_6x4 r=0
5,0,0,0,12,0,6,0,24,0,24,0,38,0,48,0,40,0,36,0,24,0,8,0,1 # compose_4x6 r=0
35,0,0,0,0,0,0,0,13,0,0,0,-13,0,0,0,1,0,0,0,-2,0,0,0,1 # compose_2x12 r=4
15623,37500,37500,20000,-12750,-36540,-29936,-12000,6975,14808,9000,2400,-2260,-3000,-1200,-160,375,300,60,0,-30,-12,0,0,1 # compose_6x4 r=4
59,0,0,0,0,0,0,0,-28,0,0,0,14,0,0,0,4,0,0,0,-4,0,0,0,1 # compose_2x12 r=0
1227,0,0,0,0,0,840,0,0,0,0,0,214,0,0,0,0,0,24,0,0,0,0,0,1 # compose_4x6 r=0
16,0,0,0,0,0,0,0,-5,0,0,0,-5,0,0,0,1,0,0,0,2,0,0,0,1 # compose_2x12 r=0
43,0,0,0,0,0,0,-13,0,0,0,0,-13,0,1,0,0,0,0,2,0,0,0,0,1 # compose_2x12 r=0
80,0,214,0,216,0,203,0,232,0,144,0,86,0,72,0,24,0,12,0,8,0,0,0,1 # compose_4x6 r=0
15637,-18752,9375,-2500,-18377,18720,-7499,1500,9225,-7494,2250,-300,-2485,1500,-300,20,375,-150,15,0,-30,6,0,0,1 # compose_6x4 r=0
48,0,0,0,0,0,0,0,-15,0,0,0,15,0,0,0,1,0,0,0,-2,0,0,0,1 # compose_2x12 r=0
106,0,0,0,0,0,126,0,0,0,0,0,57,0,0,0,0,0,12,0,0,0,0,0,1 # compose_4x6 r=0
226,0,0,0,0,0,240,0,0,0,0,0,94,0,0,0,0,0,16,0,0,0,0,0,1 # compose_4x6 r=0
37,0,0,13,0,0,1,0,0,0,0,0,-13,0,0,-2,0,0,0,0,0,0,0,0,1 # compose_2x12 r=4
30,0,54,0,36,0,8,0,27,0,36,0,12,0,0,0,9,0,6,0,0,0,0,0,1 # compose_3x8 r=0
254,0,0,0,0,0,-256,0,0,0,0,0,96,0,0,0,0,0,-16,0,0,0,0,0,1 # compose_4x6 r=4
15874,0,-37800,0,56520,0,-57636,0,45429,0,-27972,0,13966,0,-5592,0,1815,0,-460,0,90,0,-12,0,1 # compose_6x4 r=0
22,0,0,0,8,0,0,0,1,0,0,0,8,0,0,0,2,0,0,0,0,0,0,0,1 # compose_2x12 r=0
46651,46655,19440,4320,47195,38916,12961,2160,19620,12966,3240,360,4335,2160,360,20,540,180,15,0,36,6,0,0,1 # compose_6x4 r=0
241,0,0,0,-506,0,-253,0,384,0,384,0,-32,0,-192,0,-80,0,16,0,24,0,8,0,1 # compose_4x6 r=4
25,0,0,0,0,0,0,0,0,0,0,11,11,0,0,0,0,0,0,0,0,0,1,2,1 # compose_2x12 r=0
641,0,0,0,0,0,-503,0,0,0,0,0,150,0,0,0,0,0,-20,0,0,0,0,0,1 # compose_4x6 r=4
4085,-6141,3840,-1280,6381,-7704,3841,-960,3960,-3846,1440,-240,1295,-960,240,-20,240,-120,15,0,24,-6,0,0,1 # compose_6x4 r=0
733,2918,4860,4320,701,-4284,-6416,-4320,-225,3048,3240,1440,-300,-1080,-720,-160,135,180,60,0,-18,-12,0,0,1 # compose_6x4 r=0
621,-998,600,-160,16,0,499,-600,240,-32,0,0,150,-120,24,0,0,0,20,-8,0,0,0,0,1 # compose_4x6 r=0
30,0,0,0,0,0,0,0,0,0,0,0,10,0,0,0,0,0,0,0,0,0,0,0,1 # compose_2x12 r=0
25,0,0,-52,0,0,36,0,26,-8,0,-36,0,0,12,0,9,0,0,-6,0,0,0,0,1 # compose_3x8 r=0
51,0,0,0,-180,0,-90,0,204,0,204,0,-45,0,-144,0,-56,0,20,0,24,0,8,0,1 # compose_4x6 r=4
4083,0,0,-6141,-6141,0,3840,7680,3840,-1280,-3840,-3840,-1040,960,1440,936,120,-240,-239,-114,-9,20,15,6,1 # compose_6x4 r=4
603,0,0,0,0,490,490,0,0,0,149,298,149,0,0,20,60,60,20,0,1,4,6,4,1 # compose_4x6 r=0
4033,0,0,-12192,-6096,0,15312,15312,3828,-10232,-15348,-7674,2561,7680,5760,1152,-1680,-1920,-896,-48,216,160,60,12,1 # compose_6x4 r=0
31,0,0,0,0,0,-18,0,0,0,0,0,13,0,0,0,0,0,-4,0,0,0,0,0,1 # compose_2x12 r=0
9,0,0,0,0,0,-5,0,0,0,0,0,-4,0,0,0,0,0,2,0,0,0,0,0,1 # compose_2x12 r=0
633,502,150,20,1,0,502,300,60,4,0,0,150,60,6,0,0,0,20,4,0,0,0,0,1 # compose_4x6 r=0
1,0,0,0,-6,0,3,0,24,0,-24,0,-26,0,48,0,-8,0,-28,0,24,0,-8,0,1 # compose_4x6 r=0
-1,0,0,0,0,0,0,10,0,0,0,0,-5,0,4,0,0,0,0,-4,0,0,0,0,1 # compose_2x12 r=4
10,0,0,0,0,0,0,0,0,0,0,0,0,0,1,0,0,0,0,-2,0,0,0,0,1 # compose_2x12 r=0
21,16,4,0,0,0,0,0,0,0,0,0,-8,-4,0,0,0,0,0,0,0,0,0,0,1 # compose_2x12 r=0
23,0,0,0,0,0,40,0,0,0,0,0,26,0,0,0,0,0,8,0,0,0,0,0,1 # compose_4x6 r=0
274,0,0,0,0,528,264,0,0,0,388,388,97,0,0,128,192,96,16,0,16,32,24,8,1 # compose_4x6 r=0
17,0,0,0,0,-32,32,0,0,0,24,-48,24,0,0,-8,24,-24,8,0,1,-4,6,-4,1 # compose_4x6 r=0
40,0,0,0,0,0,0,0,0,0,0,0,11,0,0,0,0,0,0,0,0,0,0,0,1 # compose_2x12 r=0
15637,0,0,-37504,-18752,0,37500,37500,9375,-20000,-30000,-15000,3500,12000,9000,2040,-2025,-2400,-1136,-108,210,160,60,12,1 # compose_6x4 r=0
30,0,0,0,0,0,0,0,0,0,0,-12,12,0,0,0,0,0,0,0,0,0,1,-2,1 # compose_2x12 r=0
4081,0,-12282,0,9219,0,5120,0,-7680,0,-768,0,2624,0,192,0,-480,0,-80,0,36,0,12,0,1 # compose_6x4 r=4
47,0,0,0,0,0,0,0,0,0,0,0,15,0,0,0,0,0,0,0,0,0,0,0,1 # compose_2x12 r=0
3277,0,0,10158,5079,0,13140,13140,3285,9080,13620,6810,4671,7072,5304,2504,2061,1840,984,422,263,160,60,12,1 # compose_6x4 r=0
60,0,0,0,0,0,0,-30,0,0,0,0,-15,0,4,0,0,0,0,4,0,0,0,0,1 # compose_2x12 r=0
13,0,0,8,0,0,1,0,0,0,0,0,8,0,0,2,0,0,0,0,0,0,0,0,1 # compose_2x12 r=0
728,0,0,0,1457,0,0,0,1215,0,0,0,540,0,0,0,135,0,0,0,18,0,0,0,1 # compose_6x4 r=0
1304,0,0,0,-865,0,865,0,216,0,-432,0,192,0,72,0,-71,0,20,0,6,0,-4,0,1 # compose_4x6 r=0
46665,0,0,-93314,46657,0,77760,-77760,19440,-34560,51840,-25920,12960,-17280,12960,-5472,3420,-2880,1504,-552,276,-160,60,-12,1 # compose_6x4 r=0
1299,0,0,864,0,0,-648,0,0,-408,0,0,145,0,0,68,0,0,-18,0,0,-4,0,0,1 # compose_4x6 r=0
613,0,0,0,0,0,-497,0,0,0,0,0,150,0,0,0,0,0,-20,0,0,0,0,0,1 # compose_4x6 r=0
302,0,0,0,0,0,280,0,0,0,0,0,99,0,0,0,0,0,16,0,0,0,0,0,1 # compose_4x6 r=0
15623,0,0,0,-18750,0,0,0,9375,0,0,0,-2500,0,0,0,375,0,0,0,-30,0,0,0,1 # compose_6x4 r=4
10,0,0,0,0,0,0,0,0,0,0,0,0,0,0,0,0,0,0,0,1,0,-2,0,1 # compose_2x12 r=0
73,0,0,0,0,-50,0,0,50,0,12,0,0,-24,0,-1,12,0,3,0,0,-3,0,0,1 # compose_3x8 r=0
20,0,-7,0,1,0,0,0,0,0,0,0,-7,0,2,0,0,0,0,0,0,0,0,0,1 # compose_2x12 r=0
4226,0,0,0,-6240,0,0,0,3864,0,0,0,-1282,0,0,0,240,0,0,0,-24,0,0,0,1 # compose_6x4 r=0
55,0,0,0,0,0,0,0,0,0,0,0,15,0,0,0,0,0,0,0,0,0,0,0,1 # compose_2x12 r=0
287,0,0,0,0,0,-272,0,0,0,0,0,98,0,0,0,0,0,-16,0,0,0,0,0,1 # compose_4x6 r=4
46649,-93310,77760,-34560,55295,-78912,51904,-17280,22320,-26112,12960,-2880,4560,-4320,1440,-160,540,-360,60,0,36,-12,0,0,1 # compose_6x4 r=0
4094,0,6143,0,9983,0,8960,0,7920,0,4824,0,2841,0,1206,0,495,0,140,0,39,0,6,0,1 # compose_6x4 r=0
46226,-46440,19404,-4318,46980,-38844,12955,-2160,19584,-12960,3240,-360,4333,-2160,360,-20,540,-180,15,0,36,-6,0,0,1 # compose_6x4 r=0
65,0,0,0,0,0,-15,0,0,0,0,0,16,0,0,0,0,0,-2,0,0,0,0,0,1 # compose_2x12 r=0
13,0,0,18,0,0,4,0,0,0,0,0,9,0,0,4,0,0,0,0,0,0,0,0,1 # compose_2x12 r=0
17,0,62,0,96,0,33,0,-80,0,-96,0,-8,0,48,0,24,0,-8,0,-8,0,0,0,1 # compose_4x6 r=0
15878,0,0,37800,18900,0,37620,37620,9405,20016,30024,15012,8502,12000,9000,3960,2775,2400,1264,492,270,160,60,12,1 # compose_6x4 r=0
28,0,0,0,0,0,0,0,0,0,0,0,-10,0,0,0,0,0,0,0,0,0,0,0,1 # compose_2x12 r=0
15638,37504,37500,20000,24752,38460,30064,12000,11775,15192,9000,2400,2740,3000,1200,160,375,300,60,0,30,12,0,0,1 # compose_6x4 r=0
69,0,0,0,204,0,102,0,212,0,212,0,149,0,144,0,88,0,44,0,24,0,8,0,1 # compose_4x6 r=0
37,0,0,0,0,0,0,0,0,0,0,0,14,0,0,0,0,0,0,0,0,0,0,0,1 # compose_2x12 r=0
46874,0,0,0,-46764,0,0,0,19458,0,0,0,-4321,0,0,0,540,0,0,0,-36,0,0,0,1 # compose_6x4 r=0
1407,0,-900,0,219,0,-924,0,439,0,-72,0,223,0,-72,0,6,0,-24,0,4,0,0,0,1 # compose_4x6 r=0
71,0,0,0,0,0,-105,0,0,0,0,0,54,0,0,0,0,0,-12,0,0,0,0,0,1 # compose_4x6 r=4
46,0,0,0,0,0,0,0,0,0,0,14,-14,0,0,0,0,0,0,0,0,0,1,-2,1 # compose_2x12 r=4
20,0,0,11,0,0,1,0,0,0,0,0,11,0,0,2,0,0,0,0,0,0,0,0,1 # compose_2x12 r=0
15608,-37494,37500,-20000,24747,-38460,30064,-12000,11775,-15192,9000,-2400,2740,-3000,1200,-160,375,-300,60,0,30,-12,0,0,1 # compose_6x4 r=0
11,0,0,0,0,29,29,0,0,0,24,48,24,0,0,8,24,24,8,0,1,4,6,4,1 # compose_4x6 r=0
15617,0,0,0,18748,0,0,0,9375,0,0,0,2500,0,0,0,375,0,0,0,30,0,0,0,1 # compose_6x4 r=0
1,0,0,0,0,4,0,0,2,0,12,0,0,12,0,8,3,0,12,0,0,6,0,0,1 # compose_3x8 r=0
10,0,0,0,0,0,0,0,0,0,0,-6,-3,0,0,0,0,0,0,0,0,0,4,4,1 # compose_2x12 r=0
1307,866,216,24,1,0,866,432,72,4,0,0,216,72,6,0,0,0,24,4,0,0,0,0,1 # compose_4x6 r=0
3,0,0,0,0,0,-6,0,3,0,0,0,12,0,-12,0,3,0,-8,0,12,0,-6,0,1 # compose_3x8 r=0
9,0,0,0,0,-6,0,0,0,0,4,0,3,0,0,0,0,-4,0,0,0,0,0,0,1 # compose_2x12 r=0
30,0,-10,0,1,0,0,0,0,0,0,0,10,0,-2,0,0,0,0,0,0,0,0,0,1 # compose_2x12 r=0
13,0,0,0,0,0,0,-7,0,0,0,0,7,0,1,0,0,0,0,-2,0,0,0,0,1 # compose_2x12 r=0
1306,0,0,0,-866,0,866,0,216,0,-432,0,192,0,72,0,-71,0,20,0,6,0,-4,0,1 # compose_4x6 r=0
4162,0,0,-6192,-6192,0,3852,7704,3852,-1281,-3843,-3843,-1041,960,1440,936,120,-240,-239,-114,-9,20,15,6,1 # compose_6x4 r=0
8,0,0,0,0,0,0,0,0,0,0,0,-8,0,0,0,0,0,0,0,0,0,0,0,1 # compose_2x12 r=4
26,0,0,0,0,0,0,-9,0,0,0,0,-9,0,1,0,0,0,0,2,0,0,0,0,1 # compose_2x12 r=0
741,0,1461,0,-246,0,-1890,0,-270,0,1098,0,181,0,-366,0,-30,0,70,0,-3,0,-6,0,1 # compose_6x4 r=0
46672,0,93318,0,124419,0,112320,0,79920,0,44352,0,20224,0,7392,0,2220,0,520,0,96,0,12,0,1 # compose_6x4 r=0
4161,0,0,0,-6192,0,0,0,3852,0,0,0,-1281,0,0,0,240,0,0,0,-24,0,0,0,1 # compose_6x4 r=0
14,0,0,0,0,64,-32,0,0,0,96,-96,24,0,0,64,-96,48,-8,0,16,-32,24,-8,1 # compose_4x6 r=4
71,105,54,12,1,0,-105,-108,-36,-4,0,0,54,36,6,0,0,0,-12,-4,0,0,0,0,1 # compose_4x6 r=4
2,0,0,0,0,0,-3,0,0,0,0,0,6,0,0,0,0,0,-4,0,0,0,0,0,1 # compose_4x6 r=0
29,10,1,0,0,0,0,0,0,0,0,0,-10,-2,0,0,0,0,0,0,0,0,0,0,1 # compose_2x12 r=0
17,0,0,0,0,-33,33,0,0,0,24,-48,24,0,0,-8,24,-24,8,0,1,-4,6,-4,1 # compose_4x6 r=0
15643,0,0,0,18753,0,0,0,9375,0,0,0,2500,0,0,0,375,0,0,0,30,0,0,0,1 # compose_6x4 r=0
613,0,-498,0,150,0,-518,0,301,0,-60,0,154,0,-60,0,6,0,-20,0,4,0,0,0,1 # compose_4x6 r=4
77,0,0,0,0,-107,107,0,0,0,54,-108,54,0,0,-12,36,-36,12,0,1,-4,6,-4,1 # compose_4x6 r=0
57,0,0,0,180,0,0,0,234,0,0,0,159,0,0,0,60,0,0,0,12,0,0,0,1 # compose_6x4 r=0
46641,0,0,-93306,46653,0,77760,-77760,19440,-34560,51840,-25920,12960,-17280,12960,-5472,3420,-2880,1504,-552,276,-160,60,-12,1 # compose_6x4 r=0
721,0,-2912,0,6316,0,-9180,0,9855,0,-8136,0,5284,0,-2712,0,1095,0,-340,0,78,0,-12,0,1 # compose_6x4 r=0
49,45,12,1,0,0,0,0,45,24,3,0,0,0,0,0,12,3,0,0,0,0,0,0,1 # compose_3x8 r=0
67,0,0,-192,192,0,240,-480,240,-160,480,-480,220,-240,360,-252,120,-120,121,-66,27,-20,15,-6,1 # compose_6x4 r=0
29,0,0,0,0,0,0,0,0,-9,0,0,-9,0,0,0,0,0,1,0,0,2,0,0,1 # compose_2x12 r=0
31,0,0,0,0,0,0,0,0,0,0,0,-9,0,0,0,0,0,0,0,0,0,0,0,1 # compose_2x12 r=0
15373,0,0,0,-18600,0,0,0,9345,0,0,0,-2498,0,0,0,375,0,0,0,-30,0,0,0,1 # compose_6x4 r=4
55,0,0,0,0,0,0,0,0,0,0,0,14,0,0,0,0,0,0,0,0,0,0,0,1 # compose_2x12 r=0
26,44,27,8,1,0,-44,-54,-24,-4,0,0,27,24,6,0,0,0,-8,-4,0,0,0,0,1 # compose_4x6 r=4
80,0,-107,0,54,0,-119,0,109,0,-36,0,58,0,-36,0,6,0,-12,0,4,0,0,0,1 # compose_4x6 r=0
34,0,0,0,0,0,0,-30,30,0,0,0,0,0,9,-18,9,0,0,0,0,-1,3,-3,1 # compose_3x8 r=0
45,0,0,0,-12,0,0,0,1,0,0,0,12,0,0,0,-2,0,0,0,0,0,0,0,1 # compose_2x12 r=0
3901,12000,15216,10216,9840,15984,15388,7680,5724,7854,5760,1920,1517,1920,960,160,240,240,60,0,24,12,0,0,1 # compose_6x4 r=0
39991,40943,17479,3983,41454,34993,11950,2044,17654,11955,3066,350,3998,2044,350,20,511,175,15,0,35,6,0,0,1 # compose_6x4 r=0
15501,0,-37350,0,18765,0,17448,0,-14628,0,-3954,0,4165,0,792,0,-585,0,-140,0,30,0,12,0,1 # compose_6x4 r=0
4102,0,-6145,0,-2305,0,6400,0,240,0,-2904,0,41,0,726,0,15,0,-100,0,-9,0,6,0,1 # compose_6x4 r=0
251,0,-510,0,384,0,127,0,-368,0,192,0,64,0,-96,0,24,0,16,0,-8,0,0,0,1 # compose_4x6 r=0
35,0,0,-20,0,0,4,0,0,0,0,0,10,0,0,-4,0,0,0,0,0,0,0,0,1 # compose_2x12 r=0
236,0,0,0,0,0,-111,0,111,0,0,0,18,0,-36,0,18,0,-1,0,3,0,-3,0,1 # compose_3x8 r=0
107,0,-144,0,60,0,-8,0,72,0,-60,0,12,0,0,0,15,0,-6,0,0,0,0,0,1 # compose_3x8 r=0
23,0,0,0,0,0,25,0,25,0,0,0,9,0,18,0,9,0,1,0,3,0,3,0,1 # compose_3x8 r=0
35,0,0,0,0,0,-11,0,0,0,0,0,12,0,0,0,0,0,-2,0,0,0,0,0,1 # compose_2x12 r=0
3,0,10,0,9,0,14,0,19,0,12,0,13,0,12,0,6,0,4,0,4,0,0,0,1 # compose_4x6 r=0
4033,0,0,0,6096,0,0,0,3828,0,0,0,1279,0,0,0,240,0,0,0,24,0,0,0,1 # compose_6x4 r=0
4091,0,0,-12286,6143,0,15360,-15360,3840,-10240,15360,-7680,5120,-7680,5760,-2688,2160,-1920,1024,-432,264,-160,60,-12,1 # compose_6x4 r=0
21,0,0,0,0,0,0,0,0,7,0,0,-7,0,0,0,0,0,1,0,0,-2,0,0,1 # compose_2x12 r=0
3,0,0,0,-6,0,0,0,4,0,0,0,-3,0,0,0,4,0,0,0,0,0,0,0,1 # compose_2x12 r=0
46658,0,0,0,-46656,0,0,0,19440,0,0,0,-4320,0,0,0,540,0,0,0,-36,0,0,0,1 # compose_6x4 r=0
15614,0,0,0,18748,0,0,0,9375,0,0,0,2500,0,0,0,375,0,0,0,30,0,0,0,1 # compose_6x4 r=0
47301,-93960,77976,-34584,55620,-79128,51940,-17280,22374,-26130,12960,-2880,4563,-4320,1440,-160,540,-360,60,0,36,-12,0,0,1 # compose_6x4 r=0
53,0,0,0,-180,0,-90,0,204,0,204,0,-45,0,-144,0,-56,0,20,0,24,0,8,0,1 # compose_4x6 r=4
628,0,0,0,0,0,500,0,0,0,0,0,150,0,0,0,0,0,20,0,0,0,0,0,1 # compose_4x6 r=0
15249,0,0,-37050,-18525,0,37320,37320,9330,-19976,-29964,-14982,3503,12000,9000,2040,-2025,-2400,-1136,-108,210,160,60,12,1 # compose_6x4 r=4
33,0,0,0,0,0,0,-13,0,0,0,0,-13,0,1,0,0,0,0,2,0,0,0,0,1 # compose_2x12 r=4
13,0,0,0,0,0,0,0,14,0,0,0,7,0,0,0,4,0,0,0,4,0,0,0,1 # compose_2x12 r=0
59,-46,12,-1,0,0,0,0,46,-24,3,0,0,0,0,0,12,-3,0,0,0,0,0,0,1 # compose_3x8 r=0
17,0,0,0,0,0,0,0,0,-8,0,0,8,0,0,0,0,0,1,0,0,-2,0,0,1 # compose_2x12 r=0
31,0,0,0,0,0,0,0,-22,0,0,0,-11,0,0,0,4,0,0,0,4,0,0,0,1 # compose_2x12 r=0
678,0,0,0,0,0,-520,0,0,0,0,0,152,0,0,0,0,0,-20,0,0,0,0,0,1 # compose_4x6 r=0
242,0,0,-248,0,0,343,0,0,-206,0,0,144,0,0,-52,0,0,22,0,0,-4,0,0,1 # compose_4x6 r=0
737,0,0,1460,-1460,0,1215,-2430,1215,540,-1620,1620,-405,-540,810,-522,45,180,-179,84,-3,-20,15,-6,1 # compose_6x4 r=0
233,0,0,0,0,0,0,0,111,0,0,0,0,0,0,0,18,0,0,0,0,0,0,0,1 # compose_3x8 r=0
623,0,0,0,0,-1000,-500,0,0,0,600,600,150,0,0,-160,-240,-120,-20,0,16,32,24,8,1 # compose_4x6 r=4
723,0,0,-1457,1457,0,1215,-2430,1215,-540,1620,-1620,675,-540,810,-558,225,-180,181,-96,33,-20,15,-6,1 # compose_6x4 r=0
51,0,0,0,0,45,0,0,45,0,12,0,0,24,0,1,12,0,3,0,0,3,0,0,1 # compose_3x8 r=0
2,0,-8,0,24,0,-28,0,-8,0,48,0,-26,0,-24,0,24,0,4,0,-8,0,0,0,1 # compose_4x6 r=0
22,0,0,0,0,0,0,0,0,0,0,0,7,0,0,0,0,0,0,0,0,0,0,0,1 # compose_2x12 r=0
652,0,0,0,510,0,-510,0,151,0,-302,0,171,0,-60,0,61,0,-24,0,6,0,-4,0,1 # compose_4x6 r=0
26,0,-80,0,104,0,-24,0,-88,0,96,0,-6,0,-48,0,24,0,8,0,-8,0,0,0,1 # compose_4x6 r=0
31,0,0,0,0,0,0,-10,0,0,0,0,10,0,1,0,0,0,0,-2,0,0,0,0,1 # compose_2x12 r=0
19,0,0,0,0,0,0,0,0,0,0,20,-10,0,0,0,0,0,0,0,0,0,4,-4,1 # compose_2x12 r=4
46646,93308,77760,34560,55294,78912,51904,17280,22320,26112,12960,2880,4560,4320,1440,160,540,360,60,0,36,12,0,0,1 # compose_6x4 r=0
30,0,0,0,0,0,0,0,0,0,0,10,-10,0,0,0,0,0,0,0,0,0,1,-2,1 # compose_2x12 r=0
1293,0,0,0,0,0,863,0,0,0,0,0,216,0,0,0,0,0,24,0,0,0,0,0,1 # compose_4x6 r=0
25,0,0,0,0,0,-18,0,0,0,0,0,13,0,0,0,0,0,-4,0,0,0,0,0,1 # compose_2x12 r=0
9,0,0,0,0,0,0,0,0,0,0,5,-5,0,0,0,0,0,0,0,0,0,1,-2,1 # compose_2x12 r=0
3,0,0,0,0,-3,0,0,3,0,3,0,0,-6,0,-1,3,0,3,0,0,-3,0,0,1 # compose_3x8 r=0
10,0,0,0,0,0,0,0,0,0,-4,0,4,0,0,0,0,0,0,0,1,0,-2,0,1 # compose_2x12 r=0
1299,-1728,864,-192,16,0,864,-864,288,-32,0,0,216,-144,24,0,0,0,24,-8,0,0,0,0,1 # compose_4x6 r=0
227,0,0,0,0,0,240,0,0,0,0,0,94,0,0,0,0,0,16,0,0,0,0,0,1 # compose_4x6 r=0
15247,-37050,37320,-19976,-12525,36360,-29900,12000,6930,-14790,9000,-2400,-2257,3000,-1200,160,375,-300,60,0,-30,12,0,0,1 # compose_6x4 r=4
19,0,0,0,0,0,-50,0,25,0,0,0,36,0,-36,0,9,0,-8,0,12,0,-6,0,1 # compose_3x8 r=4
257,0,0,0,257,0,257,0,96,0,192,0,112,0,48,0,49,0,20,0,6,0,4,0,1 # compose_4x6 r=0
15628,0,-37500,0,18750,0,17500,0,-14625,0,-3960,0,4164,0,792,0,-585,0,-140,0,30,0,12,0,1 # compose_6x4 r=0
17,0,0,0,0,0,0,0,0,-18,0,0,-9,0,0,0,0,0,4,0,0,4,0,0,1 # compose_2x12 r=4
21,0,0,0,18,0,0,0,4,0,0,0,-9,0,0,0,-4,0,0,0,0,0,0,0,1 # compose_2x12 r=0
1,0,0,6,-3,0,48,-48,12,152,-228,114,221,-480,360,72,-465,480,-176,-132,234,-160,60,-12,1 # compose_6x4 r=0
19,0,6,0,1,0,0,0,0,0,0,0,-6,0,-2,0,0,0,0,0,0,0,0,0,1 # compose_2x12 r=0
57,0,0,0,0,0,-30,0,0,0,0,0,-11,0,0,0,0,0,4,0,0,0,0,0,1 # compose_2x12 r=0
4099,0,-6144,0,9984,0,-8960,0,7920,0,-4824,0,2841,0,-1206,0,495,0,-140,0,39,0,-6,0,1 # compose_6x4 r=0
639,0,0,0,0,0,503,0,0,0,0,0,150,0,0,0,0,0,20,0,0,0,0,0,1 # compose_4x6 r=0
15502,37350,37440,19992,24675,38400,30052,12000,11760,15186,9000,2400,2739,3000,1200,160,375,300,60,0,30,12,0,0,1 # compose_6x4 r=0
15634,0,0,0,18752,0,0,0,9375,0,0,0,2500,0,0,0,375,0,0,0,30,0,0,0,1 # compose_6x4 r=0
4285,0,0,0,6288,0,0,0,3876,0,0,0,1283,0,0,0,240,0,0,0,24,0,0,0,1 # compose_6x4 r=0
43,0,0,0,0,0,0,0,0,0,0,0,12,0,0,0,0,0,0,0,0,0,0,0,1 # compose_2x12 r=0
67,0,0,0,-195,0,0,0,240,0,0,0,-160,0,0,0,60,0,0,0,-12,0,0,0,1 # compose_6x4 r=4
5,0,0,0,0,0,0,6,0,0,0,0,-3,0,4,0,0,0,0,-4,0,0,0,0,1 # compose_2x12 r=0
5,0,0,0,0,-6,0,0,0,0,4,0,-3,0,0,0,0,4,0,0,0,0,0,0,1 # compose_2x12 r=0
46439,0,0,0,-46548,0,0,0,19422,0,0,0,-4319,0,0,0,540,0,0,0,-36,0,0,0,1 # compose_6x4 r=4
4109,0,0,0,-6147,0,0,0,3840,0,0,0,-1280,0,0,0,240,0,0,0,-24,0,0,0,1 # compose_6x4 r=4
1223,0,-840,0,214,0,816,0,-427,0,72,0,210,0,-72,0,6,0,24,0,-4,0,0,0,1 # compose_4x6 r=0
202,0,0,106,0,0,18,0,106,1,0,36,0,0,3,0,18,0,0,3,0,0,0,0,1 # compose_3x8 r=0
8,0,-10,0,4,0,0,0,0,0,0,0,5,0,-4,0,0,0,0,0,0,0,0,0,1 # compose_2x12 r=0
11,0,-7,0,1,0,0,0,0,0,0,0,7,0,-2,0,0,0,0,0,0,0,0,0,1 # compose_2x12 r=0
46,0,0,0,0,0,0,0,0,13,0,0,13,0,0,0,0,0,1,0,0,2,0,0,1 # compose_2x12 r=0
4094,-12288,15360,-10240,9984,-16128,15424,-7680,5760,-7872,5760,-1920,1520,-1920,960,-160,240,-240,60,0,24,-12,0,0,1 # compose_6x4 r=0
263,0,0,0,258,0,258,0,96,0,192,0,112,0,48,0,49,0,20,0,6,0,4,0,1 # compose_4x6 r=0
15628,0,37500,0,18750,0,-17500,0,-14625,0,3960,0,4164,0,-792,0,-585,0,140,0,30,0,-12,0,1 # compose_6x4 r=0
47302,0,-93960,0,124956,0,-112560,0,80010,0,-44370,0,20227,0,-7392,0,2220,0,-520,0,96,0,-12,0,1 # compose_6x4 r=0
15627,0,37500,0,56250,0,57500,0,45375,0,27960,0,13964,0,5592,0,1815,0,460,0,90,0,12,0,1 # compose_6x4 r=0
46653,0,0,0,46656,0,0,0,19440,0,0,0,4320,0,0,0,540,0,0,0,36,0,0,0,1 # compose_6x4 r=0
22,0,0,0,0,-16,0,0,0,0,4,0,8,0,0,0,0,-4,0,0,0,0,0,0,1 # compose_2x12 r=0
5,0,0,0,-2,0,0,0,4,0,0,0,1,0,0,0,-4,0,0,0,0,0,0,0,1 # compose_2x12 r=0
1,0,0,0,0,0,0,0,0,0,0,-8,4,0,0,0,0,0,0,0,0,0,4,-4,1 # compose_2x12 r=4
15753,0,0,0,18825,0,0,0,9390,0,0,0,2501,0,0,0,375,0,0,0,30,0,0,0,1 # compose_6x4 r=0
9,0,0,0,2,0,0,0,4,0,0,0,1,0,0,0,4,0,0,0,0,0,0,0,1 # compose_2x12 r=0
2,0,0,0,-2,0,0,0,5,0,0,0,-7,0,0,0,6,0,0,0,-3,0,0,0,1 # compose_3x8 r=0
3,0,0,0,14,0,-7,0,24,0,-24,0,38,0,-48,0,40,0,-36,0,24,0,-8,0,1 # compose_4x6 r=4
47302,0,0,93960,46980,0,77976,77976,19494,34584,51876,25938,12963,17280,12960,5472,3420,2880,1504,552,276,160,60,12,1 # compose_6x4 r=0
46647,46654,19440,4320,-46114,-38844,-12959,-2160,19260,12954,3240,360,-4305,-2160,-360,-20,540,180,15,0,-36,-6,0,0,1 # compose_6x4 r=0
15637,0,37506,0,56253,0,57500,0,45375,0,27960,0,13964,0,5592,0,1815,0,460,0,90,0,12,0,1 # compose_6x4 r=0
65,0,191,0,431,0,640,0,780,0,732,0,581,0,366,0,195,0,80,0,27,0,6,0,1 # compose_6x4 r=0
69,0,0,0,204,0,0,0,246,0,0,0,161,0,0,0,60,0,0,0,12,0,0,0,1 # compose_6x4 r=0
15623,0,0,-37500,-18750,0,37500,37500,9375,-20000,-30000,-15000,3500,12000,9000,2040,-2025,-2400,-1136,-108,210,160,60,12,1 # compose_6x4 r=4
653,0,0,0,-510,0,-510,0,151,0,302,0,131,0,-60,0,-59,0,-16,0,6,0,4,0,1 # compose_4x6 r=0
20,0,0,0,0,0,0,0,0,0,0,0,7,0,0,0,0,0,0,0,0,0,0,0,1 # compose_2x12 r=0
634,0,0,0,0,0,-502,0,0,0,0,0,150,0,0,0,0,0,-20,0,0,0,0,0,1 # compose_4x6 r=4
549,0,0,-940,0,0,1058,0,0,-748,0,0,403,0,0,-152,0,0,44,0,0,-8,0,0,1 # compose_4x6 r=0
15877,0,18900,0,-9495,0,-16308,0,2274,0,6036,0,-401,0,-1206,0,90,0,130,0,-15,0,-6,0,1 # compose_6x4 r=0
235,0,0,0,0,-222,0,0,111,0,72,0,0,-72,0,-8,18,0,12,0,0,-6,0,0,1 # compose_3x8 r=0
74,0,0,212,0,0,322,0,0,312,0,0,214,0,0,104,0,0,36,0,0,8,0,0,1 # compose_4x6 r=0
10,0,0,0,0,0,0,-8,0,0,0,0,-4,0,4,0,0,0,0,4,0,0,0,0,1 # compose_2x12 r=0
37,0,0,12,0,0,1,0,0,0,0,0,-12,0,0,-2,0,0,0,0,0,0,0,0,1 # compose_2x12 r=0
1313,0,0,0,0,0,-867,0,0,0,0,0,216,0,0,0,0,0,-24,0,0,0,0,0,1 # compose_4x6 r=4
4287,0,0,0,6288,0,0,0,3876,0,0,0,1283,0,0,0,240,0,0,0,24,0,0,0,1 # compose_6x4 r=0
15633,0,-18751,0,28126,0,-21250,0,17250,0,-9030,0,4901,0,-1806,0,690,0,-170,0,45,0,-6,0,1 # compose_6x4 r=0
8,0,0,0,0,0,0,0,0,0,6,0,-3,0,0,0,0,0,0,0,4,0,-4,0,1 # compose_2x12 r=0
1,0,0,0,0,0,0,0,0,0,0,4,-4,0,0,0,0,0,0,0,0,0,1,-2,1 # compose_2x12 r=4
4094,0,0,0,-6144,0,0,0,3840,0,0,0,-1280,0,0,0,240,0,0,0,-24,0,0,0,1 # compose_6x4 r=4
15747,0,0,18825,-18825,0,9390,-18780,9390,2501,-7503,7503,-2126,-1500,2250,-1470,225,300,-299,144,-15,-20,15,-6,1 # compose_6x4 r=4
2,0,0,0,0,0,0,-4,0,0,0,0,2,0,4,0,0,0,0,-4,0,0,0,0,1 # compose_2x12 r=0
627,0,0,0,500,0,500,0,150,0,300,0,170,0,60,0,61,0,24,0,6,0,4,0,1 # compose_4x6 r=0
67,0,0,0,0,0,0,0,49,0,0,0,0,0,0,0,12,0,0,0,0,0,0,0,1 # compose_3x8 r=0
230,0,0,0,0,220,0,0,110,0,72,0,0,72,0,8,18,0,12,0,0,6,0,0,1 # compose_3x8 r=0
253,0,256,0,96,0,272,0,193,0,48,0,100,0,48,0,6,0,16,0,4,0,0,0,1 # compose_4x6 r=0
258,0,0,-512,0,0,128,0,0,256,0,0,-80,0,0,-64,0,0,8,0,0,8,0,0,1 # compose_4x6 r=0
4222,0,0,0,6240,0,0,0,3864,0,0,0,1282,0,0,0,240,0,0,0,24,0,0,0,1 # compose_6x4 r=0
11,23,19,7,1,0,23,38,21,4,0,0,19,21,6,0,0,0,7,4,0,0,0,0,1 # compose_4x6 r=0
573,0,0,0,0,0,480,0,0,0,0,0,148,0,0,0,0,0,20,0,0,0,0,0,1 # compose_4x6 r=0
46,0,0,0,0,0,0,0,0,0,12,0,12,0,0,0,0,0,0,0,1,0,2,0,1 # compose_2x12 r=0
629,0,0,0,0,0,501,0,0,0,0,0,150,0,0,0,0,0,20,0,0,0,0,0,1 # compose_4x6 r=0
13,0,0,0,-9,0,0,0,1,0,0,0,9,0,0,0,-2,0,0,0,0,0,0,0,1 # compose_2x12 r=0
1262,0,852,0,215,0,-828,0,-429,0,-72,0,211,0,72,0,6,0,-24,0,-4,0,0,0,1 # compose_4x6 r=0
599,0,0,0,0,0,490,0,0,0,0,0,149,0,0,0,0,0,20,0,0,0,0,0,1 # compose_4x6 r=0
4289,0,-6288,0,10164,0,-9035,0,7965,0,-4833,0,2844,0,-1206,0,495,0,-140,0,39,0,-6,0,1 # compose_6x4 r=0
15,0,0,0,0,0,0,0,0,0,0,0,-4,0,0,0,0,0,0,0,0,0,0,0,1 # compose_2x12 r=0
1403,0,0,0,0,0,-900,0,0,0,0,0,219,0,0,0,0,0,-24,0,0,0,0,0,1 # compose_4x6 r=4
629,0,0,-1002,0,0,99,0,0,440,0,0,-74,0,0,-88,0,0,4,0,0,8,0,0,1 # compose_4x6 r=4
15499,0,0,18675,18675,0,9360,18720,9360,2499,7497,7497,2874,1500,2250,1530,525,300,301,156,45,20,15,6,1 # compose_6x4 r=0
44,0,0,0,0,0,0,0,13,0,0,0,-13,0,0,0,1,0,0,0,-2,0,0,0,1 # compose_2x12 r=0
78,0,-212,0,216,0,10,0,-200,0,144,0,22,0,-72,0,24,0,12,0,-8,0,0,0,1 # compose_4x6 r=0
6,0,1,0,1,0,0,0,0,0,0,0,1,0,2,0,0,0,0,0,0,0,0,0,1 # compose_2x12 r=0
731,0,0,1459,-1459,0,1215,-2430,1215,540,-1620,1620,-405,-540,810,-522,45,180,-179,84,-3,-20,15,-6,1 # compose_6x4 r=4
46441,0,-46548,0,65970,0,-43163,0,32919,0,-15153,0,7740,0,-2526,0,915,0,-200,0,51,0,-6,0,1 # compose_6x4 r=0
16001,-37950,37680,-20024,-12975,36720,-29972,12000,7020,-14826,9000,-2400,-2263,3000,-1200,160,375,-300,60,0,-30,12,0,0,1 # compose_6x4 r=4
703,0,0,0,1060,0,-530,0,612,0,-612,0,313,0,-240,0,136,0,-52,0,24,0,-8,0,1 # compose_4x6 r=0
17,0,0,0,0,0,0,0,0,16,0,0,8,0,0,0,0,0,4,0,0,4,0,0,1 # compose_2x12 r=0
208,107,18,1,0,0,0,0,107,36,3,0,0,0,0,0,18,3,0,0,0,0,0,0,1 # compose_3x8 r=0
129,0,0,0,76,0,0,0,91,0,0,0,31,0,0,0,18,0,0,0,3,0,0,0,1 # compose_3x8 r=0
123,0,0,0,0,0,0,0,75,0,0,0,0,0,0,0,15,0,0,0,0,0,0,0,1 # compose_3x8 r=0
207,0,-464,0,372,0,104,0,-356,0,192,0,61,0,-96,0,24,0,16,0,-8,0,0,0,1 # compose_4x6 r=0
17,0,0,0,0,-64,-32,0,0,0,96,96,24,0,0,-64,-96,-48,-8,0,16,32,24,8,1 # compose_4x6 r=0
46,0,0,0,0,0,0,-28,0,0,0,0,14,0,4,0,0,0,0,-4,0,0,0,0,1 # compose_2x12 r=0
11,0,0,0,0,0,0,0,0,-10,0,0,-5,0,0,0,0,0,4,0,0,4,0,0,1 # compose_2x12 r=0
52,0,0,0,0,0,-90,0,0,0,0,0,51,0,0,0,0,0,-12,0,0,0,0,0,1 # compose_4x6 r=4
721,0,0,2910,-1455,0,4860,-4860,1215,4320,-6480,3240,1620,-4320,3240,-504,-1305,1440,-656,-12,222,-160,60,-12,1 # compose_6x4 r=4
133,0,0,154,0,0,60,0,77,8,0,60,0,0,12,0,15,0,0,6,0,0,0,0,1 # compose_3x8 r=0
6,0,0,0,0,0,0,0,0,8,0,0,4,0,0,0,0,0,4,0,0,4,0,0,1 # compose_2x12 r=0
249,0,0,0,0,-255,-255,0,0,0,96,192,96,0,0,-16,-48,-48,-16,0,1,4,6,4,1 # compose_4x6 r=4
6,0,0,0,0,0,0,0,0,-2,0,0,-2,0,0,0,0,0,1,0,0,2,0,0,1 # compose_2x12 r=0
4107,-6147,3840,-1280,6387,-7704,3841,-960,3960,-3846,1440,-240,1295,-960,240,-20,240,-120,15,0,24,-6,0,0,1 # compose_6x4 r=0
15613,0,0,18748,-18748,0,9375,-18750,9375,2500,-7500,7500,-2125,-1500,2250,-1470,225,300,-299,144,-15,-20,15,-6,1 # compose_6x4 r=4
4081,12282,15360,10240,9981,16128,15424,7680,5760,7872,5760,1920,1520,1920,960,160,240,240,60,0,24,12,0,0,1 # compose_6x4 r=0
53,0,0,0,0,0,-90,0,0,0,0,0,51,0,0,0,0,0,-12,0,0,0,0,0,1 # compose_4x6 r=4
47,0,0,0,0,0,0,0,0,0,-14,0,14,0,0,0,0,0,0,0,1,0,-2,0,1 # compose_2x12 r=0
15248,0,0,-18525,-18525,0,9330,18660,9330,-2497,-7491,-7491,-2122,1500,2250,1470,225,-300,-299,-144,-15,20,15,6,1 # compose_6x4 r=4
51,0,0,0,0,0,0,0,0,0,0,0,14,0,0,0,0,0,0,0,0,0,0,0,1 # compose_2x12 r=0
51,0,0,0,0,0,-90,0,0,0,0,0,51,0,0,0,0,0,-12,0,0,0,0,0,1 # compose_4x6 r=4
15617,0,0,0,-18748,0,0,0,9375,0,0,0,-2500,0,0,0,375,0,0,0,-30,0,0,0,1 # compose_6x4 r=0
1,0,10,0,4,0,0,0,0,0,0,0,-5,0,-4,0,0,0,0,0,0,0,0,0,1 # compose_2x12 r=4
5,0,0,0,0,0,12,0,12,0,0,0,6,0,12,0,6,0,1,0,3,0,3,0,1 # compose_3x8 r=0
111,0,0,0,0,-72,0,0,72,0,15,0,0,-30,0,-1,15,0,3,0,0,-3,0,0,1 # compose_3x8 r=0
26,0,0,0,0,-40,40,0,0,0,26,-52,26,0,0,-8,24,-24,8,0,1,-4,6,-4,1 # compose_4x6 r=0
28,0,0,0,0,0,0,0,0,0,-12,0,-12,0,0,0,0,0,0,0,1,0,2,0,1 # compose_2x12 r=4
53,0,0,13,0,0,1,0,0,0,0,0,-13,0,0,-2,0,0,0,0,0,0,0,0,1 # compose_2x12 r=0
18,0,0,16,0,0,4,0,0,0,0,0,-8,0,0,-4,0,0,0,0,0,0,0,0,1 # compose_2x12 r=0
67,96,48,8,0,0,0,0,48,48,12,0,0,0,0,0,12,6,0,0,0,0,0,0,1 # compose_3x8 r=0
46673,0,0,0,-46659,0,0,0,19440,0,0,0,-4320,0,0,0,540,0,0,0,-36,0,0,0,1 # compose_6x4 r=4
20,7,1,0,0,0,0,0,0,0,0,0,-7,-2,0,0,0,0,0,0,0,0,0,0,1 # compose_2x12 r=0
15873,0,0,-18900,-18900,0,9405,18810,9405,-2502,-7506,-7506,-2127,1500,2250,1470,225,-300,-299,-144,-15,20,15,6,1 # compose_6x4 r=4
30,0,0,0,0,0,0,-20,0,0,0,0,-10,0,4,0,0,0,0,4,0,0,0,0,1 # compose_2x12 r=0
1,0,0,4,0,0,12,0,2,8,0,12,0,0,12,0,3,0,0,6,0,0,0,0,1 # compose_3x8 r=0
22,0,18,0,4,0,0,0,0,0,0,0,9,0,4,0,0,0,0,0,0,0,0,0,1 # compose_2x12 r=0
9,8,1,0,0,0,0,0,0,0,0,0,-8,-2,0,0,0,0,0,0,0,0,0,0,1 # compose_2x12 r=4
122,0,0,0,0,0,74,0,74,0,0,0,15,0,30,0,15,0,1,0,3,0,3,0,1 # compose_3x8 r=0
58,0,0,0,0,0,0,-47,47,0,0,0,0,0,12,-24,12,0,0,0,0,-1,3,-3,1 # compose_3x8 r=0
1262,0,0,0,0,0,852,0,0,0,0,0,215,0,0,0,0,0,24,0,0,0,0,0,1 # compose_4x6 r=0
21,0,0,0,0,0,0,0,0,0,0,0,-11,0,0,0,0,0,0,0,0,0,0,0,1 # compose_2x12 r=4
62,0,0,384,-192,0,960,-960,240,1280,-1920,960,800,-1920,1440,-96,-900,960,-416,-72,228,-160,60,-12,1 # compose_6x4 r=4
23,0,0,26,0,0,9,0,26,1,0,18,0,0,3,0,9,0,0,3,0,0,0,0,1 # compose_3x8 r=0
37,0,-156,0,66,0,287,0,-189,0,-243,0,144,0,126,0,-45,0,-40,0,3,0,6,0,1 # compose_6x4 r=4
23,0,0,0,0,0,0,0,0,0,0,14,7,0,0,0,0,0,0,0,0,0,4,4,1 # compose_2x12 r=0
602,0,0,0,490,0,-490,0,149,0,-298,0,169,0,-60,0,61,0,-24,0,6,0,-4,0,1 # compose_4x6 r=0
9,0,0,0,-7,0,0,0,1,0,0,0,-7,0,0,0,2,0,0,0,0,0,0,0,1 # compose_2x12 r=4
623,-499,150,-20,1,0,499,-300,60,-4,0,0,150,-60,6,0,0,0,20,-4,0,0,0,0,1 # compose_4x6 r=0
5,0,0,7,0,0,1,0,0,0,0,0,7,0,0,2,0,0,0,0,0,0,0,0,1 # compose_2x12 r=0
38,0,0,0,0,60,0,0,30,0,36,0,0,36,0,8,9,0,12,0,0,6,0,0,1 # compose_3x8 r=0
87,0,0,0,0,109,109,0,0,0,54,108,54,0,0,12,36,36,12,0,1,4,6,4,1 # compose_4x6 r=0
70,-50,12,-1,0,0,0,0,50,-24,3,0,0,0,0,0,12,-3,0,0,0,0,0,0,1 # compose_3x8 r=0
15752,0,18825,0,28215,0,21281,0,17268,0,9033,0,4902,0,1806,0,690,0,170,0,45,0,6,0,1 # compose_6x4 r=0
50,0,0,0,0,26,0,0,0,0,4,0,13,0,0,0,0,4,0,0,0,0,0,0,1 # compose_2x12 r=0
639,0,0,503,0,0,-353,0,0,-280,0,0,91,0,0,56,0,0,-14,0,0,-4,0,0,1 # compose_4x6 r=4
101,0,0,0,-120,0,-120,0,56,0,112,0,44,0,-36,0,-35,0,-8,0,6,0,4,0,1 # compose_4x6 r=0
18,0,0,0,14,0,0,0,4,0,0,0,-7,0,0,0,-4,0,0,0,0,0,0,0,1 # compose_2x12 r=0
10,0,-28,0,24,0,-8,0,14,0,-24,0,12,0,0,0,6,0,-6,0,0,0,0,0,1 # compose_3x8 r=0
1310,0,0,0,0,0,-866,0,0,0,0,0,216,0,0,0,0,0,-24,0,0,0,0,0,1 # compose_4x6 r=0
46672,0,0,0,46659,0,0,0,19440,0,0,0,4320,0,0,0,540,0,0,0,36,0,0,0,1 # compose_6x4 r=0
59,0,0,0,0,0,0,0,0,0,0,0,-14,0,0,0,0,0,0,0,0,0,0,0,1 # compose_2x12 r=0
1305,0,0,0,0,0,865,0,0,0,0,0,216,0,0,0,0,0,24,0,0,0,0,0,1 # compose_4x6 r=0
243,0,0,0,0,0,253,0,0,0,0,0,96,0,0,0,0,0,16,0,0,0,0,0,1 # compose_4x6 r=0
7,0,0,0,-40,0,-20,0,84,0,84,0,-43,0,-96,0,-32,0,24,0,24,0,8,0,1 # compose_4x6 r=0
11,0,0,0,1,0,0,0,1,0,0,0,-1,0,0,0,-2,0,0,0,0,0,0,0,1 # compose_2x12 r=0
4103,0,12290,0,21505,0,25600,0,23040,0,16128,0,9024,0,4032,0,1440,0,400,0,84,0,12,0,1 # compose_6x4 r=0
7,0,0,0,0,0,0,0,0,-10,0,0,-5,0,0,0,0,0,4,0,0,4,0,0,1 # compose_2x12 r=0
15878,0,0,37800,-18900,0,37620,-37620,9405,20016,-30024,15012,3498,-12000,9000,-2040,-2025,2400,-1136,108,210,-160,60,-12,1 # compose_6x4 r=0
653,0,1020,0,604,0,670,0,620,0,240,0,183,0,120,0,24,0,20,0,8,0,0,0,1 # compose_4x6 r=0
5,0,-5,0,6,0,1,0,-11,0,12,0,2,0,-12,0,6,0,4,0,-4,0,0,0,1 # compose_4x6 r=0
71,0,0,0,-98,0,0,0,97,0,0,0,-56,0,0,0,24,0,0,0,-6,0,0,0,1 # compose_3x8 r=0
11,0,-31,0,24,0,-39,0,49,0,-24,0,28,0,-24,0,6,0,-8,0,4,0,0,0,1 # compose_4x6 r=4
79,51,12,1,0,0,0,0,51,24,3,0,0,0,0,0,12,3,0,0,0,0,0,0,1 # compose_3x8 r=0
23,0,0,0,-16,0,0,0,4,0,0,0,8,0,0,0,-4,0,0,0,0,0,0,0,1 # compose_2x12 r=0
46643,0,0,-46654,-46654,0,19440,38880,19440,-4320,-12960,-12960,-3780,2160,3240,2124,360,-360,-359,-174,-21,20,15,6,1 # compose_6x4 r=4
621,0,0,0,0,0,499,0,0,0,0,0,150,0,0,0,0,0,20,0,0,0,0,0,1 # compose_4x6 r=0
51,0,0,0,0,0,0,0,-15,0,0,0,-15,0,0,0,1,0,0,0,2,0,0,0,1 # compose_2x12 r=4
1305,0,0,-1730,0,0,-1,0,0,672,0,0,-56,0,0,-112,0,0,0,0,0,8,0,0,1 # compose_4x6 r=0
38,0,0,0,0,0,0,0,0,0,0,0,-13,0,0,0,0,0,0,0,0,0,0,0,1 # compose_2x12 r=4
267,0,0,0,-518,0,-259,0,384,0,384,0,-32,0,-192,0,-80,0,16,0,24,0,8,0,1 # compose_4x6 r=4
15502,0,-37350,0,56115,0,-57432,0,45348,0,-27954,0,13963,0,-5592,0,1815,0,-460,0,90,0,-12,0,1 # compose_6x4 r=0
53,0,0,0,92,0,0,0,94,0,0,0,56,0,0,0,24,0,0,0,6,0,0,0,1 # compose_3x8 r=0
4099,0,0,0,-6144,0,0,0,3840,0,0,0,-1280,0,0,0,240,0,0,0,-24,0,0,0,1 # compose_6x4 r=0
4289,0,0,0,6288,0,0,0,3876,0,0,0,1283,0,0,0,240,0,0,0,24,0,0,0,1 # compose_6x4 r=0
247,0,0,0,0,0,253,0,0,0,0,0,96,0,0,0,0,0,16,0,0,0,0,0,1 # compose_4x6 r=0
627,0,0,0,500,0,-500,0,150,0,-300,0,170,0,-60,0,61,0,-24,0,6,0,-4,0,1 # compose_4x6 r=0
13,0,10,0,4,0,0,0,0,0,0,0,-5,0,-4,0,0,0,0,0,0,0,0,0,1 # compose_2x12 r=0
46647,0,-93308,0,31106,0,43200,0,-23760,0,-9792,0,5824,0,1632,0,-660,0,-200,0,24,0,12,0,1 # compose_6x4 r=0
1307,0,0,0,0,0,-866,0,0,0,0,0,216,0,0,0,0,0,-24,0,0,0,0,0,1 # compose_4x6 r=4
44,0,0,0,0,0,0,0,0,0,0,0,-13,0,0,0,0,0,0,0,0,0,0,0,1 # compose_2x12 r=0
15503,18675,9360,2499,19050,18750,7498,1500,9510,7503,2250,300,2514,1500,300,20,375,150,15,0,30,6,0,0,1 # compose_6x4 r=0
71,0,0,-204,0,0,314,0,0,-308,0,0,213,0,0,-104,0,0,36,0,0,-8,0,0,1 # compose_4x6 r=0
259,0,0,0,0,0,-257,0,0,0,0,0,96,0,0,0,0,0,-16,0,0,0,0,0,1 # compose_4x6 r=4
638,-502,150,-20,1,0,502,-300,60,-4,0,0,150,-60,6,0,0,0,20,-4,0,0,0,0,1 # compose_4x6 r=0
736,-2922,4860,-4320,3621,-5436,6544,-4320,2655,-3432,3240,-1440,780,-1080,720,-160,135,-180,60,0,18,-12,0,0,1 # compose_6x4 r=0
5,0,0,0,0,0,0,0,5,0,0,0,-5,0,0,0,1,0,0,0,-2,0,0,0,1 # compose_2x12 r=4
307,0,-560,0,396,0,-408,0,412,0,-192,0,131,0,-96,0,24,0,-16,0,8,0,0,0,1 # compose_4x6 r=0
4105,0,0,6147,6147,0,3840,7680,3840,1280,3840,3840,1520,960,1440,984,360,240,241,126,39,20,15,6,1 # compose_6x4 r=0
29,0,0,0,0,0,0,0,0,-10,0,0,-10,0,0,0,0,0,1,0,0,2,0,0,1 # compose_2x12 r=0
5,0,-6,0,6,0,-10,0,13,0,-12,0,10,0,-12,0,6,0,-4,0,4,0,0,0,1 # compose_4x6 r=0
649,0,0,0,0,0,510,0,0,0,0,0,151,0,0,0,0,0,20,0,0,0,0,0,1 # compose_4x6 r=0
195,0,0,0,0,0,0,0,105,0,0,0,0,0,0,0,18,0,0,0,0,0,0,0,1 # compose_3x8 r=0
2,0,6,0,-12,0,8,0,3,0,-12,0,12,0,0,0,-3,0,6,0,0,0,0,0,1 # compose_3x8 r=0
47087,-46872,19476,-4322,47412,-38988,12967,-2160,19656,-12972,3240,-360,4337,-2160,360,-20,540,-180,15,0,36,-6,0,0,1 # compose_6x4 r=0
46659,0,0,0,-46657,0,0,0,19440,0,0,0,-4320,0,0,0,540,0,0,0,-36,0,0,0,1 # compose_6x4 r=4
77,0,0,0,107,0,107,0,54,0,108,0,66,0,36,0,37,0,16,0,6,0,4,0,1 # compose_4x6 r=0
4287,0,0,12576,-6288,0,15504,-15504,3876,10264,-15396,7698,2557,-7680,5760,-1152,-1680,1920,-896,48,216,-160,60,-12,1 # compose_6x4 r=4
62,0,0,0,94,0,0,0,95,0,0,0,56,0,0,0,24,0,0,0,6,0,0,0,1 # compose_3x8 r=0
37,0,0,0,0,0,0,0,0,0,0,0,-14,0,0,0,0,0,0,0,0,0,0,0,1 # compose_2x12 r=4
15,0,0,0,0,0,0,0,0,0,9,0,-9,0,0,0,0,0,0,0,1,0,-2,0,1 # compose_2x12 r=4
6,0,0,0,0,0,0,0,0,0,0,0,-8,0,0,0,0,0,0,0,0,0,0,0,1 # compose_2x12 r=4
627,0,1002,0,600,0,661,0,616,0,240,0,182,0,120,0,24,0,20,0,8,0,0,0,1 # compose_4x6 r=0
46873,0,0,-93528,46764,0,77832,-77832,19458,-34568,51852,-25926,12961,-17280,12960,-5472,3420,-2880,1504,-552,276,-160,60,-12,1 # compose_6x4 r=0
227,0,0,0,-220,0,0,0,182,0,0,0,-80,0,0,0,30,0,0,0,-6,0,0,0,1 # compose_3x8 r=0
4089,12286,15360,10240,9983,16128,15424,7680,5760,7872,5760,1920,1520,1920,960,160,240,240,60,0,24,12,0,0,1 # compose_6x4 r=0
233,0,0,0,-111,0,0,0,129,0,0,0,-37,0,0,0,21,0,0,0,-3,0,0,0,1 # compose_3x8 r=0
59,0,0,0,0,0,0,0,0,0,-14,0,-14,0,0,0,0,0,0,0,1,0,2,0,1 # compose_2x12 r=0
15638,-37506,37500,-20000,-12753,36540,-29936,12000,6975,-14808,9000,-2400,-2260,3000,-1200,160,375,-300,60,0,-30,12,0,0,1 # compose_6x4 r=4
59,0,0,0,0,0,0,0,0,0,0,0,15,0,0,0,0,0,0,0,0,0,0,0,1 # compose_2x12 r=0
15749,0,0,0,18825,0,0,0,9390,0,0,0,2501,0,0,0,375,0,0,0,30,0,0,0,1 # compose_6x4 r=0
79,-102,48,-8,0,0,0,0,51,-48,12,0,0,0,0,0,12,-6,0,0,0,0,0,0,1 # compose_3x8 r=0
1185,0,0,1656,0,0,24,0,0,-660,0,0,-59,0,0,112,0,0,0,0,0,-8,0,0,1 # compose_4x6 r=4
23,0,0,-52,0,0,36,0,26,-8,0,-36,0,0,12,0,9,0,0,-6,0,0,0,0,1 # compose_3x8 r=0
8,0,0,0,0,0,-22,0,11,0,0,0,24,0,-24,0,6,0,-8,0,12,0,-6,0,1 # compose_3x8 r=0
3,0,0,0,6,0,0,0,4,0,0,0,-3,0,0,0,-4,0,0,0,0,0,0,0,1 # compose_2x12 r=0
15607,37494,37500,20000,-12747,-36540,-29936,-12000,6975,14808,9000,2400,-2260,-3000,-1200,-160,375,300,60,0,-30,-12,0,0,1 # compose_6x4 r=4
15,0,0,0,0,-66,33,0,0,0,96,-96,24,0,0,-64,96,-48,8,0,16,-32,24,-8,1 # compose_4x6 r=4
107,0,0,0,0,-144,0,0,72,0,60,0,0,-60,0,-8,15,0,12,0,0,-6,0,0,1 # compose_3x8 r=0
4291,0,0,0,6288,0,0,0,3876,0,0,0,1283,0,0,0,240,0,0,0,24,0,0,0,1 # compose_6x4 r=0
261,0,0,0,0,0,257,0,0,0,0,0,96,0,0,0,0,0,16,0,0,0,0,0,1 # compose_4x6 r=0
47086,46872,19476,4322,47412,38988,12967,2160,19656,12972,3240,360,4337,2160,360,20,540,180,15,0,36,6,0,0,1 # compose_6x4 r=0
4157,12384,15408,10248,10032,16176,15436,7680,5772,7878,5760,1920,1521,1920,960,160,240,240,60,0,24,12,0,0,1 # compose_6x4 r=0
29,0,0,0,0,0,0,0,-20,0,0,0,-10,0,0,0,4,0,0,0,4,0,0,0,1 # compose_2x12 r=0
15378,0,0,0,18600,0,0,0,9345,0,0,0,2498,0,0,0,375,0,0,0,30,0,0,0,1 # compose_6x4 r=0
5,0,0,0,0,0,0,0,0,-8,0,0,8,0,0,0,0,0,1,0,0,-2,0,0,1 # compose_2x12 r=0
9,0,0,0,4,0,0,0,1,0,0,0,-4,0,0,0,-2,0,0,0,0,0,0,0,1 # compose_2x12 r=0
15634,0,0,18752,18752,0,9375,18750,9375,2500,7500,7500,2875,1500,2250,1530,525,300,301,156,45,20,15,6,1 # compose_6x4 r=0
123,0,0,0,74,0,0,0,89,0,0,0,31,0,0,0,18,0,0,0,3,0,0,0,1 # compose_3x8 r=0
4107,0,6147,0,-2307,0,-6400,0,240,0,2904,0,41,0,-726,0,15,0,100,0,-9,0,-6,0,1 # compose_6x4 r=4
30,0,0,0,0,0,0,0,0,-20,0,0,10,0,0,0,0,0,4,0,0,-4,0,0,1 # compose_2x12 r=0
17,0,0,0,-5,0,0,0,1,0,0,0,5,0,0,0,-2,0,0,0,0,0,0,0,1 # compose_2x12 r=0
21,0,0,0,0,0,0,0,0,-16,0,0,8,0,0,0,0,0,4,0,0,-4,0,0,1 # compose_2x12 r=0
59,0,0,-180,180,0,234,-468,234,-159,477,-477,219,-240,360,-252,120,-120,121,-66,27,-20,15,-6,1 # compose_6x4 r=0
31,0,0,0,11,0,0,0,1,0,0,0,-11,0,0,0,-2,0,0,0,0,0,0,0,1 # compose_2x12 r=0
3,0,0,0,0,0,-3,0,0,0,0,0,6,0,0,0,0,0,-4,0,0,0,0,0,1 # compose_4x6 r=0
5,0,0,20,0,0,30,0,0,0,0,0,-34,0,0,-2,0,0,19,0,0,-8,0,0,1 # compose_4x6 r=0
1262,0,0,0,0,0,-852,0,0,0,0,0,215,0,0,0,0,0,-24,0,0,0,0,0,1 # compose_4x6 r=0
1298,0,0,0,1728,0,-864,0,864,0,-864,0,408,0,-288,0,160,0,-56,0,24,0,-8,0,1 # compose_4x6 r=0
30,0,0,0,0,0,0,0,0,0,10,0,10,0,0,0,0,0,0,0,1,0,2,0,1 # compose_2x12 r=0
46,12,1,0,0,0,0,0,0,0,0,0,12,2,0,0,0,0,0,0,0,0,0,0,1 # compose_2x12 r=0
4,0,0,0,0,0,0,-6,0,0,0,0,3,0,4,0,0,0,0,-4,0,0,0,0,1 # compose_2x12 r=0
4106,0,0,0,6146,0,0,0,3840,0,0,0,1280,0,0,0,240,0,0,0,24,0,0,0,1 # compose_6x4 r=0
26,0,0,0,44,0,44,0,27,0,54,0,35,0,24,0,25,0,12,0,6,0,4,0,1 # compose_4x6 r=0
26,0,0,0,0,0,0,0,0,-9,0,0,-9,0,0,0,0,0,1,0,0,2,0,0,1 # compose_2x12 r=0
-1,0,0,0,0,-2,-1,0,0,0,24,24,6,0,0,-32,-48,-24,-4,0,16,32,24,8,1 # compose_4x6 r=4
16,0,0,0,0,0,0,0,0,9,0,0,9,0,0,0,0,0,1,0,0,2,0,0,1 # compose_2x12 r=0
46663,0,0,0,46657,0,0,0,19440,0,0,0,4320,0,0,0,540,0,0,0,36,0,0,0,1 # compose_6x4 r=0
3905,0,0,0,-6000,0,0,0,3804,0,0,0,-1277,0,0,0,240,0,0,0,-24,0,0,0,1 # compose_6x4 r=4
47,0,0,-26,0,0,4,0,0,0,0,0,13,0,0,-4,0,0,0,0,0,0,0,0,1 # compose_2x12 r=0
15622,0,0,0,-18750,0,0,0,9375,0,0,0,-2500,0,0,0,375,0,0,0,-30,0,0,0,1 # compose_6x4 r=4
69,0,0,0,193,0,0,0,240,0,0,0,160,0,0,0,60,0,0,0,12,0,0,0,1 # compose_6x4 r=0
46226,0,-46440,0,-27036,0,34490,0,6990,0,-10830,0,-1257,0,1806,0,195,0,-160,0,-21,0,6,0,1 # compose_6x4 r=0
5,0,0,0,0,0,0,0,0,0,0,0,-1,0,0,0,0,0,0,0,0,0,0,0,1 # compose_2x12 r=0
245,0,-506,0,384,0,-381,0,400,0,-192,0,128,0,-96,0,24,0,-16,0,8,0,0,0,1 # compose_4x6 r=4
13,0,0,0,0,32,-32,0,0,0,24,-48,24,0,0,8,-24,24,-8,0,1,-4,6,-4,1 # compose_4x6 r=4
1299,-865,216,-24,1,0,865,-432,72,-4,0,0,216,-72,6,0,0,0,24,-4,0,0,0,0,1 # compose_4x6 r=0
-1,0,0,0,0,-10,-5,0,0,0,24,24,6,0,0,-32,-48,-24,-4,0,16,32,24,8,1 # compose_4x6 r=4
3,0,1,0,1,0,0,0,0,0,0,0,1,0,2,0,0,0,0,0,0,0,0,0,1 # compose_2x12 r=0
50,0,0,0,0,0,0,0,0,0,0,0,13,0,0,0,0,0,0,0,0,0,0,0,1 # compose_2x12 r=0
15622,0,37500,0,56250,0,57500,0,45375,0,27960,0,13964,0,5592,0,1815,0,460,0,90,0,12,0,1 # compose_6x4 r=0
15999,0,0,0,18975,0,0,0,9420,0,0,0,2503,0,0,0,375,0,0,0,30,0,0,0,1 # compose_6x4 r=0
-1,0,0,0,0,0,0,0,0,0,0,2,-1,0,0,0,0,0,0,0,0,0,4,-4,1 # compose_2x12 r=4
1403,0,900,0,219,0,-876,0,-437,0,-72,0,215,0,72,0,6,0,-24,0,-4,0,0,0,1 # compose_4x6 r=4
15631,37502,37500,20000,-12751,-36540,-29936,-12000,6975,14808,9000,2400,-2260,-3000,-1200,-160,375,300,60,0,-30,-12,0,0,1 # compose_6x4 r=0
4085,0,0,6141,6141,0,3840,7680,3840,1280,3840,3840,1520,960,1440,984,360,240,241,126,39,20,15,6,1 # compose_6x4 r=0
4031,0,0,-12192,-6096,0,15312,15312,3828,-10232,-15348,-7674,2561,7680,5760,1152,-1680,-1920,-896,-48,216,160,60,12,1 # compose_6x4 r=4
27,0,0,0,-18,0,0,0,4,0,0,0,-9,0,0,0,4,0,0,0,0,0,0,0,1 # compose_2x12 r=0
137,0,0,0,0,0,77,0,77,0,0,0,15,0,30,0,15,0,1,0,3,0,3,0,1 # compose_3x8 r=0
53,0,0,0,0,0,-45,0,45,0,0,0,12,0,-24,0,12,0,-1,0,3,0,-3,0,1 # compose_3x8 r=0
46,0,0,13,0,0,1,0,0,0,0,0,13,0,0,2,0,0,0,0,0,0,0,0,1 # compose_2x12 r=0
50,0,0,0,0,0,0,0,0,0,0,0,-14,0,0,0,0,0,0,0,0,0,0,0,1 # compose_2x12 r=0
271,0,0,0,0,0,-259,0,0,0,0,0,96,0,0,0,0,0,-16,0,0,0,0,0,1 # compose_4x6 r=0
237,0,0,0,111,0,0,0,129,0,0,0,37,0,0,0,21,0,0,0,3,0,0,0,1 # compose_3x8 r=0
38,0,0,0,0,0,0,0,0,0,-14,0,-14,0,0,0,0,0,0,0,1,0,2,0,1 # compose_2x12 r=4
23,0,-9,0,1,0,0,0,0,0,0,0,-9,0,2,0,0,0,0,0,0,0,0,0,1 # compose_2x12 r=0
726,0,0,2916,-1458,0,4860,-4860,1215,4320,-6480,3240,1620,-4320,3240,-504,-1305,1440,-656,-12,222,-160,60,-12,1 # compose_6x4 r=4
3,0,0,0,0,0,18,0,9,0,0,0,24,0,24,0,6,0,8,0,12,0,6,0,1 # compose_3x8 r=0
1227,0,0,0,0,840,840,0,0,0,214,428,214,0,0,24,72,72,24,0,1,4,6,4,1 # compose_4x6 r=0
35,-11,1,0,0,0,0,0,0,0,0,0,11,-2,0,0,0,0,0,0,0,0,0,0,1 # compose_2x12 r=0
53,0,0,0,0,0,0,0,0,0,0,0,-13,0,0,0,0,0,0,0,0,0,0,0,1 # compose_2x12 r=0
15503,0,-18675,0,-9315,0,16221,0,2238,0,-6027,0,-398,0,1206,0,90,0,-130,0,-15,0,6,0,1 # compose_6x4 r=0
63,0,0,-380,190,0,960,-960,240,-1280,1920,-960,1120,-1920,1440,-864,1020,-960,544,-312,252,-160,60,-12,1 # compose_6x4 r=0
638,0,0,0,502,0,-502,0,150,0,-300,0,170,0,-60,0,61,0,-24,0,6,0,-4,0,1 # compose_4x6 r=0
26,0,0,0,0,0,0,0,0,0,0,0,9,0,0,0,0,0,0,0,0,0,0,0,1 # compose_2x12 r=0
1306,0,0,0,0,0,-866,0,0,0,0,0,216,0,0,0,0,0,-24,0,0,0,0,0,1 # compose_4x6 r=4
241,0,253,0,96,0,269,0,193,0,48,0,100,0,48,0,6,0,16,0,4,0,0,0,1 # compose_4x6 r=0
573,0,-960,0,592,0,-640,0,608,0,-240,0,180,0,-120,0,24,0,-20,0,8,0,0,0,1 # compose_4x6 r=4
1,0,0,6,3,0,48,48,12,152,228,114,259,480,360,312,495,480,304,252,246,160,60,12,1 # compose_6x4 r=0
63,0,0,0,193,0,0,0,240,0,0,0,160,0,0,0,60,0,0,0,12,0,0,0,1 # compose_6x4 r=0
2,0,0,0,0,4,0,0,0,0,4,0,2,0,0,0,0,4,0,0,0,0,0,0,1 # compose_2x12 r=0
255,0,0,0,0,0,255,0,0,0,0,0,96,0,0,0,0,0,16,0,0,0,0,0,1 # compose_4x6 r=0
27,0,0,0,0,0,0,9,0,0,0,0,9,0,1,0,0,0,0,2,0,0,0,0,1 # compose_2x12 r=0
11,0,0,0,7,0,0,0,1,0,0,0,7,0,0,0,2,0,0,0,0,0,0,0,1 # compose_2x12 r=0
-1,-2,24,-32,16,0,1,-24,48,-32,0,0,6,-24,24,0,0,0,4,-8,0,0,0,0,1 # compose_4x6 r=4
15,0,0,0,0,-7,0,0,0,0,1,0,7,0,0,0,0,-2,0,0,0,0,0,0,1 # compose_2x12 r=0
25,0,0,0,0,0,0,0,0,0,0,0,11,0,0,0,0,0,0,0,0,0,0,0,1 # compose_2x12 r=0
28,0,0,0,-18,0,0,0,4,0,0,0,-9,0,0,0,4,0,0,0,0,0,0,0,1 # compose_2x12 r=0
73,0,0,0,0,0,0,0,51,0,0,0,0,0,0,0,12,0,0,0,0,0,0,0,1 # compose_3x8 r=0
3277,0,0,0,-5079,0,0,0,3285,0,0,0,-1135,0,0,0,221,0,0,0,-23,0,0,0,1 # compose_6x4 r=0
1,0,-7,0,6,0,3,0,-11,0,12,0,2,0,-12,0,6,0,4,0,-4,0,0,0,1 # compose_4x6 r=4
9,0,-7,0,1,0,0,0,0,0,0,0,-7,0,2,0,0,0,0,0,0,0,0,0,1 # compose_2x12 r=4
27,22,4,0,0,0,0,0,0,0,0,0,-11,-4,0,0,0,0,0,0,0,0,0,0,1 # compose_2x12 r=4
15613,0,0,0,18747,0,0,0,9375,0,0,0,2500,0,0,0,375,0,0,0,30,0,0,0,1 # compose_6x4 r=0
1299,0,0,0,0,0,-864,0,0,0,0,0,216,0,0,0,0,0,-24,0,0,0,0,0,1 # compose_4x6 r=0
118,-74,15,-1,0,0,0,0,74,-30,3,0,0,0,0,0,15,-3,0,0,0,0,0,0,1 # compose_3x8 r=0
628,0,0,-1000,0,0,100,0,0,440,0,0,-74,0,0,-88,0,0,4,0,0,8,0,0,1 # compose_4x6 r=0
7,0,0,0,0,0,0,0,0,0,14,0,-7,0,0,0,0,0,0,0,4,0,-4,0,1 # compose_2x12 r=4
737,0,0,0,1460,0,0,0,1215,0,0,0,540,0,0,0,135,0,0,0,18,0,0,0,1 # compose_6x4 r=0
12,0,0,0,0,3,0,0,0,0,1,0,-3,0,0,0,0,-2,0,0,0,0,0,0,1 # compose_2x12 r=0
28,0,0,0,0,0,0,0,0,0,0,18,-9,0,0,0,0,0,0,0,0,0,4,-4,1 # compose_2x12 r=0
213,0,216,0,72,0,8,0,108,0,72,0,12,0,0,0,18,0,6,0,0,0,0,0,1 # compose_3x8 r=0
723,1457,1215,540,-1322,-2412,-1619,-540,1125,1614,810,180,-525,-540,-180,-20,135,90,15,0,-18,-6,0,0,1 # compose_6x4 r=4
47,0,0,0,0,0,-26,0,0,0,0,0,17,0,0,0,0,0,-4,0,0,0,0,0,1 # compose_2x12 r=0
10,-16,4,0,0,0,0,0,0,0,0,0,-8,4,0,0,0,0,0,0,0,0,0,0,1 # compose_2x12 r=4
639,0,0,0,0,503,503,0,0,0,150,300,150,0,0,20,60,60,20,0,1,4,6,4,1 # compose_4x6 r=0
62,0,0,94,0,0,48,0,47,8,0,48,0,0,12,0,12,0,0,6,0,0,0,0,1 # compose_3x8 r=0
20,0,0,8,0,0,1,0,0,0,0,0,8,0,0,2,0,0,0,0,0,0,0,0,1 # compose_2x12 r=0
78,0,108,0,54,0,120,0,109,0,36,0,58,0,36,0,6,0,12,0,4,0,0,0,1 # compose_4x6 r=0
55987,0,-54121,0,75956,0,-48375,0,36521,0,-16436,0,8317,0,-2660,0,956,0,-205,0,52,0,-6,0,1 # compose_6x4 r=0
1222,0,0,0,840,0,840,0,214,0,428,0,238,0,72,0,73,0,28,0,6,0,4,0,1 # compose_4x6 r=0
12,0,5,0,1,0,0,0,0,0,0,0,5,0,2,0,0,0,0,0,0,0,0,0,1 # compose_2x12 r=0
17,0,0,0,20,0,0,0,4,0,0,0,10,0,0,0,4,0,0,0,0,0,0,0,1 # compose_2x12 r=0
17,0,0,0,0,0,0,7,0,0,0,0,7,0,1,0,0,0,0,2,0,0,0,0,1 # compose_2x12 r=0
33,0,0,0,0,0,0,0,0,0,0,0,11,0,0,0,0,0,0,0,0,0,0,0,1 # compose_2x12 r=0
1293,0,0,-1726,0,0,1727,0,0,-1056,0,0,520,0,0,-176,0,0,48,0,0,-8,0,0,1 # compose_4x6 r=0
15637,0,0,0,-18753,0,0,0,9375,0,0,0,-2500,0,0,0,375,0,0,0,-30,0,0,0,1 # compose_6x4 r=4
599,0,0,0,0,490,-490,0,0,0,149,-298,149,0,0,20,-60,60,-20,0,1,-4,6,-4,1 # compose_4x6 r=4
46647,-93308,77760,-34560,-38014,76608,-51776,17280,16560,-25728,12960,-2880,-4080,4320,-1440,160,540,-360,60,0,-36,12,0,0,1 # compose_6x4 r=0
13,0,0,0,0,0,20,0,0,0,0,0,-6,0,0,0,0,0,-4,0,0,0,0,0,1 # compose_2x12 r=4
11,0,0,0,0,0,0,0,0,0,14,0,7,0,0,0,0,0,0,0,4,0,4,0,1 # compose_2x12 r=0
1303,865,216,24,1,0,865,432,72,4,0,0,216,72,6,0,0,0,24,4,0,0,0,0,1 # compose_4x6 r=0
122,0,-75,0,15,0,-1,0,75,0,-30,0,3,0,0,0,15,0,-3,0,0,0,0,0,1 # compose_3x8 r=0
32,0,0,0,0,0,0,0,0,0,-13,0,13,0,0,0,0,0,0,0,1,0,-2,0,1 # compose_2x12 r=0
4,0,0,0,0,4,-4,0,0,0,6,-12,6,0,0,4,-12,12,-4,0,1,-4,6,-4,1 # compose_4x6 r=0
7,0,0,0,0,0,0,0,0,5,0,0,-5,0,0,0,0,0,1,0,0,-2,0,0,1 # compose_2x12 r=0
1291,0,0,0,1726,0,863,0,864,0,864,0,408,0,288,0,160,0,56,0,24,0,8,0,1 # compose_4x6 r=0
12,0,0,0,0,0,0,18,0,0,0,0,9,0,4,0,0,0,0,4,0,0,0,0,1 # compose_2x12 r=0
10,0,0,0,0,-10,0,0,0,0,4,0,5,0,0,0,0,-4,0,0,0,0,0,0,1 # compose_2x12 r=0
13,0,0,0,0,13,0,0,13,0,6,0,0,12,0,1,6,0,3,0,0,3,0,0,1 # compose_3x8 r=0
24,0,0,-50,0,0,36,0,25,-8,0,-36,0,0,12,0,9,0,0,-6,0,0,0,0,1 # compose_3x8 r=0
1,0,-6,0,39,0,-140,0,341,0,-590,0,741,0,-680,0,451,0,-210,0,65,0,-12,0,1 # compose_6x4 r=0
8,0,0,0,0,0,0,0,-14,0,0,0,-7,0,0,0,4,0,0,0,4,0,0,0,1 # compose_2x12 r=4
1402,0,900,0,219,0,-876,0,-437,0,-72,0,215,0,72,0,6,0,-24,0,-4,0,0,0,1 # compose_4x6 r=4
8,0,0,0,0,5,0,0,0,0,1,0,5,0,0,0,0,2,0,0,0,0,0,0,1 # compose_2x12 r=0
674,0,0,0,0,520,-520,0,0,0,152,-304,152,0,0,20,-60,60,-20,0,1,-4,6,-4,1 # compose_4x6 r=4
47302,0,93960,0,124956,0,112560,0,80010,0,44370,0,20227,0,7392,0,2220,0,520,0,96,0,12,0,1 # compose_6x4 r=0
1,0,-9,0,-6,0,-1,0,9,0,12,0,3,0,0,0,-6,0,-3,0,0,0,0,0,1 # compose_3x8 r=4
15622,0,0,0,18750,0,0,0,9375,0,0,0,2500,0,0,0,375,0,0,0,30,0,0,0,1 # compose_6x4 r=0
28,0,0,0,0,0,0,0,0,0,0,9,9,0,0,0,0,0,0,0,0,0,1,2,1 # compose_2x12 r=0
13,0,0,0,0,9,0,0,0,0,1,0,-9,0,0,0,0,-2,0,0,0,0,0,0,1 # compose_2x12 r=4
46226,0,-92880,0,124056,0,-112160,0,79860,0,-44340,0,20222,0,-7392,0,2220,0,-520,0,96,0,-12,0,1 # compose_6x4 r=0
20,0,8,0,1,0,0,0,0,0,0,0,8,0,2,0,0,0,0,0,0,0,0,0,1 # compose_2x12 r=0
79,0,0,-216,216,0,252,-504,252,-162,486,-486,222,-240,360,-252,120,-120,121,-66,27,-20,15,-6,1 # compose_6x4 r=0
33,0,0,0,0,0,0,0,0,0,0,24,12,0,0,0,0,0,0,0,0,0,4,4,1 # compose_2x12 r=4
243,0,-253,0,96,0,237,0,-191,0,48,0,92,0,-48,0,6,0,16,0,-4,0,0,0,1 # compose_4x6 r=0
13,0,-6,0,4,0,0,0,0,0,0,0,-3,0,4,0,0,0,0,0,0,0,0,0,1 # compose_2x12 r=0
8,0,0,0,0,0,0,0,0,0,0,-10,5,0,0,0,0,0,0,0,0,0,4,-4,1 # compose_2x12 r=0
212,107,18,1,0,0,0,0,107,36,3,0,0,0,0,0,18,3,0,0,0,0,0,0,1 # compose_3x8 r=0
97,0,240,0,224,0,216,0,240,0,144,0,88,0,72,0,24,0,12,0,8,0,0,0,1 # compose_4x6 r=0
46677,0,0,0,46659,0,0,0,19440,0,0,0,4320,0,0,0,540,0,0,0,36,0,0,0,1 # compose_6x4 r=0
65,0,0,0,191,0,0,0,240,0,0,0,160,0,0,0,60,0,0,0,12,0,0,0,1 # compose_6x4 r=0
1,0,0,0,-14,0,7,0,24,0,-24,0,-26,0,48,0,-8,0,-28,0,24,0,-8,0,1 # compose_4x6 r=4
77,0,0,0,0,214,107,0,0,0,216,216,54,0,0,96,144,72,12,0,16,32,24,8,1 # compose_4x6 r=4
1287,0,863,0,216,0,-839,0,-431,0,-72,0,212,0,72,0,6,0,-24,0,-4,0,0,0,1 # compose_4x6 r=4
3971,0,0,0,-6048,0,0,0,3816,0,0,0,-1278,0,0,0,240,0,0,0,-24,0,0,0,1 # compose_6x4 r=0
35,0,0,0,0,0,60,0,30,0,0,0,36,0,36,0,9,0,8,0,12,0,6,0,1 # compose_3x8 r=0
37,0,0,0,0,0,0,0,0,0,0,0,11,0,0,0,0,0,0,0,0,0,0,0,1 # compose_2x12 r=0
35,0,0,0,0,0,0,0,0,0,0,0,-11,0,0,0,0,0,0,0,0,0,0,0,1 # compose_2x12 r=0
121,148,60,8,0,0,0,0,74,60,12,0,0,0,0,0,15,6,0,0,0,0,0,0,1 # compose_3x8 r=0
223,0,0,0,0,0,240,0,0,0,0,0,94,0,0,0,0,0,16,0,0,0,0,0,1 # compose_4x6 r=0
46652,93310,77760,34560,-38015,-76608,-51776,-17280,16560,25728,12960,2880,-4080,-4320,-1440,-160,540,360,60,0,-36,-12,0,0,1 # compose_6x4 r=0
206,0,0,-464,0,0,140,0,0,244,0,0,-83,0,0,-64,0,0,8,0,0,8,0,0,1 # compose_4x6 r=4
613,0,0,0,0,0,497,0,0,0,0,0,150,0,0,0,0,0,20,0,0,0,0,0,1 # compose_4x6 r=0
3,0,0,-9,-9,0,18,36,18,-21,-63,-63,-6,60,90,54,-15,-60,-59,-24,9,20,15,6,1 # compose_6x4 r=0
735,0,0,2922,1461,0,4860,4860,1215,4320,6480,3240,2700,4320,3240,1656,1575,1440,784,372,258,160,60,12,1 # compose_6x4 r=0
1293,0,0,0,864,0,864,0,216,0,432,0,240,0,72,0,73,0,28,0,6,0,4,0,1 # compose_4x6 r=0
5,0,0,0,0,0,0,0,0,0,0,0,-7,0,0,0,0,0,0,0,0,0,0,0,1 # compose_2x12 r=4
10,0,24,0,24,0,8,0,12,0,24,0,12,0,0,0,6,0,6,0,0,0,0,0,1 # compose_3x8 r=0
4033,0,-6096,0,9924,0,-8935,0,7905,0,-4821,0,2840,0,-1206,0,495,0,-140,0,39,0,-6,0,1 # compose_6x4 r=0
3,0,0,0,0,7,0,0,0,0,1,0,7,0,0,0,0,2,0,0,0,0,0,0,1 # compose_2x12 r=0
1,0,4,0,11,0,-10,0,-30,0,6,0,41,0,-6,0,-30,0,10,0,9,0,-6,0,1 # compose_6x4 r=0
25,0,0,0,-35,0,-35,0,24,0,48,0,16,0,-24,0,-23,0,-4,0,6,0,4,0,1 # compose_4x6 r=0
37,0,0,0,0,0,0,0,0,0,0,13,-13,0,0,0,0,0,0,0,0,0,1,-2,1 # compose_2x12 r=4
14,0,0,0,64,0,-32,0,96,0,-96,0,88,0,-96,0,64,0,-40,0,24,0,-8,0,1 # compose_4x6 r=4
1,0,-14,0,4,0,0,0,0,0,0,0,-7,0,4,0,0,0,0,0,0,0,0,0,1 # compose_2x12 r=4
15,0,0,0,0,0,0,0,0,0,0,5,5,0,0,0,0,0,0,0,0,0,1,2,1 # compose_2x12 r=0
4163,0,0,0,-6192,0,0,0,3852,0,0,0,-1281,0,0,0,240,0,0,0,-24,0,0,0,1 # compose_6x4 r=0
79,107,54,12,1,0,107,108,36,4,0,0,54,36,6,0,0,0,12,4,0,0,0,0,1 # compose_4x6 r=0
613,0,497,0,150,0,-477,0,-299,0,-60,0,146,0,60,0,6,0,-20,0,-4,0,0,0,1 # compose_4x6 r=0
23,0,0,0,0,0,0,-22,0,0,0,0,-11,0,4,0,0,0,0,4,0,0,0,0,1 # compose_2x12 r=4
22,0,0,0,0,0,0,0,0,0,-16,0,-8,0,0,0,0,0,0,0,4,0,4,0,1 # compose_2x12 r=0
247,0,-508,0,384,0,-382,0,400,0,-192,0,128,0,-96,0,24,0,-16,0,8,0,0,0,1 # compose_4x6 r=4
-6,0,0,0,0,0,0,0,0,-4,0,0,-2,0,0,0,0,0,4,0,0,4,0,0,1 # compose_2x12 r=4
15874,0,0,0,18900,0,0,0,9405,0,0,0,2502,0,0,0,375,0,0,0,30,0,0,0,1 # compose_6x4 r=0
31,0,0,49,0,0,80,0,0,71,0,0,59,0,0,31,0,0,15,0,0,4,0,0,1 # compose_4x6 r=0
105,0,0,0,-252,0,-126,0,228,0,228,0,-39,0,-144,0,-56,0,20,0,24,0,8,0,1 # compose_4x6 r=4
548,0,0,0,0,-470,470,0,0,0,147,-294,147,0,0,-20,60,-60,20,0,1,-4,6,-4,1 # compose_4x6 r=0
15,0,0,0,0,0,0,0,0,14,0,0,7,0,0,0,0,0,4,0,0,4,0,0,1 # compose_2x12 r=0
18,0,0,0,32,0,32,0,24,0,48,0,32,0,24,0,25,0,12,0,6,0,4,0,1 # compose_4x6 r=0
29,0,0,0,0,0,0,0,22,0,0,0,11,0,0,0,4,0,0,0,4,0,0,0,1 # compose_2x12 r=0
13,0,13,0,6,0,1,0,13,0,12,0,3,0,0,0,6,0,3,0,0,0,0,0,1 # compose_3x8 r=0
87,0,114,0,55,0,126,0,111,0,36,0,59,0,36,0,6,0,12,0,4,0,0,0,1 # compose_4x6 r=0
122,0,0,0,0,148,0,0,74,0,60,0,0,60,0,8,15,0,12,0,0,6,0,0,1 # compose_3x8 r=0
41,-11,1,0,0,0,0,0,0,0,0,0,-11,2,0,0,0,0,0,0,0,0,0,0,1 # compose_2x12 r=0
10,0,0,12,0,0,6,0,12,1,0,12,0,0,3,0,6,0,0,3,0,0,0,0,1 # compose_3x8 r=0
3,0,0,0,0,0,0,-1,0,0,0,0,-1,0,1,0,0,0,0,2,0,0,0,0,1 # compose_2x12 r=0
3277,10158,13140,9080,8615,13876,13684,7072,5125,7002,5304,1840,1375,1768,920,160,221,230,60,0,23,12,0,0,1 # compose_6x4 r=0
208,214,72,8,0,0,0,0,107,72,12,0,0,0,0,0,18,6,0,0,0,0,0,0,1 # compose_3x8 r=0
647,-1020,604,-160,16,0,-510,604,-240,32,0,0,151,-120,24,0,0,0,-20,8,0,0,0,0,1 # compose_4x6 r=4
122,0,0,0,0,0,148,0,74,0,0,0,60,0,60,0,15,0,8,0,12,0,6,0,1 # compose_3x8 r=0
5,0,0,0,0,0,0,-4,0,0,0,0,4,0,1,0,0,0,0,-2,0,0,0,0,1 # compose_2x12 r=0
25,0,0,0,0,0,0,11,0,0,0,0,11,0,1,0,0,0,0,2,0,0,0,0,1 # compose_2x12 r=0
74,0,0,0,-51,0,0,0,63,0,0,0,-25,0,0,0,15,0,0,0,-3,0,0,0,1 # compose_3x8 r=0
78,0,0,216,216,0,252,504,252,162,486,486,222,240,360,252,120,120,121,66,27,20,15,6,1 # compose_6x4 r=0
5,0,0,0,0,0,0,0,0,0,1,0,0,0,0,0,0,2,0,0,0,0,0,0,1 # compose_2x12 r=0
731,0,0,1458,1458,0,1215,2430,1215,540,1620,1620,675,540,810,558,225,180,181,96,33,20,15,6,1 # compose_6x4 r=0
37,0,0,0,0,0,0,0,0,-14,0,0,-14,0,0,0,0,0,1,0,0,2,0,0,1 # compose_2x12 r=4
127,0,0,0,-321,0,0,0,351,0,0,0,-209,0,0,0,71,0,0,0,-13,0,0,0,1 # compose_6x4 r=0
10,0,0,0,0,0,0,0,0,0,0,5,5,0,0,0,0,0,0,0,0,0,1,2,1 # compose_2x12 r=0
22,0,0,0,0,0,0,0,0,0,-10,0,10,0,0,0,0,0,0,0,1,0,-2,0,1 # compose_2x12 r=0
3,0,0,0,0,0,0,11,11,0,0,0,0,0,6,12,6,0,0,0,0,1,3,3,1 # compose_3x8 r=0
275,0,0,0,0,264,-264,0,0,0,97,-194,97,0,0,16,-48,48,-16,0,1,-4,6,-4,1 # compose_4x6 r=0
63,0,0,0,0,0,0,-47,47,0,0,0,0,0,12,-24,12,0,0,0,0,-1,3,-3,1 # compose_3x8 r=0
69,0,0,408,-204,0,984,-984,246,1288,-1932,966,799,-1920,1440,-96,-900,960,-416,-72,228,-160,60,-12,1 # compose_6x4 r=4
1111,-767,199,-23,1,0,767,-398,69,-4,0,0,199,-69,6,0,0,0,23,-4,0,0,0,0,1 # compose_4x6 r=0
-1,0,0,0,0,8,0,0,0,0,4,0,-4,0,0,0,0,-4,0,0,0,0,0,0,1 # compose_2x12 r=4
1,0,0,0,-8,0,0,0,15,0,0,0,-20,0,0,0,15,0,0,0,-6,0,0,0,1 # compose_6x4 r=4
223,0,0,240,0,0,334,0,0,204,0,0,143,0,0,52,0,0,22,0,0,4,0,0,1 # compose_4x6 r=0
626,0,0,0,1000,0,-500,0,600,0,-600,0,310,0,-240,0,136,0,-52,0,24,0,-8,0,1 # compose_4x6 r=0
4286,12576,15504,10264,10128,16272,15460,7680,5796,7890,5760,1920,1523,1920,960,160,240,240,60,0,24,12,0,0,1 # compose_6x4 r=0
16,0,0,0,0,0,0,0,0,14,0,0,7,0,0,0,0,0,4,0,0,4,0,0,1 # compose_2x12 r=0
71,0,0,0,204,0,0,0,246,0,0,0,161,0,0,0,60,0,0,0,12,0,0,0,1 # compose_6x4 r=0
649,-1020,604,-160,16,0,-510,604,-240,32,0,0,151,-120,24,0,0,0,-20,8,0,0,0,0,1 # compose_4x6 r=4
15622,0,37500,0,18750,0,-17500,0,-14625,0,3960,0,4164,0,-792,0,-585,0,140,0,30,0,-12,0,1 # compose_6x4 r=4
521,-868,544,-152,16,0,434,-544,228,-32,0,0,136,-114,24,0,0,0,19,-8,0,0,0,0,1 # compose_4x6 r=0
31,0,0,0,0,44,-44,0,0,0,27,-54,27,0,0,8,-24,24,-8,0,1,-4,6,-4,1 # compose_4x6 r=0
206,0,-212,0,72,0,-8,0,106,0,-72,0,12,0,0,0,18,0,-6,0,0,0,0,0,1 # compose_3x8 r=0
8,0,0,1,0,0,1,0,0,0,0,0,-1,0,0,-2,0,0,0,0,0,0,0,0,1 # compose_2x12 r=0
46649,0,0,0,-46655,0,0,0,19440,0,0,0,-4320,0,0,0,540,0,0,0,-36,0,0,0,1 # compose_6x4 r=4
226,480,376,128,16,0,-240,-376,-192,-32,0,0,94,96,24,0,0,0,-16,-8,0,0,0,0,1 # compose_4x6 r=0
212,0,0,0,0,-107,0,0,107,0,18,0,0,-36,0,-1,18,0,3,0,0,-3,0,0,1 # compose_3x8 r=0
231,0,0,0,0,0,0,0,111,0,0,0,0,0,0,0,18,0,0,0,0,0,0,0,1 # compose_3x8 r=0
15617,0,0,37498,18749,0,37500,37500,9375,20000,30000,15000,8500,12000,9000,3960,2775,2400,1264,492,270,160,60,12,1 # compose_6x4 r=0
782,0,1512,0,-279,0,-1924,0,-258,0,1104,0,179,0,-366,0,-30,0,70,0,-3,0,-6,0,1 # compose_6x4 r=4
15609,0,0,-37494,-18747,0,37500,37500,9375,-20000,-30000,-15000,3500,12000,9000,2040,-2025,-2400,-1136,-108,210,160,60,12,1 # compose_6x4 r=4
15,-7,1,0,0,0,0,0,0,0,0,0,7,-2,0,0,0,0,0,0,0,0,0,0,1 # compose_2x12 r=0
1298,0,0,0,0,0,-864,0,0,0,0,0,216,0,0,0,0,0,-24,0,0,0,0,0,1 # compose_4x6 r=0
253,0,0,0,0,0,255,0,0,0,0,0,96,0,0,0,0,0,16,0,0,0,0,0,1 # compose_4x6 r=0
16003,0,0,0,-18975,0,0,0,9420,0,0,0,-2503,0,0,0,375,0,0,0,-30,0,0,0,1 # compose_6x4 r=0
207,-107,18,-1,0,0,0,0,107,-36,3,0,0,0,0,0,18,-3,0,0,0,0,0,0,1 # compose_3x8 r=0
4091,-12286,15360,-10240,-2303,14592,-15296,7680,1920,-7488,5760,-1920,-1040,1920,-960,160,240,-240,60,0,-24,12,0,0,1 # compose_6x4 r=4
53,0,-180,0,54,0,309,0,-183,0,-249,0,142,0,126,0,-45,0,-40,0,3,0,6,0,1 # compose_6x4 r=4
24,0,0,0,0,54,0,0,27,0,36,0,0,36,0,8,9,0,12,0,0,6,0,0,1 # compose_3x8 r=0
43,0,0,0,0,0,0,0,0,0,0,0,13,0,0,0,0,0,0,0,0,0,0,0,1 # compose_2x12 r=0
1259,0,0,0,852,0,852,0,215,0,430,0,239,0,72,0,73,0,28,0,6,0,4,0,1 # compose_4x6 r=0
5,0,0,0,0,0,0,0,-4,0,0,0,-4,0,0,0,1,0,0,0,2,0,0,0,1 # compose_2x12 r=0
698,0,0,0,0,0,530,0,0,0,0,0,153,0,0,0,0,0,20,0,0,0,0,0,1 # compose_4x6 r=0
734,0,-1460,0,-245,0,1890,0,-270,0,-1098,0,181,0,366,0,-30,0,-70,0,-3,0,6,0,1 # compose_6x4 r=4
1286,0,1724,0,864,0,1054,0,880,0,288,0,248,0,144,0,24,0,24,0,8,0,0,0,1 # compose_4x6 r=0
46675,0,0,0,-46659,0,0,0,19440,0,0,0,-4320,0,0,0,540,0,0,0,-36,0,0,0,1 # compose_6x4 r=4
26,0,0,0,0,10,0,0,0,0,1,0,10,0,0,0,0,2,0,0,0,0,0,0,1 # compose_2x12 r=0
122,0,150,0,60,0,8,0,75,0,60,0,12,0,0,0,15,0,6,0,0,0,0,0,1 # compose_3x8 r=0
1275,1722,864,192,16,0,861,864,288,32,0,0,216,144,24,0,0,0,24,8,0,0,0,0,1 # compose_4x6 r=0
51,0,0,0,0,0,0,0,0,0,0,0,13,0,0,0,0,0,0,0,0,0,0,0,1 # compose_2x12 r=0
134,0,0,0,0,0,0,0,77,0,0,0,0,0,0,0,15,0,0,0,0,0,0,0,1 # compose_3x8 r=0
22,0,0,0,0,0,0,0,0,0,0,11,11,0,0,0,0,0,0,0,0,0,1,2,1 # compose_2x12 r=0
697,-1060,612,-160,16,0,530,-612,240,-32,0,0,153,-120,24,0,0,0,20,-8,0,0,0,0,1 # compose_4x6 r=0
24,0,0,0,0,9,0,0,0,0,1,0,-9,0,0,0,0,-2,0,0,0,0,0,0,1 # compose_2x12 r=0
47,0,0,0,0,0,0,0,0,0,0,15,-15,0,0,0,0,0,0,0,0,0,1,-2,1 # compose_2x12 r=4
10,0,0,0,0,0,0,0,0,2,0,0,1,0,0,0,0,0,4,0,0,4,0,0,1 # compose_2x12 r=0
46653,-93312,77760,-34560,55296,-78912,51904,-17280,22320,-26112,12960,-2880,4560,-4320,1440,-160,540,-360,60,0,36,-12,0,0,1 # compose_6x4 r=0
8,0,-14,0,4,0,0,0,0,0,0,0,7,0,-4,0,0,0,0,0,0,0,0,0,1 # compose_2x12 r=0
60,0,0,0,0,0,0,0,0,0,0,0,15,0,0,0,0,0,0,0,0,0,0,0,1 # compose_2x12 r=0
41,0,0,0,0,22,0,0,0,0,4,0,-11,0,0,0,0,-4,0,0,0,0,0,0,1 # compose_2x12 r=0
-3,0,0,0,0,0,0,-8,0,0,0,0,-4,0,4,0,0,0,0,4,0,0,0,0,1 # compose_2x12 r=4
133,0,0,0,0,154,0,0,77,0,60,0,0,60,0,8,15,0,12,0,0,6,0,0,1 # compose_3x8 r=0
4289,0,-6288,0,-2412,0,6469,0,267,0,-2913,0,38,0,726,0,15,0,-100,0,-9,0,6,0,1 # compose_6x4 r=4
611,0,0,0,-994,0,-497,0,600,0,600,0,-10,0,-240,0,-104,0,12,0,24,0,8,0,1 # compose_4x6 r=4
17,0,0,0,-16,0,0,0,4,0,0,0,-8,0,0,0,4,0,0,0,0,0,0,0,1 # compose_2x12 r=0
9,0,8,0,1,0,0,0,0,0,0,0,8,0,2,0,0,0,0,0,0,0,0,0,1 # compose_2x12 r=0
1282,0,0,0,1724,0,-862,0,864,0,-864,0,408,0,-288,0,160,0,-56,0,24,0,-8,0,1 # compose_4x6 r=4
12,0,0,0,0,0,15,0,15,0,0,0,6,0,12,0,6,0,1,0,3,0,3,0,1 # compose_3x8 r=0
46639,0,0,-93306,-46653,0,77760,77760,19440,-34560,-51840,-25920,4320,17280,12960,3168,-2340,-2880,-1376,-168,204,160,60,12,1 # compose_6x4 r=4
47087,0,0,46872,46872,0,19476,38952,19476,4322,12966,12966,4862,2160,3240,2196,720,360,361,186,51,20,15,6,1 # compose_6x4 r=0
7,0,0,0,0,0,1,0,0,0,0,0,0,0,0,0,0,0,-2,0,0,0,0,0,1 # compose_2x12 r=0
16,0,0,0,0,0,0,0,0,6,0,0,6,0,0,0,0,0,1,0,0,2,0,0,1 # compose_2x12 r=0
15502,0,0,18675,18675,0,9360,18720,9360,2499,7497,7497,2874,1500,2250,1530,525,300,301,156,45,20,15,6,1 # compose_6x4 r=0
46672,0,0,-46659,-46659,0,19440,38880,19440,-4320,-12960,-12960,-3780,2160,3240,2124,360,-360,-359,-174,-21,20,15,6,1 # compose_6x4 r=4
134,0,0,0,0,0,-77,0,77,0,0,0,15,0,-30,0,15,0,-1,0,3,0,-3,0,1 # compose_3x8 r=0
4091,0,0,0,6143,0,0,0,3840,0,0,0,1280,0,0,0,240,0,0,0,24,0,0,0,1 # compose_6x4 r=0
4085,0,0,0,6141,0,0,0,3840,0,0,0,1280,0,0,0,240,0,0,0,24,0,0,0,1 # compose_6x4 r=0
1281,0,0,0,-1722,0,-861,0,864,0,864,0,24,0,-288,0,-128,0,8,0,24,0,8,0,1 # compose_4x6 r=0
46006,0,92664,0,31212,0,-43008,0,-23778,0,9774,0,5827,0,-1632,0,-660,0,200,0,24,0,-12,0,1 # compose_6x4 r=4
781,0,0,-3024,1512,0,4932,-4932,1233,-4336,6504,-3252,2702,-4320,3240,-1656,1575,-1440,784,-372,258,-160,60,-12,1 # compose_6x4 r=0
4,0,0,1,0,0,-3,0,1,1,0,-6,0,0,3,0,-3,0,0,3,0,0,0,0,1 # compose_3x8 r=0
223,-480,376,-128,16,0,240,-376,192,-32,0,0,94,-96,24,0,0,0,16,-8,0,0,0,0,1 # compose_4x6 r=0
4,0,0,0,0,0,0,0,14,0,0,0,-7,0,0,0,4,0,0,0,-4,0,0,0,1 # compose_2x12 r=4
251,0,0,0,0,0,255,0,0,0,0,0,96,0,0,0,0,0,16,0,0,0,0,0,1 # compose_4x6 r=0
643,0,0,0,0,0,-503,0,0,0,0,0,150,0,0,0,0,0,-20,0,0,0,0,0,1 # compose_4x6 r=0
7,0,0,0,9,0,0,0,15,0,0,0,20,0,0,0,15,0,0,0,6,0,0,0,1 # compose_6x4 r=0
15501,18675,9360,2499,-18300,-18690,-7496,-1500,9210,7491,2250,300,-2484,-1500,-300,-20,375,150,15,0,-30,-6,0,0,1 # compose_6x4 r=0
703,1431,1206,539,1566,2430,1618,540,1296,1623,810,180,554,540,180,20,135,90,15,0,18,6,0,0,1 # compose_6x4 r=0
15609,-18747,9375,-2500,19122,-18780,7501,-1500,9525,-7506,2250,-300,2515,-1500,300,-20,375,-150,15,0,30,-6,0,0,1 # compose_6x4 r=0
10,0,0,0,0,6,0,0,0,0,1,0,-6,0,0,0,0,-2,0,0,0,0,0,0,1 # compose_2x12 r=0
129,0,0,0,0,-152,0,0,76,0,60,0,0,-60,0,-8,15,0,12,0,0,-6,0,0,1 # compose_3x8 r=0
30,0,-9,0,1,0,0,0,0,0,0,0,9,0,-2,0,0,0,0,0,0,0,0,0,1 # compose_2x12 r=0
34,0,0,-30,0,0,9,0,30,-1,0,-18,0,0,3,0,9,0,0,-3,0,0,0,0,1 # compose_3x8 r=0
53,0,0,0,0,0,0,0,0,0,0,0,-14,0,0,0,0,0,0,0,0,0,0,0,1 # compose_2x12 r=0
46654,0,0,0,46656,0,0,0,19440,0,0,0,4320,0,0,0,540,0,0,0,36,0,0,0,1 # compose_6x4 r=0
633,0,0,0,0,0,-502,0,0,0,0,0,150,0,0,0,0,0,-20,0,0,0,0,0,1 # compose_4x6 r=4
17,0,0,0,0,0,0,0,0,0,14,0,-7,0,0,0,0,0,0,0,4,0,-4,0,1 # compose_2x12 r=0
4286,0,0,-6288,6288,0,3876,-7752,3876,-1283,3849,-3849,1523,-960,1440,-984,360,-240,241,-126,39,-20,15,-6,1 # compose_6x4 r=0
9,0,-6,0,4,0,0,0,0,0,0,0,3,0,-4,0,0,0,0,0,0,0,0,0,1 # compose_2x12 r=0
307,0,0,0,0,0,280,0,0,0,0,0,99,0,0,0,0,0,16,0,0,0,0,0,1 # compose_4x6 r=0
241,0,496,0,380,0,376,0,396,0,192,0,127,0,96,0,24,0,16,0,8,0,0,0,1 # compose_4x6 r=0
1223,0,-840,0,214,0,-864,0,429,0,-72,0,218,0,-72,0,6,0,-24,0,4,0,0,0,1 # compose_4x6 r=4
728,0,0,1457,-1457,0,1215,-2430,1215,540,-1620,1620,-405,-540,810,-522,45,180,-179,84,-3,-20,15,-6,1 # compose_6x4 r=0
33,0,0,-24,0,0,4,0,0,0,0,0,-12,0,0,4,0,0,0,0,0,0,0,0,1 # compose_2x12 r=4
105,0,126,0,57,0,138,0,115,0,36,0,61,0,36,0,6,0,12,0,4,0,0,0,1 # compose_4x6 r=0
4159,0,0,0,-6192,0,0,0,3852,0,0,0,-1281,0,0,0,240,0,0,0,-24,0,0,0,1 # compose_6x4 r=4
17,0,0,0,0,0,0,0,0,0,0,0,11,0,0,0,0,0,0,0,0,0,0,0,1 # compose_2x12 r=0
1,0,0,0,-3,0,-1,0,0,0,6,0,3,0,0,0,-3,0,-3,0,0,0,0,0,1 # compose_3x8 r=4
73,0,195,0,45,0,-320,0,-180,0,252,0,141,0,-126,0,-45,0,40,0,3,0,-6,0,1 # compose_6x4 r=0
61,0,0,94,0,0,48,0,47,8,0,48,0,0,12,0,12,0,0,6,0,0,0,0,1 # compose_3x8 r=0
26,0,0,0,0,40,-40,0,0,0,26,-52,26,0,0,8,-24,24,-8,0,1,-4,6,-4,1 # compose_4x6 r=0
4107,0,0,12292,-6146,0,15360,-15360,3840,10240,-15360,7680,2560,-7680,5760,-1152,-1680,1920,-896,48,216,-160,60,-12,1 # compose_6x4 r=0
47301,0,-93960,0,30996,0,43392,0,-23742,0,-9810,0,5821,0,1632,0,-660,0,-200,0,24,0,12,0,1 # compose_6x4 r=4
15607,0,-18747,0,-9372,0,16250,0,2250,0,-6030,0,-399,0,1206,0,90,0,-130,0,-15,0,6,0,1 # compose_6x4 r=4
62,0,0,0,0,0,0,0,48,0,0,0,0,0,0,0,12,0,0,0,0,0,0,0,1 # compose_3x8 r=0
1,0,0,0,0,5,0,0,0,0,1,0,-5,0,0,0,0,-2,0,0,0,0,0,0,1 # compose_2x12 r=4
133,0,0,0,0,-77,0,0,77,0,15,0,0,-30,0,-1,15,0,3,0,0,-3,0,0,1 # compose_3x8 r=0
239,0,0,0,496,0,-248,0,380,0,-380,0,223,0,-192,0,112,0,-48,0,24,0,-8,0,1 # compose_4x6 r=4
39991,0,0,0,40943,0,0,0,17479,0,0,0,3983,0,0,0,511,0,0,0,35,0,0,0,1 # compose_6x4 r=0
41,0,0,0,0,0,0,0,12,0,0,0,12,0,0,0,1,0,0,0,2,0,0,0,1 # compose_2x12 r=0
113,0,0,72,0,0,15,0,72,1,0,30,0,0,3,0,15,0,0,3,0,0,0,0,1 # compose_3x8 r=0
652,0,0,0,0,-510,510,0,0,0,151,-302,151,0,0,-20,60,-60,20,0,1,-4,6,-4,1 # compose_4x6 r=0
47087,0,0,0,-46872,0,0,0,19476,0,0,0,-4322,0,0,0,540,0,0,0,-36,0,0,0,1 # compose_6x4 r=4
66,0,0,0,0,0,-96,0,48,0,0,0,48,0,-48,0,12,0,-8,0,12,0,-6,0,1 # compose_3x8 r=0
7,0,0,21,21,0,35,70,35,35,105,105,56,84,126,91,56,70,71,41,22,20,15,6,1 # compose_6x4 r=0
57,0,0,360,180,0,936,936,234,1272,1908,954,1119,1920,1440,864,1020,960,544,312,252,160,60,12,1 # compose_6x4 r=0
15251,-37050,37320,-19976,24525,-38280,30028,-12000,11730,-15174,9000,-2400,2737,-3000,1200,-160,375,-300,60,0,30,-12,0,0,1 # compose_6x4 r=0
14,0,0,0,0,0,0,0,-8,0,0,0,8,0,0,0,1,0,0,0,-2,0,0,0,1 # compose_2x12 r=0
628,0,0,0,0,-500,500,0,0,0,150,-300,150,0,0,-20,60,-60,20,0,1,-4,6,-4,1 # compose_4x6 r=0
15877,18900,9405,2502,-18525,-18780,-7505,-1500,9255,7500,2250,300,-2487,-1500,-300,-20,375,150,15,0,-30,-6,0,0,1 # compose_6x4 r=0
137,77,15,1,0,0,0,0,77,30,3,0,0,0,0,0,15,3,0,0,0,0,0,0,1 # compose_3x8 r=0
638,0,0,-502,0,0,652,0,0,-320,0,0,211,0,0,-64,0,0,26,0,0,-4,0,0,1 # compose_4x6 r=0
19,0,0,0,0,7,0,0,0,0,1,0,7,0,0,0,0,2,0,0,0,0,0,0,1 # compose_2x12 r=0
2,0,-20,0,21,0,-28,0,43,0,-24,0,25,0,-24,0,6,0,-8,0,4,0,0,0,1 # compose_4x6 r=4
13,0,0,0,0,0,0,0,0,0,0,0,4,0,0,0,0,0,0,0,0,0,0,0,1 # compose_2x12 r=0
85,0,-109,0,54,0,-121,0,109,0,-36,0,58,0,-36,0,6,0,-12,0,4,0,0,0,1 # compose_4x6 r=0
623,500,150,20,1,0,500,300,60,4,0,0,150,60,6,0,0,0,20,4,0,0,0,0,1 # compose_4x6 r=0
1,0,0,14,-7,0,60,-60,15,160,-240,120,220,-480,360,72,-465,480,-176,-132,234,-160,60,-12,1 # compose_6x4 r=4
1293,0,0,0,0,0,-864,0,0,0,0,0,216,0,0,0,0,0,-24,0,0,0,0,0,1 # compose_4x6 r=4
4,0,0,0,0,0,0,0,3,0,0,0,3,0,0,0,1,0,0,0,2,0,0,0,1 # compose_2x12 r=0
46653,0,0,93310,-46655,0,77760,-77760,19440,34560,-51840,25920,4320,-17280,12960,-3168,-2340,2880,-1376,168,204,-160,60,-12,1 # compose_6x4 r=0
15614,0,-37496,0,18752,0,17500,0,-14625,0,-3960,0,4164,0,792,0,-585,0,-140,0,30,0,12,0,1 # compose_6x4 r=4
11,23,19,7,1,0,-23,-38,-21,-4,0,0,19,21,6,0,0,0,-7,-4,0,0,0,0,1 # compose_4x6 r=0
15502,0,0,0,-18675,0,0,0,9360,0,0,0,-2499,0,0,0,375,0,0,0,-30,0,0,0,1 # compose_6x4 r=0
138,0,0,-156,0,0,60,0,78,-8,0,-60,0,0,12,0,15,0,0,-6,0,0,0,0,1 # compose_3x8 r=0
46007,0,0,92664,-46332,0,77544,-77544,19386,34536,-51804,25902,4323,-17280,12960,-3168,-2340,2880,-1376,168,204,-160,60,-12,1 # compose_6x4 r=4
5,0,0,0,9,0,0,0,18,0,0,0,21,0,0,0,15,0,0,0,6,0,0,0,1 # compose_6x4 r=0
19,0,0,0,0,0,0,0,0,0,0,-9,-9,0,0,0,0,0,0,0,0,0,1,2,1 # compose_2x12 r=4
286,0,0,544,0,0,120,0,0,-264,0,0,-78,0,0,64,0,0,8,0,0,-8,0,0,1 # compose_4x6 r=4
39,0,0,0,-156,0,0,0,222,0,0,0,-157,0,0,0,60,0,0,0,-12,0,0,0,1 # compose_6x4 r=4
23,0,0,0,0,0,-14,0,0,0,0,0,11,0,0,0,0,0,-4,0,0,0,0,0,1 # compose_2x12 r=0
548,-940,588,-160,16,0,-470,588,-240,32,0,0,147,-120,24,0,0,0,-20,8,0,0,0,0,1 # compose_4x6 r=4
43,135,179,127,186,369,382,204,234,387,306,110,142,204,110,20,51,55,15,0,11,6,0,0,1 # compose_6x4 r=0
35,0,0,0,-10,0,0,0,1,0,0,0,10,0,0,0,-2,0,0,0,0,0,0,0,1 # compose_2x12 r=0
4101,0,0,-6145,-6145,0,3840,7680,3840,-1280,-3840,-3840,-1040,960,1440,936,120,-240,-239,-114,-9,20,15,6,1 # compose_6x4 r=0
67,388,960,1280,766,-576,-1856,-1920,-720,768,1440,960,80,-480,-480,-160,60,120,60,0,-12,-12,0,0,1 # compose_6x4 r=4
97,0,0,0,-240,0,-120,0,224,0,224,0,-40,0,-144,0,-56,0,20,0,24,0,8,0,1 # compose_4x6 r=4
35,0,0,0,0,0,0,0,26,0,0,0,-13,0,0,0,4,0,0,0,-4,0,0,0,1 # compose_2x12 r=4
31,0,0,22,0,0,4,0,0,0,0,0,11,0,0,4,0,0,0,0,0,0,0,0,1 # compose_2x12 r=0
15878,0,0,0,-18900,0,0,0,9405,0,0,0,-2502,0,0,0,375,0,0,0,-30,0,0,0,1 # compose_6x4 r=0
15373,0,37200,0,55980,0,57364,0,45321,0,27948,0,13962,0,5592,0,1815,0,460,0,90,0,12,0,1 # compose_6x4 r=0
247,254,96,16,1,0,-254,-192,-48,-4,0,0,96,48,6,0,0,0,-16,-4,0,0,0,0,1 # compose_4x6 r=4
597,0,0,0,0,-490,490,0,0,0,149,-298,149,0,0,-20,60,-60,20,0,1,-4,6,-4,1 # compose_4x6 r=0
261,0,0,0,0,0,-257,0,0,0,0,0,96,0,0,0,0,0,-16,0,0,0,0,0,1 # compose_4x6 r=0
4086,0,12284,0,9218,0,-5120,0,-7680,0,768,0,2624,0,-192,0,-480,0,80,0,36,0,-12,0,1 # compose_6x4 r=4
46871,46764,19458,4321,47304,38952,12964,2160,19638,12969,3240,360,4336,2160,360,20,540,180,15,0,36,6,0,0,1 # compose_6x4 r=0
46642,0,0,0,46654,0,0,0,19440,0,0,0,4320,0,0,0,540,0,0,0,36,0,0,0,1 # compose_6x4 r=0
758,0,0,0,-1485,0,0,0,1224,0,0,0,-541,0,0,0,135,0,0,0,-18,0,0,0,1 # compose_6x4 r=0
2,0,0,0,0,4,-4,0,0,0,6,-12,6,0,0,4,-12,12,-4,0,1,-4,6,-4,1 # compose_4x6 r=0
33,0,0,0,0,0,0,0,0,-13,0,0,13,0,0,0,0,0,1,0,0,-2,0,0,1 # compose_2x12 r=0
1301,0,0,-1730,0,0,1729,0,0,-1056,0,0,520,0,0,-176,0,0,48,0,0,-8,0,0,1 # compose_4x6 r=0
633,0,0,0,0,1002,-501,0,0,0,600,-600,150,0,0,160,-240,120,-20,0,16,-32,24,-8,1 # compose_4x6 r=0
-1,-3,6,17,12,18,52,60,36,57,90,60,32,60,60,20,15,30,15,0,6,6,0,0,1 # compose_6x4 r=4
16,0,0,0,0,0,0,0,0,0,-5,0,5,0,0,0,0,0,0,0,1,0,-2,0,1 # compose_2x12 r=0
4107,0,-6146,0,-2306,0,6400,0,240,0,-2904,0,41,0,726,0,15,0,-100,0,-9,0,6,0,1 # compose_6x4 r=0
621,0,499,0,150,0,-479,0,-299,0,-60,0,146,0,60,0,6,0,-20,0,-4,0,0,0,1 # compose_4x6 r=0
1293,0,0,-1728,0,0,1728,0,0,-1056,0,0,520,0,0,-176,0,0,48,0,0,-8,0,0,1 # compose_4x6 r=0
1299,0,0,0,864,0,-864,0,216,0,-432,0,240,0,-72,0,73,0,-28,0,6,0,-4,0,1 # compose_4x6 r=0
15614,0,-37496,0,56248,0,-57500,0,45375,0,-27960,0,13964,0,-5592,0,1815,0,-460,0,90,0,-12,0,1 # compose_6x4 r=0
13,0,0,0,0,0,28,0,14,0,0,0,24,0,24,0,6,0,8,0,12,0,6,0,1 # compose_3x8 r=0
19,0,-34,0,24,0,26,0,-47,0,24,0,20,0,-24,0,6,0,8,0,-4,0,0,0,1 # compose_4x6 r=0
230,0,0,0,220,0,0,0,182,0,0,0,80,0,0,0,30,0,0,0,6,0,0,0,1 # compose_3x8 r=0
18,0,0,0,0,0,0,0,0,7,0,0,-7,0,0,0,0,0,1,0,0,-2,0,0,1 # compose_2x12 r=0
15877,0,0,37800,18900,0,37620,37620,9405,20016,30024,15012,8502,12000,9000,3960,2775,2400,1264,492,270,160,60,12,1 # compose_6x4 r=0
74,0,0,0,0,0,102,0,0,0,0,0,53,0,0,0,0,0,12,0,0,0,0,0,1 # compose_4x6 r=0
303,0,0,0,0,0,-280,0,0,0,0,0,99,0,0,0,0,0,-16,0,0,0,0,0,1 # compose_4x6 r=4
5,0,8,0,23,0,50,0,90,0,126,0,141,0,126,0,90,0,50,0,21,0,6,0,1 # compose_6x4 r=0
2,0,8,0,8,0,-4,0,-15,0,-12,0,4,0,12,0,6,0,-4,0,-4,0,0,0,1 # compose_4x6 r=4
17,0,0,-31,0,0,-7,0,0,40,0,0,1,0,0,-20,0,0,-2,0,0,4,0,0,1 # compose_4x6 r=0
253,0,0,0,0,256,-256,0,0,0,96,-192,96,0,0,16,-48,48,-16,0,1,-4,6,-4,1 # compose_4x6 r=4
67,0,0,-98,0,0,48,0,49,-8,0,-48,0,0,12,0,12,0,0,-6,0,0,0,0,1 # compose_3x8 r=0
4098,0,0,-6144,6144,0,3840,-7680,3840,-1280,3840,-3840,1520,-960,1440,-984,360,-240,241,-126,39,-20,15,-6,1 # compose_6x4 r=0
46670,0,0,0,46658,0,0,0,19440,0,0,0,4320,0,0,0,540,0,0,0,36,0,0,0,1 # compose_6x4 r=0
46635,0,46653,0,-27213,0,-34560,0,7020,0,10836,0,-1259,0,-1806,0,195,0,160,0,-21,0,-6,0,1 # compose_6x4 r=4
10,0,-4,0,1,0,0,0,0,0,0,0,4,0,-2,0,0,0,0,0,0,0,0,0,1 # compose_2x12 r=0
578,0,0,0,480,0,-480,0,148,0,-296,0,168,0,-60,0,61,0,-24,0,6,0,-4,0,1 # compose_4x6 r=0
46009,0,0,0,46332,0,0,0,19386,0,0,0,4317,0,0,0,540,0,0,0,36,0,0,0,1 # compose_6x4 r=0
27,0,0,0,80,0,-40,0,104,0,-104,0,90,0,-96,0,64,0,-40,0,24,0,-8,0,1 # compose_4x6 r=0
10,0,0,0,0,0,0,10,0,0,0,0,-5,0,4,0,0,0,0,-4,0,0,0,0,1 # compose_2x12 r=0
57,0,0,0,0,0,0,0,0,0,0,0,15,0,0,0,0,0,0,0,0,0,0,0,1 # compose_2x12 r=0
4291,0,0,12576,6288,0,15504,15504,3876,10264,15396,7698,5123,7680,5760,2688,2160,1920,1024,432,264,160,60,12,1 # compose_6x4 r=0
59,0,0,191,191,0,240,480,240,160,480,480,220,240,360,252,120,120,121,66,27,20,15,6,1 # compose_6x4 r=0
68,0,0,193,-193,0,240,-480,240,160,-480,480,-100,-240,360,-228,0,120,-119,54,3,-20,15,-6,1 # compose_6x4 r=0
626,0,-1000,0,600,0,340,0,-584,0,240,0,118,0,-120,0,24,0,20,0,-8,0,0,0,1 # compose_4x6 r=0
274,0,0,0,0,0,264,0,0,0,0,0,97,0,0,0,0,0,16,0,0,0,0,0,1 # compose_4x6 r=0
521,0,0,0,0,0,-434,0,0,0,0,0,136,0,0,0,0,0,-19,0,0,0,0,0,1 # compose_4x6 r=0
49,0,0,0,0,0,0,0,0,0,0,0,-13,0,0,0,0,0,0,0,0,0,0,0,1 # compose_2x12 r=0
62,0,0,0,0,0,48,0,48,0,0,0,12,0,24,0,12,0,1,0,3,0,3,0,1 # compose_3x8 r=0
46646,0,0,46654,46654,0,19440,38880,19440,4320,12960,12960,4860,2160,3240,2196,720,360,361,186,51,20,15,6,1 # compose_6x4 r=0
37,11,1,0,0,0,0,0,0,0,0,0,-11,-2,0,0,0,0,0,0,0,0,0,0,1 # compose_2x12 r=0
2,0,0,0,0,0,9,-18,9,18,-54,54,-3,-60,90,-54,-15,60,-59,24,9,-20,15,-6,1 # compose_6x4 r=0
703,0,0,0,0,1060,-530,0,0,0,612,-612,153,0,0,160,-240,120,-20,0,16,-32,24,-8,1 # compose_4x6 r=0
257,0,0,0,0,0,-257,0,0,0,0,0,96,0,0,0,0,0,-16,0,0,0,0,0,1 # compose_4x6 r=4
-2,0,0,0,0,12,0,0,0,0,4,0,-6,0,0,0,0,-4,0,0,0,0,0,0,1 # compose_2x12 r=4
71,-100,48,-8,0,0,0,0,50,-48,12,0,0,0,0,0,12,-6,0,0,0,0,0,0,1 # compose_3x8 r=0
701,0,0,0,-1060,0,-530,0,612,0,612,0,-7,0,-240,0,-104,0,12,0,24,0,8,0,1 # compose_4x6 r=0
25,0,0,-24,0,0,4,0,0,0,0,0,-12,0,0,4,0,0,0,0,0,0,0,0,1 # compose_2x12 r=4
78,0,0,0,0,-216,-108,0,0,0,216,216,54,0,0,-96,-144,-72,-12,0,16,32,24,8,1 # compose_4x6 r=4
21,0,0,0,9,0,0,0,1,0,0,0,-9,0,0,0,-2,0,0,0,0,0,0,0,1 # compose_2x12 r=0
641,0,0,0,503,0,503,0,150,0,300,0,170,0,60,0,61,0,24,0,6,0,4,0,1 # compose_4x6 r=0
4,0,0,0,0,0,0,0,0,0,16,0,-8,0,0,0,0,0,0,0,4,0,-4,0,1 # compose_2x12 r=4
15632,0,18751,0,-9376,0,-16250,0,2250,0,6030,0,-399,0,-1206,0,90,0,130,0,-15,0,-6,0,1 # compose_6x4 r=0
8,0,0,0,0,0,0,0,0,0,0,-5,-5,0,0,0,0,0,0,0,0,0,1,2,1 # compose_2x12 r=0
703,0,0,2862,1431,0,4824,4824,1206,4312,6468,3234,2699,4320,3240,1656,1575,1440,784,372,258,160,60,12,1 # compose_6x4 r=0
22,0,-22,0,4,0,0,0,0,0,0,0,-11,0,4,0,0,0,0,0,0,0,0,0,1 # compose_2x12 r=4
3,0,0,0,0,0,0,0,0,0,0,0,7,0,0,0,0,0,0,0,0,0,0,0,1 # compose_2x12 r=0
4111,0,12294,0,21507,0,25600,0,23040,0,16128,0,9024,0,4032,0,1440,0,400,0,84,0,12,0,1 # compose_6x4 r=0
1,10,60,160,235,132,-176,-480,-465,-72,360,480,220,-120,-240,-160,15,60,60,0,-6,-12,0,0,1 # compose_6x4 r=0
112,0,0,0,-73,0,0,0,88,0,0,0,-31,0,0,0,18,0,0,0,-3,0,0,0,1 # compose_3x8 r=0
46671,-93318,77760,-34560,-38019,76608,-51776,17280,16560,-25728,12960,-2880,-4080,4320,-1440,160,540,-360,60,0,-36,12,0,0,1 # compose_6x4 r=4
83,0,0,-432,-216,0,1008,1008,252,-1296,-1944,-972,798,1920,1440,96,-900,-960,-416,72,228,160,60,12,1 # compose_6x4 r=0
47,0,0,0,0,0,0,0,0,0,0,0,13,0,0,0,0,0,0,0,0,0,0,0,1 # compose_2x12 r=0
718,0,-2910,0,3405,0,540,0,-3105,0,504,0,1324,0,-168,0,-345,0,-20,0,42,0,12,0,1 # compose_6x4 r=4
2,0,2,0,6,0,2,0,-11,0,-12,0,2,0,12,0,6,0,-4,0,-4,0,0,0,1 # compose_4x6 r=0
42,0,0,14,0,0,1,0,0,0,0,0,-14,0,0,-2,0,0,0,0,0,0,0,0,1 # compose_2x12 r=4
727,0,0,2914,1457,0,4860,4860,1215,4320,6480,3240,2700,4320,3240,1656,1575,1440,784,372,258,160,60,12,1 # compose_6x4 r=0
254,0,0,512,0,0,640,0,0,512,0,0,304,0,0,128,0,0,40,0,0,8,0,0,1 # compose_4x6 r=0
71,0,0,0,195,0,0,0,240,0,0,0,160,0,0,0,60,0,0,0,12,0,0,0,1 # compose_6x4 r=0
19,0,0,9,0,0,1,0,0,0,0,0,-9,0,0,-2,0,0,0,0,0,0,0,0,1 # compose_2x12 r=4
46439,0,46548,0,65970,0,43163,0,32919,0,15153,0,7740,0,2526,0,915,0,200,0,51,0,6,0,1 # compose_6x4 r=0
617,0,0,0,0,0,-498,0,0,0,0,0,150,0,0,0,0,0,-20,0,0,0,0,0,1 # compose_4x6 r=0
15621,0,18749,0,28124,0,21250,0,17250,0,9030,0,4901,0,1806,0,690,0,170,0,45,0,6,0,1 # compose_6x4 r=0
31,0,-56,0,36,0,-8,0,28,0,-36,0,12,0,0,0,9,0,-6,0,0,0,0,0,1 # compose_3x8 r=0
19,0,0,0,0,0,0,0,0,0,0,-10,10,0,0,0,0,0,0,0,0,0,1,-2,1 # compose_2x12 r=0
2,0,-2,0,3,0,-1,0,2,0,-6,0,3,0,0,0,3,0,-3,0,0,0,0,0,1 # compose_3x8 r=0
1,0,0,0,0,0,0,0,0,0,0,0,0,0,0,0,0,0,1,0,0,-2,0,0,1 # compose_2x12 r=0
19,0,0,0,0,0,0,0,0,0,0,0,-8,0,0,0,0,0,0,0,0,0,0,0,1 # compose_2x12 r=0
47,0,0,0,168,0,0,0,228,0,0,0,158,0,0,0,60,0,0,0,12,0,0,0,1 # compose_6x4 r=0
15,0,0,0,0,-6,0,0,0,0,1,0,-6,0,0,0,0,2,0,0,0,0,0,0,1 # compose_2x12 r=0
4031,0,0,0,-6096,0,0,0,3828,0,0,0,-1279,0,0,0,240,0,0,0,-24,0,0,0,1 # compose_6x4 r=4
9,0,3,0,1,0,0,0,0,0,0,0,3,0,2,0,0,0,0,0,0,0,0,0,1 # compose_2x12 r=0
302,0,0,0,0,0,-280,0,0,0,0,0,99,0,0,0,0,0,-16,0,0,0,0,0,1 # compose_4x6 r=4
1292,0,0,0,0,0,863,0,0,0,0,0,216,0,0,0,0,0,24,0,0,0,0,0,1 # compose_4x6 r=0
4097,0,0,-6145,-6145,0,3840,7680,3840,-1280,-3840,-3840,-1040,960,1440,936,120,-240,-239,-114,-9,20,15,6,1 # compose_6x4 r=4
15,0,0,0,0,0,0,0,0,0,0,0,-10,0,0,0,0,0,0,0,0,0,0,0,1 # compose_2x12 r=4
7,0,0,0,0,0,0,2,0,0,0,0,2,0,1,0,0,0,0,2,0,0,0,0,1 # compose_2x12 r=0
16,0,5,0,1,0,0,0,0,0,0,0,5,0,2,0,0,0,0,0,0,0,0,0,1 # compose_2x12 r=0
15,0,0,0,0,0,0,0,0,0,0,-18,9,0,0,0,0,0,0,0,0,0,4,-4,1 # compose_2x12 r=4
46666,93316,77760,34560,-38018,-76608,-51776,-17280,16560,25728,12960,2880,-4080,-4320,-1440,-160,540,360,60,0,-36,-12,0,0,1 # compose_6x4 r=4
9,0,0,0,0,-1,0,0,0,0,1,0,-1,0,0,0,0,2,0,0,0,0,0,0,1 # compose_2x12 r=0
3,0,0,0,0,0,-6,0,6,0,0,0,3,0,-6,0,3,0,-1,0,3,0,-3,0,1 # compose_3x8 r=0
24,0,0,0,0,0,0,0,-12,0,0,0,-12,0,0,0,1,0,0,0,2,0,0,0,1 # compose_2x12 r=4
5,0,0,-5,0,0,3,0,5,-1,0,-6,0,0,3,0,3,0,0,-3,0,0,0,0,1 # compose_3x8 r=0
4102,0,-12292,0,21506,0,-25600,0,23040,0,-16128,0,9024,0,-4032,0,1440,0,-400,0,84,0,-12,0,1 # compose_6x4 r=0
40,0,0,0,0,0,11,0,0,0,0,0,12,0,0,0,0,0,2,0,0,0,0,0,1 # compose_2x12 r=0
46,0,0,0,0,0,0,0,0,0,0,0,12,0,0,0,0,0,0,0,0,0,0,0,1 # compose_2x12 r=0
1,0,0,0,-2,0,-2,0,5,0,10,0,1,0,-12,0,-11,0,0,0,6,0,4,0,1 # compose_4x6 r=0
2,0,0,5,5,0,15,30,15,20,60,60,35,60,90,66,45,60,61,36,21,20,15,6,1 # compose_6x4 r=0
241,-253,96,-16,1,0,253,-192,48,-4,0,0,96,-48,6,0,0,0,16,-4,0,0,0,0,1 # compose_4x6 r=0
251,0,0,510,0,0,639,0,0,512,0,0,304,0,0,128,0,0,40,0,0,8,0,0,1 # compose_4x6 r=0
243,0,0,0,0,-496,-248,0,0,0,380,380,95,0,0,-128,-192,-96,-16,0,16,32,24,8,1 # compose_4x6 r=0
39,0,0,0,0,0,0,0,0,0,0,0,11,0,0,0,0,0,0,0,0,0,0,0,1 # compose_2x12 r=0
9,0,0,0,0,56,28,0,0,0,92,92,23,0,0,64,96,48,8,0,16,32,24,8,1 # compose_4x6 r=4
622,0,998,0,600,0,-339,0,-584,0,-240,0,118,0,120,0,24,0,-20,0,-8,0,0,0,1 # compose_4x6 r=0
1,0,0,0,0,0,0,0,1,0,0,0,0,0,0,0,2,0,0,0,0,0,0,0,1 # compose_2x12 r=0
23,0,0,0,-34,0,34,0,24,0,-48,0,16,0,24,0,-23,0,4,0,6,0,-4,0,1 # compose_4x6 r=0
677,0,0,-520,0,0,-368,0,0,284,0,0,93,0,0,-56,0,0,-14,0,0,4,0,0,1 # compose_4x6 r=0
265,0,0,259,0,0,-163,0,0,-176,0,0,49,0,0,44,0,0,-10,0,0,-4,0,0,1 # compose_4x6 r=4
233,0,0,-111,0,0,18,0,111,-1,0,-36,0,0,3,0,18,0,0,-3,0,0,0,0,1 # compose_3x8 r=0
59,0,0,-46,0,0,12,0,46,-1,0,-24,0,0,3,0,12,0,0,-3,0,0,0,0,1 # compose_3x8 r=0
4035,-12192,15312,-10232,-2256,14544,-15284,7680,1908,-7482,5760,-1920,-1039,1920,-960,160,240,-240,60,0,-24,12,0,0,1 # compose_6x4 r=0
631,0,0,-501,0,0,-351,0,0,280,0,0,91,0,0,-56,0,0,-14,0,0,4,0,0,1 # compose_4x6 r=0
1329,0,0,0,0,0,-876,0,0,0,0,0,217,0,0,0,0,0,-24,0,0,0,0,0,1 # compose_4x6 r=4
87,0,0,228,228,0,258,516,258,163,489,489,223,240,360,252,120,120,121,66,27,20,15,6,1 # compose_6x4 r=0
11,0,0,0,-12,0,0,0,18,0,0,0,-13,0,0,0,9,0,0,0,-3,0,0,0,1 # compose_3x8 r=0
21,0,0,0,0,18,0,0,0,0,4,0,9,0,0,0,0,4,0,0,0,0,0,0,1 # compose_2x12 r=0
15,0,0,0,14,0,0,0,4,0,0,0,7,0,0,0,4,0,0,0,0,0,0,0,1 # compose_2x12 r=0
275,0,0,264,0,0,361,0,0,210,0,0,146,0,0,52,0,0,22,0,0,4,0,0,1 # compose_4x6 r=0
2,0,0,0,0,0,0,0,0,2,0,0,2,0,0,0,0,0,1,0,0,2,0,0,1 # compose_2x12 r=0
11,0,0,5,0,0,1,0,0,0,0,0,5,0,0,2,0,0,0,0,0,0,0,0,1 # compose_2x12 r=0
1289,0,0,0,-863,0,863,0,216,0,-432,0,192,0,72,0,-71,0,20,0,6,0,-4,0,1 # compose_4x6 r=0
67,0,0,0,0,98,0,0,49,0,48,0,0,48,0,8,12,0,12,0,0,6,0,0,1 # compose_3x8 r=0
2,0,0,0,5,0,0,0,15,0,0,0,20,0,0,0,15,0,0,0,6,0,0,0,1 # compose_6x4 r=0
4093,0,0,6143,6143,0,3840,7680,3840,1280,3840,3840,1520,960,1440,984,360,240,241,126,39,20,15,6,1 # compose_6x4 r=0
9,0,0,0,0,0,0,0,0,8,0,0,-4,0,0,0,0,0,4,0,0,-4,0,0,1 # compose_2x12 r=0
29,0,0,-18,0,0,4,0,0,0,0,0,-9,0,0,4,0,0,0,0,0,0,0,0,1 # compose_2x12 r=0
15249,0,0,0,18525,0,0,0,9330,0,0,0,2497,0,0,0,375,0,0,0,30,0,0,0,1 # compose_6x4 r=0
86,0,0,0,0,-218,-109,0,0,0,216,216,54,0,0,-96,-144,-72,-12,0,16,32,24,8,1 # compose_4x6 r=0
732,0,-1458,0,-243,0,1890,0,-270,0,-1098,0,181,0,366,0,-30,0,-70,0,-3,0,6,0,1 # compose_6x4 r=0
52,-13,1,0,0,0,0,0,0,0,0,0,13,-2,0,0,0,0,0,0,0,0,0,0,1 # compose_2x12 r=0
46653,93310,77760,34560,55295,78912,51904,17280,22320,26112,12960,2880,4560,4320,1440,160,540,360,60,0,36,12,0,0,1 # compose_6x4 r=0
86,0,218,0,216,0,-13,0,-200,0,-144,0,22,0,72,0,24,0,-12,0,-8,0,0,0,1 # compose_4x6 r=0
631,0,0,0,0,0,-501,0,0,0,0,0,150,0,0,0,0,0,-20,0,0,0,0,0,1 # compose_4x6 r=0
257,0,0,-514,0,0,127,0,0,256,0,0,-80,0,0,-64,0,0,8,0,0,8,0,0,1 # compose_4x6 r=4
46667,0,-46658,0,-27218,0,34560,0,7020,0,-10836,0,-1259,0,1806,0,195,0,-160,0,-21,0,6,0,1 # compose_6x4 r=4
23,0,0,0,0,0,0,16,0,0,0,0,-8,0,4,0,0,0,0,-4,0,0,0,0,1 # compose_2x12 r=0
717,-1455,1215,-540,-1320,2412,-1619,540,1125,-1614,810,-180,-525,540,-180,20,135,-90,15,0,-18,6,0,0,1 # compose_6x4 r=4
226,0,0,-240,0,0,334,0,0,-204,0,0,143,0,0,-52,0,0,22,0,0,-4,0,0,1 # compose_4x6 r=0
269,0,0,264,0,0,-167,0,0,-178,0,0,50,0,0,44,0,0,-10,0,0,-4,0,0,1 # compose_4x6 r=4
137,0,0,0,0,0,0,0,78,0,0,0,0,0,0,0,15,0,0,0,0,0,0,0,1 # compose_3x8 r=0
603,0,0,-980,0,0,106,0,0,436,0,0,-75,0,0,-88,0,0,4,0,0,8,0,0,1 # compose_4x6 r=0
123,0,0,0,148,0,0,0,134,0,0,0,68,0,0,0,27,0,0,0,6,0,0,0,1 # compose_3x8 r=0
141,156,60,8,0,0,0,0,78,60,12,0,0,0,0,0,15,6,0,0,0,0,0,0,1 # compose_3x8 r=0
46875,0,0,0,-46764,0,0,0,19458,0,0,0,-4321,0,0,0,540,0,0,0,-36,0,0,0,1 # compose_6x4 r=0
15613,0,0,0,-18747,0,0,0,9375,0,0,0,-2500,0,0,0,375,0,0,0,-30,0,0,0,1 # compose_6x4 r=0
731,2918,4860,4320,3619,5436,6544,4320,2655,3432,3240,1440,780,1080,720,160,135,180,60,0,18,12,0,0,1 # compose_6x4 r=0
46649,0,-46655,0,66095,0,-43200,0,32940,0,-15156,0,7741,0,-2526,0,915,0,-200,0,51,0,-6,0,1 # compose_6x4 r=0
13,0,0,0,0,0,0,0,0,0,0,-9,9,0,0,0,0,0,0,0,0,0,1,-2,1 # compose_2x12 r=0
29,0,0,0,0,0,-12,0,0,0,0,0,13,0,0,0,0,0,-2,0,0,0,0,0,1 # compose_2x12 r=0
1186,0,-828,0,213,0,804,0,-425,0,72,0,209,0,-72,0,6,0,24,0,-4,0,0,0,1 # compose_4x6 r=0
10,0,-24,0,22,0,16,0,-43,0,24,0,18,0,-24,0,6,0,8,0,-4,0,0,0,1 # compose_4x6 r=0
46643,0,0,0,46654,0,0,0,19440,0,0,0,4320,0,0,0,540,0,0,0,36,0,0,0,1 # compose_6x4 r=0
18,0,0,0,0,0,0,0,0,0,0,0,6,0,0,0,0,0,0,0,0,0,0,0,1 # compose_2x12 r=0
267,0,0,0,0,0,258,0,0,0,0,0,96,0,0,0,0,0,16,0,0,0,0,0,1 # compose_4x6 r=0
2,0,-5,0,20,0,-50,0,90,0,-126,0,141,0,-126,0,90,0,-50,0,21,0,-6,0,1 # compose_6x4 r=0
257,0,0,0,0,512,-256,0,0,0,384,-384,96,0,0,128,-192,96,-16,0,16,-32,24,-8,1 # compose_4x6 r=0
59,0,0,0,0,0,0,-46,46,0,0,0,0,0,12,-24,12,0,0,0,0,-1,3,-3,1 # compose_3x8 r=0
4094,6144,3840,1280,-5904,-7656,-3839,-960,3720,3834,1440,240,-1265,-960,-240,-20,240,120,15,0,-24,-6,0,0,1 # compose_6x4 r=4
1093,-4010,6196,-5144,4421,-6804,7780,-4832,3069,-4050,3624,-1520,883,-1208,760,-160,151,-190,60,0,19,-12,0,0,1 # compose_6x4 r=0
4102,-6146,3840,-1280,-5906,7656,-3839,960,3720,-3834,1440,-240,-1265,960,-240,20,240,-120,15,0,-24,6,0,0,1 # compose_6x4 r=4
62,0,0,0,96,0,-96,0,52,0,-104,0,64,0,-36,0,37,0,-16,0,6,0,-4,0,1 # compose_4x6 r=4
614,0,0,0,0,0,498,0,0,0,0,0,150,0,0,0,0,0,20,0,0,0,0,0,1 # compose_4x6 r=0
111,0,126,0,57,0,-114,0,-113,0,-36,0,53,0,36,0,6,0,-12,0,-4,0,0,0,1 # compose_4x6 r=0
16,0,0,-7,0,0,1,0,0,0,0,0,7,0,0,-2,0,0,0,0,0,0,0,0,1 # compose_2x12 r=0
19,0,-20,0,4,0,0,0,0,0,0,0,-10,0,4,0,0,0,0,0,0,0,0,0,1 # compose_2x12 r=4
22,0,0,0,0,0,0,0,0,-8,0,0,8,0,0,0,0,0,1,0,0,-2,0,0,1 # compose_2x12 r=0
1,0,0,0,0,0,0,6,0,0,0,0,-6,0,1,0,0,0,0,-2,0,0,0,0,1 # compose_2x12 r=4
57,0,0,47,0,0,12,0,47,1,0,24,0,0,3,0,12,0,0,3,0,0,0,0,1 # compose_3x8 r=0
37,0,0,0,0,0,0,0,0,-12,0,0,-12,0,0,0,0,0,1,0,0,2,0,0,1 # compose_2x12 r=0
758,0,0,1485,-1485,0,1224,-2448,1224,541,-1623,1623,-406,-540,810,-522,45,180,-179,84,-3,-20,15,-6,1 # compose_6x4 r=0
13,0,0,0,0,0,0,14,14,0,0,0,0,0,6,12,6,0,0,0,0,1,3,3,1 # compose_3x8 r=0
3,0,0,-6,0,0,4,0,0,0,0,0,3,0,0,-4,0,0,0,0,0,0,0,0,1 # compose_2x12 r=0
20,0,0,0,0,0,0,0,0,0,7,0,7,0,0,0,0,0,0,0,1,0,2,0,1 # compose_2x12 r=0
18,0,-10,0,1,0,0,0,0,0,0,0,10,0,-2,0,0,0,0,0,0,0,0,0,1 # compose_2x12 r=0
47307,-46980,19494,-4323,47520,-39024,12970,-2160,19674,-12975,3240,-360,4338,-2160,360,-20,540,-180,15,0,36,-6,0,0,1 # compose_6x4 r=0
781,0,1172,0,664,0,-418,0,-648,0,-252,0,134,0,126,0,24,0,-21,0,-8,0,0,0,1 # compose_4x6 r=0
39,0,0,0,0,0,0,0,-26,0,0,0,-13,0,0,0,4,0,0,0,4,0,0,0,1 # compose_2x12 r=4
53,0,0,0,0,0,0,0,13,0,0,0,-13,0,0,0,1,0,0,0,-2,0,0,0,1 # compose_2x12 r=0
65,0,0,-98,0,0,48,0,49,-8,0,-48,0,0,12,0,12,0,0,-6,0,0,0,0,1 # compose_3x8 r=0
5,0,0,0,0,0,0,0,4,0,0,0,2,0,0,0,4,0,0,0,4,0,0,0,1 # compose_2x12 r=0
1371,0,888,0,218,0,-864,0,-435,0,-72,0,214,0,72,0,6,0,-24,0,-4,0,0,0,1 # compose_4x6 r=0
46671,0,0,0,46659,0,0,0,19440,0,0,0,4320,0,0,0,540,0,0,0,36,0,0,0,1 # compose_6x4 r=0
73,0,0,0,0,102,102,0,0,0,53,106,53,0,0,12,36,36,12,0,1,4,6,4,1 # compose_4x6 r=0
30,0,0,0,0,0,20,0,0,0,0,0,14,0,0,0,0,0,4,0,0,0,0,0,1 # compose_2x12 r=0
31,0,0,49,0,0,-18,0,0,-53,0,0,5,0,0,23,0,0,-3,0,0,-4,0,0,1 # compose_4x6 r=0
46223,0,0,46440,-46440,0,19404,-38808,19404,4318,-12954,12954,-3778,-2160,3240,-2124,360,360,-359,174,-21,-20,15,-6,1 # compose_6x4 r=4
136,0,0,0,154,0,0,0,137,0,0,0,68,0,0,0,27,0,0,0,6,0,0,0,1 # compose_3x8 r=0
1287,0,0,0,862,0,-862,0,216,0,-432,0,240,0,-72,0,73,0,-28,0,6,0,-4,0,1 # compose_4x6 r=0
341,0,0,0,0,313,313,0,0,0,109,218,109,0,0,17,51,51,17,0,1,4,6,4,1 # compose_4x6 r=0
34,0,0,-12,0,0,1,0,0,0,0,0,12,0,0,-2,0,0,0,0,0,0,0,0,1 # compose_2x12 r=0
25,0,0,11,0,0,1,0,0,0,0,0,-11,0,0,-2,0,0,0,0,0,0,0,0,1 # compose_2x12 r=4
36,0,0,0,0,0,0,0,22,0,0,0,-11,0,0,0,4,0,0,0,-4,0,0,0,1 # compose_2x12 r=0
20,0,0,0,0,0,33,0,0,0,0,0,24,0,0,0,0,0,8,0,0,0,0,0,1 # compose_4x6 r=0
23,0,0,0,22,0,0,0,4,0,0,0,11,0,0,0,4,0,0,0,0,0,0,0,1 # compose_2x12 r=0
632,0,0,1002,0,0,99,0,0,-440,0,0,-74,0,0,88,0,0,4,0,0,-8,0,0,1 # compose_4x6 r=0
629,0,501,0,150,0,521,0,301,0,60,0,154,0,60,0,6,0,20,0,4,0,0,0,1 # compose_4x6 r=0
46641,-46653,19440,-4320,-46113,38844,-12959,2160,19260,-12954,3240,-360,-4305,2160,-360,20,540,-180,15,0,-36,6,0,0,1 # compose_6x4 r=0
66,0,0,0,0,0,0,0,48,0,0,0,0,0,0,0,12,0,0,0,0,0,0,0,1 # compose_3x8 r=0
10,0,0,0,0,0,-12,0,12,0,0,0,6,0,-12,0,6,0,-1,0,3,0,-3,0,1 # compose_3x8 r=0
43,135,179,127,-84,-347,-380,-204,124,375,306,110,-112,-204,-110,-20,51,55,15,0,-11,-6,0,0,1 # compose_6x4 r=0
15614,0,18748,0,-9373,0,-16250,0,2250,0,6030,0,-399,0,-1206,0,90,0,130,0,-15,0,-6,0,1 # compose_6x4 r=4
78,0,0,0,0,-102,0,0,51,0,48,0,0,-48,0,-8,12,0,12,0,0,-6,0,0,1 # compose_3x8 r=0
4,0,0,-12,-6,0,60,60,15,-160,-240,-120,220,480,360,-72,-465,-480,-176,132,234,160,60,12,1 # compose_6x4 r=0
235,0,0,0,0,0,-222,0,111,0,0,0,72,0,-72,0,18,0,-8,0,12,0,-6,0,1 # compose_3x8 r=0
15629,0,0,0,-18751,0,0,0,9375,0,0,0,-2500,0,0,0,375,0,0,0,-30,0,0,0,1 # compose_6x4 r=4
733,0,0,1460,-1460,0,1215,-2430,1215,540,-1620,1620,-405,-540,810,-522,45,180,-179,84,-3,-20,15,-6,1 # compose_6x4 r=4
92,0,-114,0,55,0,-126,0,111,0,-36,0,59,0,-36,0,6,0,-12,0,4,0,0,0,1 # compose_4x6 r=0
4286,0,0,-12576,-6288,0,15504,15504,3876,-10264,-15396,-7698,2557,7680,5760,1152,-1680,-1920,-896,-48,216,160,60,12,1 # compose_6x4 r=4
19,0,0,-48,0,0,36,0,24,-8,0,-36,0,0,12,0,9,0,0,-6,0,0,0,0,1 # compose_3x8 r=0
143,0,0,0,0,0,0,0,78,0,0,0,0,0,0,0,15,0,0,0,0,0,0,0,1 # compose_3x8 r=0
548,0,0,0,-940,0,470,0,588,0,-588,0,-13,0,240,0,-104,0,-12,0,24,0,-8,0,1 # compose_4x6 r=0
637,0,0,0,1006,0,503,0,600,0,600,0,310,0,240,0,136,0,52,0,24,0,8,0,1 # compose_4x6 r=0
5,0,0,0,0,0,0,0,0,0,0,-8,8,0,0,0,0,0,0,0,0,0,1,-2,1 # compose_2x12 r=0
20,0,0,0,0,0,0,0,0,0,0,0,10,0,0,0,0,0,0,0,0,0,0,0,1 # compose_2x12 r=0
1263,0,0,0,0,1704,-852,0,0,0,860,-860,215,0,0,192,-288,144,-24,0,16,-32,24,-8,1 # compose_4x6 r=0
3902,0,6000,0,-2196,0,-6331,0,213,0,2895,0,44,0,-726,0,15,0,100,0,-9,0,-6,0,1 # compose_6x4 r=4
4029,0,-6096,0,-2268,0,6377,0,231,0,-2901,0,42,0,726,0,15,0,-100,0,-9,0,6,0,1 # compose_6x4 r=4
2,0,0,0,0,0,0,-6,0,0,0,0,-6,0,1,0,0,0,0,2,0,0,0,0,1 # compose_2x12 r=4
15,33,24,8,1,0,33,48,24,4,0,0,24,24,6,0,0,0,8,4,0,0,0,0,1 # compose_4x6 r=0
1263,0,0,0,1704,0,852,0,860,0,860,0,407,0,288,0,160,0,56,0,24,0,8,0,1 # compose_4x6 r=0
1,0,0,0,0,0,0,0,0,0,6,0,6,0,0,0,0,0,0,0,1,0,2,0,1 # compose_2x12 r=0
29,0,0,0,0,0,0,0,0,24,0,0,12,0,0,0,0,0,4,0,0,4,0,0,1 # compose_2x12 r=0
7,0,0,0,0,0,0,0,-10,0,0,0,-5,0,0,0,4,0,0,0,4,0,0,0,1 # compose_2x12 r=0
287,0,0,0,0,0,272,0,0,0,0,0,98,0,0,0,0,0,16,0,0,0,0,0,1 # compose_4x6 r=0
1,0,0,0,2,0,-2,0,4,0,-8,0,7,0,-9,0,10,0,-7,0,6,0,-4,0,1 # compose_4x6 r=0
33,0,0,0,0,0,0,-24,0,0,0,0,12,0,4,0,0,0,0,-4,0,0,0,0,1 # compose_2x12 r=0
1,0,0,0,2,0,-2,0,5,0,-10,0,9,0,-12,0,13,0,-8,0,6,0,-4,0,1 # compose_4x6 r=0
15609,-37494,37500,-20000,24747,-38460,30064,-12000,11775,-15192,9000,-2400,2740,-3000,1200,-160,375,-300,60,0,30,-12,0,0,1 # compose_6x4 r=0
15503,-37350,37440,-19992,24675,-38400,30052,-12000,11760,-15186,9000,-2400,2739,-3000,1200,-160,375,-300,60,0,30,-12,0,0,1 # compose_6x4 r=0
15627,0,0,-37500,-18750,0,37500,37500,9375,-20000,-30000,-15000,3500,12000,9000,2040,-2025,-2400,-1136,-108,210,160,60,12,1 # compose_6x4 r=0
41,0,0,0,0,0,0,0,14,0,0,0,14,0,0,0,1,0,0,0,2,0,0,0,1 # compose_2x12 r=0
5,0,0,0,0,0,0,-1,0,0,0,0,-1,0,1,0,0,0,0,2,0,0,0,0,1 # compose_2x12 r=0
7,0,0,0,0,0,0,14,0,0,0,0,7,0,4,0,0,0,0,4,0,0,0,0,1 # compose_2x12 r=0
26,-8,1,0,0,0,0,0,0,0,0,0,-8,2,0,0,0,0,0,0,0,0,0,0,1 # compose_2x12 r=0
