# IGP24 batch: one polynomial per distinct (group fingerprint, signature) cluster.
21,0,0,0,0,0,0,-8,0,0,0,0,-8,0,1,0,0,0,0,2,0,0,0,0,1 # compose_2x12 r=0
46642,-93308,77760,-34560,-38014,76608,-51776,17280,16560,-25728,12960,-2880,-4080,4320,-1440,160,540,-360,60,0,-36,12,0,0,1 # compose_6x4 r=4
13,0,-8,0,1,0,0,0,0,0,0,0,-8,0,2,0,0,0,0,0,0,0,0,0,1 # compose_2x12 r=4
4162,0,6192,0,-2340,0,-6423,0,249,0,2907,0,40,0,-726,0,15,0,100,0,-9,0,-6,0,1 # compose_6x4 r=0
15251,0,0,18525,-18525,0,9330,-18660,9330,2497,-7491,7491,-2122,-1500,2250,-1470,225,300,-299,144,-15,-20,15,-6,1 # compose_6x4 r=4
47302,0,0,0,46980,0,0,0,19494,0,0,0,4323,0,0,0,540,0,0,0,36,0,0,0,1 # compose_6x4 r=0
13021,0,32118,0,16985,0,-14892,0,-13351,0,3310,0,3899,0,-680,0,-569,0,130,0,31,0,-12,0,1 # compose_6x4 r=0
27,0,0,0,0,0,8,0,0,0,0,0,9,0,0,0,0,0,2,0,0,0,0,0,1 # compose_2x12 r=0
25,0,0,0,0,0,0,-26,26,0,0,0,0,0,9,-18,9,0,0,0,0,-1,3,-3,1 # compose_3x8 r=0
46437,0,93096,0,31140,0,-43136,0,-23766,0,9786,0,5825,0,-1632,0,-660,0,200,0,24,0,-12,0,1 # compose_6x4 r=4
307,0,0,0,-280,0,-280,0,99,0,198,0,83,0,-48,0,-47,0,-12,0,6,0,4,0,1 # compose_4x6 r=0
4159,0,12384,0,9216,0,-5160,0,-7680,0,774,0,2623,0,-192,0,-480,0,80,0,36,0,-12,0,1 # compose_6x4 r=4
15749,0,18825,0,28215,0,21281,0,17268,0,9033,0,4902,0,1806,0,690,0,170,0,45,0,6,0,1 # compose_6x4 r=0
117,0,0,73,0,0,15,0,73,1,0,30,0,0,3,0,15,0,0,3,0,0,0,0,1 # compose_3x8 r=0
21,0,0,-9,0,0,1,0,0,0,0,0,9,0,0,-2,0,0,0,0,0,0,0,0,1 # compose_2x12 r=0
15374,0,0,0,18600,0,0,0,9345,0,0,0,2498,0,0,0,375,0,0,0,30,0,0,0,1 # compose_6x4 r=0
142,0,0,0,0,-156,0,0,78,0,60,0,0,-60,0,-8,15,0,12,0,0,-6,0,0,1 # compose_3x8 r=0
3,0,0,0,0,0,0,0,0,0,3,0,3,0,0,0,0,0,0,0,1,0,2,0,1 # compose_2x12 r=0
6,0,0,-12,-12,0,21,42,21,-22,-66,-66,-7,60,90,54,-15,-60,-59,-24,9,20,15,6,1 # compose_6x4 r=0
46653,0,0,46656,-46656,0,19440,-38880,19440,4320,-12960,12960,-3780,-2160,3240,-2124,360,360,-359,174,-21,-20,15,-6,1 # compose_6x4 r=4
29,0,0,0,0,0,0,13,0,0,0,0,-13,0,1,0,0,0,0,-2,0,0,0,0,1 # compose_2x12 r=4
29,0,0,0,0,0,0,0,0,12,0,0,12,0,0,0,0,0,1,0,0,2,0,0,1 # compose_2x12 r=0
11,0,0,-13,0,0,6,0,13,-1,0,-12,0,0,3,0,6,0,0,-3,0,0,0,0,1 # compose_3x8 r=0
732,0,0,-1458,1458,0,1215,-2430,1215,-540,1620,-1620,675,-540,810,-558,225,-180,181,-96,33,-20,15,-6,1 # compose_6x4 r=0
66,0,0,0,0,-48,0,0,48,0,12,0,0,-24,0,-1,12,0,3,0,0,-3,0,0,1 # compose_3x8 r=0
15622,0,0,-37500,18750,0,37500,-37500,9375,-20000,30000,-15000,8500,-12000,9000,-3960,2775,-2400,1264,-492,270,-160,60,-12,1 # compose_6x4 r=0
87,0,0,0,109,0,109,0,54,0,108,0,66,0,36,0,37,0,16,0,6,0,4,0,1 # compose_4x6 r=0
46005,-46332,19386,-4317,-45792,38736,-12950,2160,19206,-12945,3240,-360,-4302,2160,-360,20,540,-180,15,0,-36,6,0,0,1 # compose_6x4 r=4
207,0,-214,0,72,0,-8,0,107,0,-72,0,12,0,0,0,18,0,-6,0,0,0,0,0,1 # compose_3x8 r=0
15,0,-24,0,9,0,-1,0,24,0,-18,0,3,0,0,0,9,0,-3,0,0,0,0,0,1 # compose_3x8 r=0
286,0,544,0,392,0,400,0,408,0,192,0,130,0,96,0,24,0,16,0,8,0,0,0,1 # compose_4x6 r=0
5,0,-20,0,36,0,-42,0,52,0,-48,0,41,0,-24,0,24,0,-4,0,8,0,0,0,1 # compose_4x6 r=0
19,0,0,0,0,0,0,0,11,0,0,0,-11,0,0,0,1,0,0,0,-2,0,0,0,1 # compose_2x12 r=4
138,0,0,0,78,0,0,0,93,0,0,0,31,0,0,0,18,0,0,0,3,0,0,0,1 # compose_3x8 r=0
33,0,0,0,0,0,0,0,-24,0,0,0,12,0,0,0,4,0,0,0,-4,0,0,0,1 # compose_2x12 r=0
9,0,0,-26,0,0,24,0,13,-8,0,-24,0,0,12,0,6,0,0,-6,0,0,0,0,1 # compose_3x8 r=0
11,0,0,0,46,0,-23,0,76,0,-76,0,75,0,-84,0,58,0,-39,0,24,0,-8,0,1 # compose_4x6 r=0
3901,0,0,-6000,-6000,0,3804,7608,3804,-1277,-3831,-3831,-1037,960,1440,936,120,-240,-239,-114,-9,20,15,6,1 # compose_6x4 r=4
20,0,0,0,0,0,0,-16,0,0,0,0,-8,0,4,0,0,0,0,4,0,0,0,0,1 # compose_2x12 r=0
1282,0,862,0,216,0,-838,0,-431,0,-72,0,212,0,72,0,6,0,-24,0,-4,0,0,0,1 # compose_4x6 r=4
13,0,0,0,0,0,0,0,0,0,0,12,6,0,0,0,0,0,0,0,0,0,4,4,1 # compose_2x12 r=0
51,14,1,0,0,0,0,0,0,0,0,0,14,2,0,0,0,0,0,0,0,0,0,0,1 # compose_2x12 r=0
26,0,0,0,0,0,0,0,0,20,0,0,10,0,0,0,0,0,4,0,0,4,0,0,1 # compose_2x12 r=0
64,0,0,0,-191,0,0,0,240,0,0,0,-160,0,0,0,60,0,0,0,-12,0,0,0,1 # compose_6x4 r=0
14,0,0,0,0,0,0,0,-10,0,0,0,5,0,0,0,4,0,0,0,-4,0,0,0,1 # compose_2x12 r=0
1370,-1776,872,-192,16,0,888,-872,288,-32,0,0,218,-144,24,0,0,0,24,-8,0,0,0,0,1 # compose_4x6 r=0
39,0,0,0,0,-13,0,0,0,0,1,0,13,0,0,0,0,-2,0,0,0,0,0,0,1 # compose_2x12 r=0
33,0,0,0,0,0,0,0,0,0,11,0,11,0,0,0,0,0,0,0,1,0,2,0,1 # compose_2x12 r=0
46653,0,0,93312,46656,0,77760,77760,19440,34560,51840,25920,12960,17280,12960,5472,3420,2880,1504,552,276,160,60,12,1 # compose_6x4 r=0
11,0,6,0,4,0,0,0,0,0,0,0,-3,0,-4,0,0,0,0,0,0,0,0,0,1 # compose_2x12 r=0
755,0,0,1485,1485,0,1224,2448,1224,541,1623,1623,676,540,810,558,225,180,181,96,33,20,15,6,1 # compose_6x4 r=0
11,0,0,0,0,0,0,0,5,0,0,0,-5,0,0,0,1,0,0,0,-2,0,0,0,1 # compose_2x12 r=0
29,0,-54,0,36,0,-8,0,27,0,-36,0,12,0,0,0,9,0,-6,0,0,0,0,0,1 # compose_3x8 r=0
3,0,0,0,0,0,-11,0,11,0,0,0,6,0,-12,0,6,0,-1,0,3,0,-3,0,1 # compose_3x8 r=0
44,0,0,0,0,0,0,0,0,0,0,0,13,0,0,0,0,0,0,0,0,0,0,0,1 # compose_2x12 r=0
16001,0,0,0,18975,0,0,0,9420,0,0,0,2503,0,0,0,375,0,0,0,30,0,0,0,1 # compose_6x4 r=0
697,0,0,0,-530,0,-530,0,153,0,306,0,133,0,-60,0,-59,0,-16,0,6,0,4,0,1 # compose_4x6 r=4
70,194,240,160,-134,-468,-479,-240,180,474,360,120,-145,-240,-120,-20,60,60,15,0,-12,-6,0,0,1 # compose_6x4 r=0
15253,0,0,0,18525,0,0,0,9330,0,0,0,2497,0,0,0,375,0,0,0,30,0,0,0,1 # compose_6x4 r=0
1,0,-6,0,7,0,2,0,-13,0,12,0,3,0,-12,0,6,0,4,0,-4,0,0,0,1 # compose_4x6 r=4
4094,0,0,-12286,-6143,0,15360,15360,3840,-10240,-15360,-7680,2560,7680,5760,1152,-1680,-1920,-896,-48,216,160,60,12,1 # compose_6x4 r=0
611,0,-994,0,600,0,337,0,-584,0,240,0,118,0,-120,0,24,0,20,0,-8,0,0,0,1 # compose_4x6 r=0
123,-75,15,-1,0,0,0,0,75,-30,3,0,0,0,0,0,15,-3,0,0,0,0,0,0,1 # compose_3x8 r=0
27,0,0,0,0,0,0,0,0,0,0,22,-11,0,0,0,0,0,0,0,0,0,4,-4,1 # compose_2x12 r=4
122,-74,15,-1,0,0,0,0,74,-30,3,0,0,0,0,0,15,-3,0,0,0,0,0,0,1 # compose_3x8 r=0
37,0,0,0,0,0,0,0,0,0,0,26,-13,0,0,0,0,0,0,0,0,0,4,-4,1 # compose_2x12 r=4
8,0,0,3,0,0,1,0,0,0,0,0,-3,0,0,-2,0,0,0,0,0,0,0,0,1 # compose_2x12 r=0
36,0,0,-22,0,0,4,0,0,0,0,0,11,0,0,-4,0,0,0,0,0,0,0,0,1 # compose_2x12 r=0
3,0,10,0,9,0,-6,0,-17,0,-12,0,5,0,12,0,6,0,-4,0,-4,0,0,0,1 # compose_4x6 r=4
9,0,0,0,-2,0,0,0,4,0,0,0,1,0,0,0,-4,0,0,0,0,0,0,0,1 # compose_2x12 r=0
732,0,0,2916,-1458,0,4860,-4860,1215,4320,-6480,3240,1620,-4320,3240,-504,-1305,1440,-656,-12,222,-160,60,-12,1 # compose_6x4 r=0
9,0,0,0,0,0,0,0,0,14,0,0,7,0,0,0,0,0,4,0,0,4,0,0,1 # compose_2x12 r=0
1315,0,0,0,-867,0,-867,0,216,0,432,0,192,0,-72,0,-71,0,-20,0,6,0,4,0,1 # compose_4x6 r=4
12,0,0,0,0,0,0,0,9,0,0,0,9,0,0,0,1,0,0,0,2,0,0,0,1 # compose_2x12 r=0
119,0,0,148,0,0,60,0,74,8,0,60,0,0,12,0,15,0,0,6,0,0,0,0,1 # compose_3x8 r=0
73,0,0,0,0,105,-105,0,0,0,54,-108,54,0,0,12,-36,36,-12,0,1,-4,6,-4,1 # compose_4x6 r=4
262,0,0,0,0,0,258,0,0,0,0,0,96,0,0,0,0,0,16,0,0,0,0,0,1 # compose_4x6 r=0
4109,0,-12294,0,9213,0,5120,0,-7680,0,-768,0,2624,0,192,0,-480,0,-80,0,36,0,12,0,1 # compose_6x4 r=4
15609,0,37494,0,56247,0,57500,0,45375,0,27960,0,13964,0,5592,0,1815,0,460,0,90,0,12,0,1 # compose_6x4 r=0
4098,-12288,15360,-10240,9984,-16128,15424,-7680,5760,-7872,5760,-1920,1520,-1920,960,-160,240,-240,60,0,24,-12,0,0,1 # compose_6x4 r=0
251,0,0,0,-254,0,-254,0,96,0,192,0,80,0,-48,0,-47,0,-12,0,6,0,4,0,1 # compose_4x6 r=0
15999,0,0,18975,18975,0,9420,18840,9420,2503,7509,7509,2878,1500,2250,1530,525,300,301,156,45,20,15,6,1 # compose_6x4 r=0
578,0,0,0,-960,0,480,0,592,0,-592,0,-12,0,240,0,-104,0,-12,0,24,0,-8,0,1 # compose_4x6 r=0
21,0,0,-11,0,0,1,0,0,0,0,0,-11,0,0,2,0,0,0,0,0,0,0,0,1 # compose_2x12 r=4
25,0,88,0,108,0,20,0,-92,0,-96,0,-5,0,48,0,24,0,-8,0,-8,0,0,0,1 # compose_4x6 r=4
2,0,0,0,-6,0,-3,0,24,0,24,0,-26,0,-48,0,-8,0,28,0,24,0,8,0,1 # compose_4x6 r=0
52,0,30,0,4,0,0,0,0,0,0,0,15,0,4,0,0,0,0,0,0,0,0,0,1 # compose_2x12 r=0
2,0,0,0,0,0,0,0,0,0,-4,0,-2,0,0,0,0,0,0,0,4,0,4,0,1 # compose_2x12 r=0
28,0,20,0,4,0,0,0,0,0,0,0,-10,0,-4,0,0,0,0,0,0,0,0,0,1 # compose_2x12 r=0
32,0,0,22,0,0,4,0,0,0,0,0,11,0,0,4,0,0,0,0,0,0,0,0,1 # compose_2x12 r=0
14,0,-60,0,96,0,-94,0,112,0,-96,0,56,0,-48,0,24,0,-8,0,8,0,0,0,1 # compose_4x6 r=0
1335,0,0,0,876,0,876,0,217,0,434,0,241,0,72,0,73,0,28,0,6,0,4,0,1 # compose_4x6 r=0
19,0,-10,0,1,0,0,0,0,0,0,0,10,0,-2,0,0,0,0,0,0,0,0,0,1 # compose_2x12 r=0
16,0,0,0,0,0,0,0,6,0,0,0,-6,0,0,0,1,0,0,0,-2,0,0,0,1 # compose_2x12 r=0
15,0,0,0,0,0,0,0,0,0,0,0,-5,0,0,0,0,0,0,0,0,0,0,0,1 # compose_2x12 r=0
19,0,0,0,-8,0,0,0,1,0,0,0,8,0,0,0,-2,0,0,0,0,0,0,0,1 # compose_2x12 r=0
17,0,0,0,0,0,9,0,0,0,0,0,10,0,0,0,0,0,2,0,0,0,0,0,1 # compose_2x12 r=0
2,0,0,0,0,0,0,0,0,-7,0,0,-7,0,0,0,0,0,1,0,0,2,0,0,1 # compose_2x12 r=4
4287,0,12576,0,9216,0,-5240,0,-7680,0,786,0,2621,0,-192,0,-480,0,80,0,36,0,-12,0,1 # compose_6x4 r=4
235,0,0,111,0,0,18,0,111,1,0,36,0,0,3,0,18,0,0,3,0,0,0,0,1 # compose_3x8 r=0
27,0,0,0,0,-56,0,0,28,0,36,0,0,-36,0,-8,9,0,12,0,0,-6,0,0,1 # compose_3x8 r=0
4,0,0,0,8,0,-4,0,24,0,-24,0,38,0,-48,0,40,0,-36,0,24,0,-8,0,1 # compose_4x6 r=0
219,0,0,218,0,0,72,0,109,8,0,72,0,0,12,0,18,0,0,6,0,0,0,0,1 # compose_3x8 r=0
22,0,0,0,0,0,40,0,0,0,0,0,26,0,0,0,0,0,8,0,0,0,0,0,1 # compose_4x6 r=0
1261,0,0,0,0,-852,852,0,0,0,215,-430,215,0,0,-24,72,-72,24,0,1,-4,6,-4,1 # compose_4x6 r=0
18,0,34,0,24,0,42,0,49,0,24,0,28,0,24,0,6,0,8,0,4,0,0,0,1 # compose_4x6 r=0
5,0,0,0,0,0,0,0,-5,0,0,0,-5,0,0,0,1,0,0,0,2,0,0,0,1 # compose_2x12 r=4
24,0,0,0,0,0,0,0,0,0,0,0,12,0,0,0,0,0,0,0,0,0,0,0,1 # compose_2x12 r=0
15,0,24,0,9,0,1,0,24,0,18,0,3,0,0,0,9,0,3,0,0,0,0,0,1 # compose_3x8 r=0
46673,0,0,-46659,46659,0,19440,-38880,19440,-4320,12960,-12960,4860,-2160,3240,-2196,720,-360,361,-186,51,-20,15,-6,1 # compose_6x4 r=0
39,0,0,0,0,0,0,0,0,0,0,0,13,0,0,0,0,0,0,0,0,0,0,0,1 # compose_2x12 r=0
4103,0,0,6145,6145,0,3840,7680,3840,1280,3840,3840,1520,960,1440,984,360,240,241,126,39,20,15,6,1 # compose_6x4 r=0
87,0,0,0,-228,0,114,0,220,0,-220,0,-41,0,144,0,-56,0,-20,0,24,0,-8,0,1 # compose_4x6 r=0
1257,-852,215,-24,1,0,852,-430,72,-4,0,0,215,-72,6,0,0,0,24,-4,0,0,0,0,1 # compose_4x6 r=0
34,0,0,0,0,0,0,0,-20,0,0,0,10,0,0,0,4,0,0,0,-4,0,0,0,1 # compose_2x12 r=0
1222,0,-840,0,214,0,816,0,-427,0,72,0,210,0,-72,0,6,0,24,0,-4,0,0,0,1 # compose_4x6 r=0
11,0,7,0,1,0,0,0,0,0,0,0,7,0,2,0,0,0,0,0,0,0,0,0,1 # compose_2x12 r=0
4,0,0,0,0,14,0,0,0,0,4,0,-7,0,0,0,0,-4,0,0,0,0,0,0,1 # compose_2x12 r=4
15613,0,0,0,18748,0,0,0,9375,0,0,0,2500,0,0,0,375,0,0,0,30,0,0,0,1 # compose_6x4 r=0
2,0,0,0,0,-6,0,0,0,0,1,0,-6,0,0,0,0,2,0,0,0,0,0,0,1 # compose_2x12 r=4
11,0,-23,0,19,0,16,0,-37,0,21,0,15,0,-21,0,6,0,7,0,-4,0,0,0,1 # compose_4x6 r=0
622,0,0,-1000,0,0,1100,0,0,-760,0,0,406,0,0,-152,0,0,44,0,0,-8,0,0,1 # compose_4x6 r=0
1299,0,0,0,0,0,-865,0,0,0,0,0,216,0,0,0,0,0,-24,0,0,0,0,0,1 # compose_4x6 r=4
1292,0,0,0,0,0,-863,0,0,0,0,0,216,0,0,0,0,0,-24,0,0,0,0,0,1 # compose_4x6 r=0
1301,-865,216,-24,1,0,865,-432,72,-4,0,0,216,-72,6,0,0,0,24,-4,0,0,0,0,1 # compose_4x6 r=0
599,0,0,0,0,980,-490,0,0,0,596,-596,149,0,0,160,-240,120,-20,0,16,-32,24,-8,1 # compose_4x6 r=4
25,0,0,0,0,0,0,0,0,0,-9,0,-9,0,0,0,0,0,0,0,1,0,2,0,1 # compose_2x12 r=0
36,0,0,0,0,0,0,-11,0,0,0,0,-11,0,1,0,0,0,0,2,0,0,0,0,1 # compose_2x12 r=0
14,0,0,0,0,0,0,-10,0,0,0,0,-5,0,4,0,0,0,0,4,0,0,0,0,1 # compose_2x12 r=0
13,0,0,0,0,0,0,0,0,0,14,0,-7,0,0,0,0,0,0,0,4,0,-4,0,1 # compose_2x12 r=0
69,0,386,0,767,0,320,0,-720,0,-576,0,384,0,288,0,-180,0,-40,0,48,0,-12,0,1 # compose_6x4 r=0
67,0,0,0,0,0,98,0,49,0,0,0,48,0,48,0,12,0,8,0,12,0,6,0,1 # compose_3x8 r=0
553,0,0,0,0,0,470,0,0,0,0,0,147,0,0,0,0,0,20,0,0,0,0,0,1 # compose_4x6 r=0
5,0,0,0,0,0,0,0,0,1,0,0,-1,0,0,0,0,0,1,0,0,-2,0,0,1 # compose_2x12 r=0
247,0,0,0,0,0,-253,0,0,0,0,0,96,0,0,0,0,0,-16,0,0,0,0,0,1 # compose_4x6 r=0
24,0,0,0,0,0,0,-24,0,0,0,0,12,0,4,0,0,0,0,-4,0,0,0,0,1 # compose_2x12 r=0
211,-232,93,-16,1,0,232,-186,48,-4,0,0,93,-48,6,0,0,0,16,-4,0,0,0,0,1 # compose_4x6 r=0
18,0,0,0,0,0,0,0,0,12,0,0,-6,0,0,0,0,0,4,0,0,-4,0,0,1 # compose_2x12 r=0
641,0,1006,0,600,0,663,0,616,0,240,0,182,0,120,0,24,0,20,0,8,0,0,0,1 # compose_4x6 r=0
15502,0,0,0,18675,0,0,0,9360,0,0,0,2499,0,0,0,375,0,0,0,30,0,0,0,1 # compose_6x4 r=0
46639,0,0,0,-46653,0,0,0,19440,0,0,0,-4320,0,0,0,540,0,0,0,-36,0,0,0,1 # compose_6x4 r=4
78,0,0,0,0,0,106,0,0,0,0,0,54,0,0,0,0,0,12,0,0,0,0,0,1 # compose_4x6 r=0
19,0,0,0,0,0,0,0,12,0,0,0,-6,0,0,0,4,0,0,0,-4,0,0,0,1 # compose_2x12 r=0
6,0,0,0,-4,0,0,0,4,0,0,0,2,0,0,0,-4,0,0,0,0,0,0,0,1 # compose_2x12 r=0
717,0,0,2910,-1455,0,4860,-4860,1215,4320,-6480,3240,1620,-4320,3240,-504,-1305,1440,-656,-12,222,-160,60,-12,1 # compose_6x4 r=4
46869,-46764,19458,-4321,-46224,38880,-12962,2160,19278,-12957,3240,-360,-4306,2160,-360,20,540,-180,15,0,-36,6,0,0,1 # compose_6x4 r=4
118,0,0,0,0,0,0,-73,73,0,0,0,0,0,15,-30,15,0,0,0,0,-1,3,-3,1 # compose_3x8 r=0
11,0,0,0,0,-31,31,0,0,0,24,-48,24,0,0,-8,24,-24,8,0,1,-4,6,-4,1 # compose_4x6 r=0
55,-30,4,0,0,0,0,0,0,0,0,0,15,-4,0,0,0,0,0,0,0,0,0,0,1 # compose_2x12 r=0
1,0,0,0,0,0,0,2,0,0,0,0,1,0,4,0,0,0,0,4,0,0,0,0,1 # compose_2x12 r=0
29,0,0,0,-10,0,0,0,1,0,0,0,-10,0,0,0,2,0,0,0,0,0,0,0,1 # compose_2x12 r=0
22,-11,1,0,0,0,0,0,0,0,0,0,11,-2,0,0,0,0,0,0,0,0,0,0,1 # compose_2x12 r=0
23,0,0,-9,0,0,1,0,0,0,0,0,-9,0,0,2,0,0,0,0,0,0,0,0,1 # compose_2x12 r=0
11,0,0,-24,0,0,24,0,12,-8,0,-24,0,0,12,0,6,0,0,-6,0,0,0,0,1 # compose_3x8 r=0
29,0,0,0,0,0,0,0,0,0,0,0,-9,0,0,0,0,0,0,0,0,0,0,0,1 # compose_2x12 r=0
703,-530,153,-20,1,0,530,-306,60,-4,0,0,153,-60,6,0,0,0,20,-4,0,0,0,0,1 # compose_4x6 r=0
5,0,0,0,0,0,0,0,0,0,0,-8,-8,0,0,0,0,0,0,0,0,0,1,2,1 # compose_2x12 r=4
143,0,78,0,15,0,1,0,78,0,30,0,3,0,0,0,15,0,3,0,0,0,0,0,1 # compose_3x8 r=0
6,0,24,0,72,0,92,0,-3,0,-156,0,-78,0,168,0,15,0,-100,0,54,0,-12,0,1 # compose_6x4 r=0
2,0,0,0,0,-6,6,0,0,0,6,-12,6,0,0,-4,12,-12,4,0,1,-4,6,-4,1 # compose_4x6 r=0
71,0,0,50,0,0,12,0,50,1,0,24,0,0,3,0,12,0,0,3,0,0,0,0,1 # compose_3x8 r=0
31,0,0,0,0,0,49,0,0,0,0,0,31,0,0,0,0,0,9,0,0,0,0,0,1 # compose_4x6 r=0
13,0,0,0,0,0,0,-14,0,0,0,0,7,0,4,0,0,0,0,-4,0,0,0,0,1 # compose_2x12 r=0
27,0,0,0,40,0,40,0,26,0,52,0,34,0,24,0,25,0,12,0,6,0,4,0,1 # compose_4x6 r=0
73,0,0,0,0,0,106,0,0,0,0,0,54,0,0,0,0,0,12,0,0,0,0,0,1 # compose_4x6 r=0
27,0,0,0,0,0,-16,0,0,0,0,0,12,0,0,0,0,0,-4,0,0,0,0,0,1 # compose_2x12 r=0
257,512,384,128,16,0,-256,-384,-192,-32,0,0,96,96,24,0,0,0,-16,-8,0,0,0,0,1 # compose_4x6 r=0
17,0,0,0,0,36,-36,0,0,0,25,-50,25,0,0,8,-24,24,-8,0,1,-4,6,-4,1 # compose_4x6 r=4
37,0,0,12,0,0,1,0,0,0,0,0,12,0,0,2,0,0,0,0,0,0,0,0,1 # compose_2x12 r=0
719,0,-1455,0,-240,0,1890,0,-270,0,-1098,0,181,0,366,0,-30,0,-70,0,-3,0,6,0,1 # compose_6x4 r=4
15613,0,18748,0,28123,0,21250,0,17250,0,9030,0,4901,0,1806,0,690,0,170,0,45,0,6,0,1 # compose_6x4 r=0
15633,0,0,37502,18751,0,37500,37500,9375,20000,30000,15000,8500,12000,9000,3960,2775,2400,1264,492,270,160,60,12,1 # compose_6x4 r=0
4103,0,0,0,6146,0,0,0,3840,0,0,0,1280,0,0,0,240,0,0,0,24,0,0,0,1 # compose_6x4 r=0
11,0,0,0,0,0,0,0,0,0,0,-3,3,0,0,0,0,0,0,0,0,0,1,-2,1 # compose_2x12 r=0
19,0,0,0,0,-64,-32,0,0,0,96,96,24,0,0,-64,-96,-48,-8,0,16,32,24,8,1 # compose_4x6 r=0
59,180,234,159,-120,-456,-476,-240,174,471,360,120,-144,-240,-120,-20,60,60,15,0,-12,-6,0,0,1 # compose_6x4 r=0
35,0,0,10,0,0,1,0,0,0,0,0,10,0,0,2,0,0,0,0,0,0,0,0,1 # compose_2x12 r=0
781,0,-3024,0,6444,0,-9268,0,9897,0,-8148,0,5286,0,-2712,0,1095,0,-340,0,78,0,-12,0,1 # compose_6x4 r=0
4111,6147,3840,1280,-5907,-7656,-3839,-960,3720,3834,1440,240,-1265,-960,-240,-20,240,120,15,0,-24,-6,0,0,1 # compose_6x4 r=0
23,0,0,0,0,0,0,0,0,0,0,-18,-9,0,0,0,0,0,0,0,0,0,4,4,1 # compose_2x12 r=0
1315,0,0,0,0,0,867,0,0,0,0,0,216,0,0,0,0,0,24,0,0,0,0,0,1 # compose_4x6 r=0
47090,-46872,19476,-4322,-46332,38916,-12965,2160,19296,-12960,3240,-360,-4307,2160,-360,20,540,-180,15,0,-36,6,0,0,1 # compose_6x4 r=0
4094,0,0,-6144,6144,0,3840,-7680,3840,-1280,3840,-3840,1520,-960,1440,-984,360,-240,241,-126,39,-20,15,-6,1 # compose_6x4 r=0
262,257,96,16,1,0,-257,-192,-48,-4,0,0,96,48,6,0,0,0,-16,-4,0,0,0,0,1 # compose_4x6 r=0
5,0,0,0,0,0,0,0,0,8,0,0,-8,0,0,0,0,0,1,0,0,-2,0,0,1 # compose_2x12 r=4
27,0,0,0,0,0,-56,0,28,0,0,0,36,0,-36,0,9,0,-8,0,12,0,-6,0,1 # compose_3x8 r=0
1305,0,0,0,0,865,-865,0,0,0,216,-432,216,0,0,24,-72,72,-24,0,1,-4,6,-4,1 # compose_4x6 r=0
73,0,0,0,0,0,0,51,51,0,0,0,0,0,12,24,12,0,0,0,0,1,3,3,1 # compose_3x8 r=0
51,0,0,0,0,0,0,13,0,0,0,0,-13,0,1,0,0,0,0,-2,0,0,0,0,1 # compose_2x12 r=0
641,0,0,0,0,-1006,-503,0,0,0,600,600,150,0,0,-160,-240,-120,-20,0,16,32,24,8,1 # compose_4x6 r=4
15,0,66,0,96,0,97,0,112,0,96,0,56,0,48,0,24,0,8,0,8,0,0,0,1 # compose_4x6 r=0
1277,0,0,0,0,1722,-861,0,0,0,864,-864,216,0,0,192,-288,144,-24,0,16,-32,24,-8,1 # compose_4x6 r=4
69,0,105,0,54,0,-93,0,-107,0,-36,0,50,0,36,0,6,0,-12,0,-4,0,0,0,1 # compose_4x6 r=4
17,0,0,0,0,0,0,0,0,0,-8,0,-8,0,0,0,0,0,0,0,1,0,2,0,1 # compose_2x12 r=0
809,0,0,-3078,1539,0,4968,-4968,1242,-4344,6516,-3258,2703,-4320,3240,-1656,1575,-1440,784,-372,258,-160,60,-12,1 # compose_6x4 r=0
77,0,-102,0,48,0,-8,0,51,0,-48,0,12,0,0,0,12,0,-6,0,0,0,0,0,1 # compose_3x8 r=0
38,0,0,0,0,0,0,11,0,0,0,0,11,0,1,0,0,0,0,2,0,0,0,0,1 # compose_2x12 r=0
231,0,0,222,0,0,72,0,111,8,0,72,0,0,12,0,18,0,0,6,0,0,0,0,1 # compose_3x8 r=0
28,-9,1,0,0,0,0,0,0,0,0,0,-9,2,0,0,0,0,0,0,0,0,0,0,1 # compose_2x12 r=0
627,0,0,0,1000,0,-500,0,600,0,-600,0,310,0,-240,0,136,0,-52,0,24,0,-8,0,1 # compose_4x6 r=0
2,0,0,0,0,0,0,0,16,0,-16,0,36,0,-48,0,40,0,-36,0,24,0,-8,0,1 # compose_4x6 r=0
254,0,512,0,384,0,-128,0,-368,0,-192,0,64,0,96,0,24,0,-16,0,-8,0,0,0,1 # compose_4x6 r=4
22,0,0,0,0,0,0,11,0,0,0,0,11,0,1,0,0,0,0,2,0,0,0,0,1 # compose_2x12 r=0
52,0,0,0,0,0,0,0,-13,0,0,0,13,0,0,0,1,0,0,0,-2,0,0,0,1 # compose_2x12 r=0
15,0,-31,0,24,0,23,0,-47,0,24,0,20,0,-24,0,6,0,8,0,-4,0,0,0,1 # compose_4x6 r=0
3905,0,6000,0,9804,0,8885,0,7875,0,4815,0,2838,0,1206,0,495,0,140,0,39,0,6,0,1 # compose_6x4 r=0
4099,0,-12288,0,9216,0,5120,0,-7680,0,-768,0,2624,0,192,0,-480,0,-80,0,36,0,12,0,1 # compose_6x4 r=0
737,0,0,0,-1461,0,0,0,1215,0,0,0,-540,0,0,0,135,0,0,0,-18,0,0,0,1 # compose_6x4 r=4
1263,0,0,0,0,0,852,0,0,0,0,0,215,0,0,0,0,0,24,0,0,0,0,0,1 # compose_4x6 r=0
71,0,0,0,-105,0,-105,0,54,0,108,0,42,0,-36,0,-35,0,-8,0,6,0,4,0,1 # compose_4x6 r=4
53,0,0,0,0,0,0,0,0,0,0,0,14,0,0,0,0,0,0,0,0,0,0,0,1 # compose_2x12 r=0
549,-470,147,-20,1,0,470,-294,60,-4,0,0,147,-60,6,0,0,0,20,-4,0,0,0,0,1 # compose_4x6 r=0
11,0,0,0,0,0,0,0,0,0,0,0,3,0,0,0,0,0,0,0,0,0,0,0,1 # compose_2x12 r=0
1093,-2005,1549,-643,-1854,3079,-1928,604,1454,-1923,906,-190,-628,604,-190,20,151,-95,15,0,-19,6,0,0,1 # compose_6x4 r=0
257,0,512,0,384,0,384,0,400,0,192,0,128,0,96,0,24,0,16,0,8,0,0,0,1 # compose_4x6 r=0
19,0,-64,0,96,0,-32,0,-80,0,96,0,-8,0,-48,0,24,0,8,0,-8,0,0,0,1 # compose_4x6 r=0
1307,0,0,-1732,0,0,-2,0,0,672,0,0,-56,0,0,-112,0,0,0,0,0,8,0,0,1 # compose_4x6 r=4
19,0,0,0,0,-32,-32,0,0,0,24,48,24,0,0,-8,-24,-24,-8,0,1,4,6,4,1 # compose_4x6 r=0
21,0,0,0,0,0,0,0,0,-14,0,0,-7,0,0,0,0,0,4,0,0,4,0,0,1 # compose_2x12 r=0
12,0,0,0,0,0,0,0,0,6,0,0,-6,0,0,0,0,0,1,0,0,-2,0,0,1 # compose_2x12 r=0
13,-58,96,-64,16,0,29,-96,96,-32,0,0,24,-48,24,0,0,0,8,-8,0,0,0,0,1 # compose_4x6 r=0
15,0,12,0,4,0,0,0,0,0,0,0,6,0,4,0,0,0,0,0,0,0,0,0,1 # compose_2x12 r=0
46661,0,46657,0,-27217,0,-34560,0,7020,0,10836,0,-1259,0,-1806,0,195,0,160,0,-21,0,-6,0,1 # compose_6x4 r=4
259,0,0,0,0,-256,-256,0,0,0,96,192,96,0,0,-16,-48,-48,-16,0,1,4,6,4,1 # compose_4x6 r=0
226,0,0,0,0,110,0,0,110,0,18,0,0,36,0,1,18,0,3,0,0,3,0,0,1 # compose_3x8 r=0
37,0,0,0,0,0,0,0,-11,0,0,0,11,0,0,0,1,0,0,0,-2,0,0,0,1 # compose_2x12 r=0
1305,0,-1730,0,864,0,-1057,0,880,0,-288,0,248,0,-144,0,24,0,-24,0,8,0,0,0,1 # compose_4x6 r=0
10,0,0,0,8,0,0,0,1,0,0,0,-8,0,0,0,-2,0,0,0,0,0,0,0,1 # compose_2x12 r=4
7,0,0,-22,0,0,24,0,11,-8,0,-24,0,0,12,0,6,0,0,-6,0,0,0,0,1 # compose_3x8 r=0
18,0,16,0,4,0,0,0,0,0,0,0,8,0,4,0,0,0,0,0,0,0,0,0,1 # compose_2x12 r=0
15747,0,0,37650,18825,0,37560,37560,9390,20008,30012,15006,8501,12000,9000,3960,2775,2400,1264,492,270,160,60,12,1 # compose_6x4 r=0
47305,0,-93960,0,124956,0,-112560,0,80010,0,-44370,0,20227,0,-7392,0,2220,0,-520,0,96,0,-12,0,1 # compose_6x4 r=0
14,0,0,0,64,0,32,0,96,0,96,0,88,0,96,0,64,0,40,0,24,0,8,0,1 # compose_4x6 r=0
29,22,4,0,0,0,0,0,0,0,0,0,11,4,0,0,0,0,0,0,0,0,0,0,1 # compose_2x12 r=0
10,0,0,0,0,0,0,1,0,0,0,0,-1,0,1,0,0,0,0,-2,0,0,0,0,1 # compose_2x12 r=0
1298,864,216,24,1,0,864,432,72,4,0,0,216,72,6,0,0,0,24,4,0,0,0,0,1 # compose_4x6 r=0
4,0,0,0,0,0,-2,0,0,0,0,0,5,0,0,0,0,0,-4,0,0,0,0,0,1 # compose_2x12 r=0
5,0,0,0,12,0,-6,0,28,0,-28,0,39,0,-48,0,40,0,-36,0,24,0,-8,0,1 # compose_4x6 r=0
22,0,0,0,0,-26,0,0,26,0,9,0,0,-18,0,-1,9,0,3,0,0,-3,0,0,1 # compose_3x8 r=0
1,0,0,0,0,4,-2,0,0,0,24,-24,6,0,0,32,-48,24,-4,0,16,-32,24,-8,1 # compose_4x6 r=0
31,0,0,0,0,-56,0,0,28,0,36,0,0,-36,0,-8,9,0,12,0,0,-6,0,0,1 # compose_3x8 r=0
71,0,0,0,0,0,100,0,50,0,0,0,48,0,48,0,12,0,8,0,12,0,6,0,1 # compose_3x8 r=0
4105,-6147,3840,-1280,6387,-7704,3841,-960,3960,-3846,1440,-240,1295,-960,240,-20,240,-120,15,0,24,-6,0,0,1 # compose_6x4 r=0
47090,0,0,93744,-46872,0,77904,-77904,19476,34576,-51864,25932,4318,-17280,12960,-3168,-2340,2880,-1376,168,204,-160,60,-12,1 # compose_6x4 r=0
1366,-888,218,-24,1,0,888,-436,72,-4,0,0,218,-72,6,0,0,0,24,-4,0,0,0,0,1 # compose_4x6 r=0
15378,0,-37200,0,55980,0,-57364,0,45321,0,-27948,0,13962,0,-5592,0,1815,0,-460,0,90,0,-12,0,1 # compose_6x4 r=0
69,-193,240,-160,-133,468,-479,240,180,-474,360,-120,-145,240,-120,20,60,-60,15,0,-12,6,0,0,1 # compose_6x4 r=0
1407,0,-1800,0,876,0,708,0,-860,0,288,0,187,0,-144,0,24,0,24,0,-8,0,0,0,1 # compose_4x6 r=0
3970,0,-6048,0,-2232,0,6354,0,222,0,-2898,0,43,0,726,0,15,0,-100,0,-9,0,6,0,1 # compose_6x4 r=0
607,0,0,0,0,-994,-497,0,0,0,600,600,150,0,0,-160,-240,-120,-20,0,16,32,24,8,1 # compose_4x6 r=4
22,0,0,0,0,0,0,0,0,16,0,0,8,0,0,0,0,0,4,0,0,4,0,0,1 # compose_2x12 r=0
-2,0,0,0,0,-8,4,0,0,0,24,-24,6,0,0,-32,48,-24,4,0,16,-32,24,-8,1 # compose_4x6 r=4
61,0,0,0,0,172,86,0,0,0,184,184,46,0,0,88,132,66,11,0,16,32,24,8,1 # compose_4x6 r=0
16,-7,1,0,0,0,0,0,0,0,0,0,-7,2,0,0,0,0,0,0,0,0,0,0,1 # compose_2x12 r=0
75,204,212,96,16,0,102,212,144,32,0,0,53,72,24,0,0,0,12,8,0,0,0,0,1 # compose_4x6 r=0
17,0,0,0,0,0,0,0,0,0,-18,0,-9,0,0,0,0,0,0,0,4,0,4,0,1 # compose_2x12 r=4
15997,-18975,9420,-2503,-18600,18810,-7508,1500,9270,-7503,2250,-300,-2488,1500,-300,20,375,-150,15,0,-30,6,0,0,1 # compose_6x4 r=4
59,0,0,0,0,0,0,0,0,0,0,0,14,0,0,0,0,0,0,0,0,0,0,0,1 # compose_2x12 r=0
15502,-18675,9360,-2499,-18300,18690,-7496,1500,9210,-7491,2250,-300,-2484,1500,-300,20,375,-150,15,0,-30,6,0,0,1 # compose_6x4 r=0
31,0,0,0,-49,0,-49,0,31,0,62,0,22,0,-27,0,-26,0,-5,0,6,0,4,0,1 # compose_4x6 r=0
46664,0,-46657,0,-27217,0,34560,0,7020,0,-10836,0,-1259,0,1806,0,195,0,-160,0,-21,0,6,0,1 # compose_6x4 r=0
251,0,0,0,0,0,-254,0,0,0,0,0,96,0,0,0,0,0,-16,0,0,0,0,0,1 # compose_4x6 r=0
249,0,0,0,0,0,-255,0,0,0,0,0,96,0,0,0,0,0,-16,0,0,0,0,0,1 # compose_4x6 r=4
15632,18751,9375,2500,19126,18780,7501,1500,9525,7506,2250,300,2515,1500,300,20,375,150,15,0,30,6,0,0,1 # compose_6x4 r=0
111,0,0,0,0,252,-126,0,0,0,228,-228,57,0,0,96,-144,72,-12,0,16,-32,24,-8,1 # compose_4x6 r=0
1,0,0,0,0,0,3,0,0,1,0,6,0,0,3,0,3,0,0,3,0,0,0,0,1 # compose_3x8 r=0
258,0,-512,0,384,0,128,0,-368,0,192,0,64,0,-96,0,24,0,16,0,-8,0,0,0,1 # compose_4x6 r=0
26,0,0,0,0,0,0,0,0,-8,0,0,8,0,0,0,0,0,1,0,0,-2,0,0,1 # compose_2x12 r=0
649,-1020,604,-160,16,0,510,-604,240,-32,0,0,151,-120,24,0,0,0,20,-8,0,0,0,0,1 # compose_4x6 r=0
-1,0,0,0,0,0,12,0,0,-8,0,-12,0,0,12,0,3,0,0,-6,0,0,0,0,1 # compose_3x8 r=4
258,0,0,0,512,0,-256,0,384,0,-384,0,224,0,-192,0,112,0,-48,0,24,0,-8,0,1 # compose_4x6 r=0
26,0,0,18,0,0,4,0,0,0,0,0,9,0,0,4,0,0,0,0,0,0,0,0,1 # compose_2x12 r=0
229,0,0,0,110,0,0,0,128,0,0,0,37,0,0,0,21,0,0,0,3,0,0,0,1 # compose_3x8 r=0
37,0,0,0,0,0,0,0,0,0,12,0,12,0,0,0,0,0,0,0,1,0,2,0,1 # compose_2x12 r=0
8,0,0,0,0,0,0,0,0,0,0,-14,-7,0,0,0,0,0,0,0,0,0,4,4,1 # compose_2x12 r=4
811,0,0,-3078,-1539,0,4968,4968,1242,-4344,-6516,-3258,1617,4320,3240,504,-1305,-1440,-656,12,222,160,60,12,1 # compose_6x4 r=4
9,0,0,0,8,0,0,0,1,0,0,0,-8,0,0,0,-2,0,0,0,0,0,0,0,1 # compose_2x12 r=4
87,0,0,0,0,0,-109,0,0,0,0,0,54,0,0,0,0,0,-12,0,0,0,0,0,1 # compose_4x6 r=0
58,0,380,0,1150,0,2240,0,3120,0,3264,0,2624,0,1632,0,780,0,280,0,72,0,12,0,1 # compose_6x4 r=0
79,0,0,0,0,-108,-108,0,0,0,54,108,54,0,0,-12,-36,-36,-12,0,1,4,6,4,1 # compose_4x6 r=4
255,0,-255,0,96,0,-271,0,193,0,-48,0,100,0,-48,0,6,0,-16,0,4,0,0,0,1 # compose_4x6 r=0
1187,0,0,0,0,0,828,0,0,0,0,0,213,0,0,0,0,0,24,0,0,0,0,0,1 # compose_4x6 r=0
207,0,0,0,0,0,-107,0,107,0,0,0,18,0,-36,0,18,0,-1,0,3,0,-3,0,1 # compose_3x8 r=0
29,0,0,0,0,0,0,0,0,0,12,0,-12,0,0,0,0,0,0,0,1,0,-2,0,1 # compose_2x12 r=4
15,0,0,0,-18,0,0,0,4,0,0,0,9,0,0,0,-4,0,0,0,0,0,0,0,1 # compose_2x12 r=0
46675,0,0,-46659,46659,0,19440,-38880,19440,-4320,12960,-12960,4860,-2160,3240,-2196,720,-360,361,-186,51,-20,15,-6,1 # compose_6x4 r=0
58,0,0,47,0,0,12,0,47,1,0,24,0,0,3,0,12,0,0,3,0,0,0,0,1 # compose_3x8 r=0
263,0,0,0,0,258,258,0,0,0,96,192,96,0,0,16,48,48,16,0,1,4,6,4,1 # compose_4x6 r=0
3970,0,0,0,6048,0,0,0,3816,0,0,0,1278,0,0,0,240,0,0,0,24,0,0,0,1 # compose_6x4 r=0
45,0,0,0,0,0,-24,0,0,0,0,0,16,0,0,0,0,0,-4,0,0,0,0,0,1 # compose_2x12 r=0
15873,0,0,0,-18900,0,0,0,9405,0,0,0,-2502,0,0,0,375,0,0,0,-30,0,0,0,1 # compose_6x4 r=4
1,0,0,0,20,0,-20,0,21,0,-42,0,29,0,-24,0,25,0,-12,0,6,0,-4,0,1 # compose_4x6 r=4
4107,0,0,-6146,-6146,0,3840,7680,3840,-1280,-3840,-3840,-1040,960,1440,936,120,-240,-239,-114,-9,20,15,6,1 # compose_6x4 r=0
4222,0,0,12480,6240,0,15456,15456,3864,10256,15384,7692,5122,7680,5760,2688,2160,1920,1024,432,264,160,60,12,1 # compose_6x4 r=0
5461,0,0,-15474,-7737,0,18356,18356,4589,-11656,-17484,-8742,2719,8352,6264,1288,-1739,-2000,-936,-58,215,160,60,12,1 # compose_6x4 r=0
7,0,18,0,4,0,0,0,0,0,0,0,-9,0,-4,0,0,0,0,0,0,0,0,0,1 # compose_2x12 r=4
26,0,0,0,0,-26,0,0,26,0,9,0,0,-18,0,-1,9,0,3,0,0,-3,0,0,1 # compose_3x8 r=0
7,0,6,0,1,0,0,0,0,0,0,0,-6,0,-2,0,0,0,0,0,0,0,0,0,1 # compose_2x12 r=4
61,0,0,0,0,0,0,0,-15,0,0,0,15,0,0,0,1,0,0,0,-2,0,0,0,1 # compose_2x12 r=0
37,0,0,0,0,0,0,0,0,0,0,12,12,0,0,0,0,0,0,0,0,0,1,2,1 # compose_2x12 r=0
205,430,340,120,16,0,215,340,180,32,0,0,85,90,24,0,0,0,15,8,0,0,0,0,1 # compose_4x6 r=0
30,0,0,0,0,27,0,0,27,0,9,0,0,18,0,1,9,0,3,0,0,3,0,0,1 # compose_3x8 r=0
15617,0,-18749,0,-9374,0,16250,0,2250,0,-6030,0,-399,0,1206,0,90,0,-130,0,-15,0,6,0,1 # compose_6x4 r=4
4101,0,-6145,0,9985,0,-8960,0,7920,0,-4824,0,2841,0,-1206,0,495,0,-140,0,39,0,-6,0,1 # compose_6x4 r=0
46671,0,0,-93318,-46659,0,77760,77760,19440,-34560,-51840,-25920,4320,17280,12960,3168,-2340,-2880,-1376,-168,204,160,60,12,1 # compose_6x4 r=4
245,0,0,-253,0,0,349,0,0,-208,0,0,145,0,0,-52,0,0,22,0,0,-4,0,0,1 # compose_4x6 r=0
119,0,148,0,60,0,8,0,74,0,60,0,12,0,0,0,15,0,6,0,0,0,0,0,1 # compose_3x8 r=0
22,-14,4,0,0,0,0,0,0,0,0,0,-7,4,0,0,0,0,0,0,0,0,0,0,1 # compose_2x12 r=0
31,0,0,0,0,0,0,0,26,0,0,0,-13,0,0,0,4,0,0,0,-4,0,0,0,1 # compose_2x12 r=4
4111,0,-12294,0,9213,0,5120,0,-7680,0,-768,0,2624,0,192,0,-480,0,-80,0,36,0,12,0,1 # compose_6x4 r=0
-3,0,0,0,0,-4,-2,0,0,0,24,24,6,0,0,-32,-48,-24,-4,0,16,32,24,8,1 # compose_4x6 r=4
53,0,-30,0,4,0,0,0,0,0,0,0,-15,0,4,0,0,0,0,0,0,0,0,0,1 # compose_2x12 r=4
678,0,0,0,0,-1040,-520,0,0,0,608,608,152,0,0,-160,-240,-120,-20,0,16,32,24,8,1 # compose_4x6 r=0
46651,0,0,0,46655,0,0,0,19440,0,0,0,4320,0,0,0,540,0,0,0,36,0,0,0,1 # compose_6x4 r=0
30,0,0,20,0,0,4,0,0,0,0,0,10,0,0,4,0,0,0,0,0,0,0,0,1 # compose_2x12 r=0
70,0,0,0,0,0,0,0,50,0,0,0,0,0,0,0,12,0,0,0,0,0,0,0,1 # compose_3x8 r=0
23,0,0,0,0,0,-26,0,26,0,0,0,9,0,-18,0,9,0,-1,0,3,0,-3,0,1 # compose_3x8 r=0
46005,92664,77544,34536,-37692,-76392,-51740,-17280,16506,25710,12960,2880,-4077,-4320,-1440,-160,540,360,60,0,-36,-12,0,0,1 # compose_6x4 r=4
21,0,0,0,0,35,35,0,0,0,24,48,24,0,0,8,24,24,8,0,1,4,6,4,1 # compose_4x6 r=0
1263,0,0,0,0,852,852,0,0,0,215,430,215,0,0,24,72,72,24,0,1,4,6,4,1 # compose_4x6 r=0
611,0,0,0,994,0,-497,0,600,0,-600,0,310,0,-240,0,136,0,-52,0,24,0,-8,0,1 # compose_4x6 r=4
6,0,-8,0,4,0,0,0,0,0,0,0,4,0,-4,0,0,0,0,0,0,0,0,0,1 # compose_2x12 r=0
13,0,0,0,0,0,0,0,-8,0,0,0,-8,0,0,0,1,0,0,0,2,0,0,0,1 # compose_2x12 r=4
58,47,12,1,0,0,0,0,47,24,3,0,0,0,0,0,12,3,0,0,0,0,0,0,1 # compose_3x8 r=0
597,0,0,0,0,0,-490,0,0,0,0,0,149,0,0,0,0,0,-20,0,0,0,0,0,1 # compose_4x6 r=4
1261,0,0,0,1704,0,-852,0,860,0,-860,0,407,0,-288,0,160,0,-56,0,24,0,-8,0,1 # compose_4x6 r=0
3,0,0,0,-12,0,0,0,4,0,0,0,6,0,0,0,-4,0,0,0,0,0,0,0,1 # compose_2x12 r=4
1293,0,0,-863,0,0,-647,0,0,408,0,0,145,0,0,-68,0,0,-18,0,0,4,0,0,1 # compose_4x6 r=0
54,0,0,0,0,0,14,0,0,0,0,0,15,0,0,0,0,0,2,0,0,0,0,0,1 # compose_2x12 r=0
1306,0,0,0,866,0,-866,0,216,0,-432,0,240,0,-72,0,73,0,-28,0,6,0,-4,0,1 # compose_4x6 r=4
15,0,0,0,0,0,0,0,0,0,0,-7,-7,0,0,0,0,0,0,0,0,0,1,2,1 # compose_2x12 r=0
3,0,-3,0,1,0,0,0,0,0,0,0,3,0,-2,0,0,0,0,0,0,0,0,0,1 # compose_2x12 r=0
15638,0,0,0,-18752,0,0,0,9375,0,0,0,-2500,0,0,0,375,0,0,0,-30,0,0,0,1 # compose_6x4 r=0
17,20,4,0,0,0,0,0,0,0,0,0,-10,-4,0,0,0,0,0,0,0,0,0,0,1 # compose_2x12 r=4
-4,0,0,6,3,0,24,24,6,-136,-204,-102,223,480,360,-72,-465,-480,-176,132,234,160,60,12,1 # compose_6x4 r=4
15619,0,0,0,-18749,0,0,0,9375,0,0,0,-2500,0,0,0,375,0,0,0,-30,0,0,0,1 # compose_6x4 r=4
46,0,0,0,-24,0,0,0,4,0,0,0,-12,0,0,0,4,0,0,0,0,0,0,0,1 # compose_2x12 r=0
11,0,-29,0,24,0,21,0,-47,0,24,0,20,0,-24,0,6,0,8,0,-4,0,0,0,1 # compose_4x6 r=0
626,0,500,0,150,0,-480,0,-299,0,-60,0,146,0,60,0,6,0,-20,0,-4,0,0,0,1 # compose_4x6 r=0
1289,-863,216,-24,1,0,863,-432,72,-4,0,0,216,-72,6,0,0,0,24,-4,0,0,0,0,1 # compose_4x6 r=0
46659,93314,77760,34560,55297,78912,51904,17280,22320,26112,12960,2880,4560,4320,1440,160,540,360,60,0,36,12,0,0,1 # compose_6x4 r=0
201,0,0,0,0,0,0,-105,105,0,0,0,0,0,18,-36,18,0,0,0,0,-1,3,-3,1 # compose_3x8 r=0
15618,18748,9375,2500,19123,18780,7501,1500,9525,7506,2250,300,2515,1500,300,20,375,150,15,0,30,6,0,0,1 # compose_6x4 r=0
206,0,0,0,0,0,232,0,0,0,0,0,93,0,0,0,0,0,16,0,0,0,0,0,1 # compose_4x6 r=0
15628,0,0,-18750,18750,0,9375,-18750,9375,-2500,7500,-7500,2875,-1500,2250,-1530,525,-300,301,-156,45,-20,15,-6,1 # compose_6x4 r=0
639,0,0,0,-1006,0,503,0,600,0,-600,0,-10,0,240,0,-104,0,-12,0,24,0,-8,0,1 # compose_4x6 r=0
1403,0,0,0,1800,0,900,0,876,0,876,0,411,0,288,0,160,0,56,0,24,0,8,0,1 # compose_4x6 r=0
253,0,510,0,384,0,-127,0,-368,0,-192,0,64,0,96,0,24,0,-16,0,-8,0,0,0,1 # compose_4x6 r=0
10,0,0,0,0,0,-30,0,0,0,0,0,24,0,0,0,0,0,-8,0,0,0,0,0,1 # compose_4x6 r=4
257,512,384,128,16,0,256,384,192,32,0,0,96,96,24,0,0,0,16,8,0,0,0,0,1 # compose_4x6 r=0
275,0,0,0,528,0,264,0,388,0,388,0,225,0,192,0,112,0,48,0,24,0,8,0,1 # compose_4x6 r=0
46441,0,0,46548,-46548,0,19422,-38844,19422,4319,-12957,12957,-3779,-2160,3240,-2124,360,360,-359,174,-21,-20,15,-6,1 # compose_6x4 r=0
9,0,0,0,0,0,-9,0,0,0,0,0,10,0,0,0,0,0,-2,0,0,0,0,0,1 # compose_2x12 r=0
11,0,0,0,23,0,-23,0,19,0,-38,0,26,0,-21,0,22,0,-11,0,6,0,-4,0,1 # compose_4x6 r=0
77,-214,216,-96,16,0,107,-216,144,-32,0,0,54,-72,24,0,0,0,12,-8,0,0,0,0,1 # compose_4x6 r=0
267,0,259,0,96,0,-243,0,-191,0,-48,0,92,0,48,0,6,0,-16,0,-4,0,0,0,1 # compose_4x6 r=4
3,0,0,0,0,0,0,6,0,0,0,0,-6,0,1,0,0,0,0,-2,0,0,0,0,1 # compose_2x12 r=4
623,0,0,0,-1000,0,500,0,600,0,-600,0,-10,0,240,0,-104,0,-12,0,24,0,-8,0,1 # compose_4x6 r=0
3,0,0,0,-5,0,0,0,1,0,0,0,5,0,0,0,-2,0,0,0,0,0,0,0,1 # compose_2x12 r=0
5,0,12,0,6,0,1,0,12,0,12,0,3,0,0,0,6,0,3,0,0,0,0,0,1 # compose_3x8 r=0
11,0,0,0,0,0,0,0,0,0,0,-12,-6,0,0,0,0,0,0,0,0,0,4,4,1 # compose_2x12 r=0
31,0,0,11,0,0,1,0,0,0,0,0,11,0,0,2,0,0,0,0,0,0,0,0,1 # compose_2x12 r=0
15617,0,0,0,18749,0,0,0,9375,0,0,0,2500,0,0,0,375,0,0,0,30,0,0,0,1 # compose_6x4 r=0
27,0,0,0,0,0,0,0,0,0,11,0,-11,0,0,0,0,0,0,0,1,0,-2,0,1 # compose_2x12 r=4
46665,0,-93314,0,124417,0,-112320,0,79920,0,-44352,0,20224,0,-7392,0,2220,0,-520,0,96,0,-12,0,1 # compose_6x4 r=0
1313,0,0,0,0,0,867,0,0,0,0,0,216,0,0,0,0,0,24,0,0,0,0,0,1 # compose_4x6 r=0
17,0,0,0,0,30,0,0,15,0,24,0,0,24,0,8,6,0,12,0,0,6,0,0,1 # compose_3x8 r=0
243,0,-506,0,384,0,125,0,-368,0,192,0,64,0,-96,0,24,0,16,0,-8,0,0,0,1 # compose_4x6 r=0
5,0,14,0,53,0,100,0,15,0,-168,0,-76,0,168,0,15,0,-100,0,54,0,-12,0,1 # compose_6x4 r=0
18,0,0,0,0,0,0,12,0,0,0,0,6,0,4,0,0,0,0,4,0,0,0,0,1 # compose_2x12 r=0
31,0,0,-88,0,0,152,0,0,-172,0,0,139,0,0,-80,0,0,32,0,0,-8,0,0,1 # compose_4x6 r=0
129,0,0,0,-76,0,0,0,91,0,0,0,-31,0,0,0,18,0,0,0,-3,0,0,0,1 # compose_3x8 r=0
781,0,-586,0,166,0,565,0,-331,0,63,0,162,0,-63,0,6,0,21,0,-4,0,0,0,1 # compose_4x6 r=0
27,0,0,0,0,-40,-40,0,0,0,26,52,26,0,0,-8,-24,-24,-8,0,1,4,6,4,1 # compose_4x6 r=0
703,0,0,-1431,1431,0,1206,-2412,1206,-539,1617,-1617,674,-540,810,-558,225,-180,181,-96,33,-20,15,-6,1 # compose_6x4 r=0
15623,0,0,-18750,-18750,0,9375,18750,9375,-2500,-7500,-7500,-2125,1500,2250,1470,225,-300,-299,-144,-15,20,15,6,1 # compose_6x4 r=4
8,0,0,0,0,0,0,0,0,14,0,0,-7,0,0,0,0,0,4,0,0,-4,0,0,1 # compose_2x12 r=4
30,0,0,0,0,0,0,0,12,0,0,0,-12,0,0,0,1,0,0,0,-2,0,0,0,1 # compose_2x12 r=4
208,0,0,0,0,0,0,107,107,0,0,0,0,0,18,36,18,0,0,0,0,1,3,3,1 # compose_3x8 r=0
57,0,0,-180,-180,0,234,468,234,-159,-477,-477,-99,240,360,228,0,-120,-119,-54,3,20,15,6,1 # compose_6x4 r=0
14,0,0,0,0,28,0,0,14,0,24,0,0,24,0,8,6,0,12,0,0,6,0,0,1 # compose_3x8 r=0
15249,-37050,37320,-19976,24525,-38280,30028,-12000,11730,-15174,9000,-2400,2737,-3000,1200,-160,375,-300,60,0,30,-12,0,0,1 # compose_6x4 r=0
20,0,0,0,0,0,0,-22,0,0,0,0,11,0,4,0,0,0,0,-4,0,0,0,0,1 # compose_2x12 r=0
3,0,0,-2,0,0,3,0,2,-1,0,-6,0,0,3,0,3,0,0,-3,0,0,0,0,1 # compose_3x8 r=0
19,0,0,0,0,-18,0,0,0,0,4,0,9,0,0,0,0,-4,0,0,0,0,0,0,1 # compose_2x12 r=0
15878,0,0,0,18900,0,0,0,9405,0,0,0,2502,0,0,0,375,0,0,0,30,0,0,0,1 # compose_6x4 r=0
15,0,0,0,0,0,0,0,12,0,0,0,-6,0,0,0,4,0,0,0,-4,0,0,0,1 # compose_2x12 r=0
813,0,0,3078,-1539,0,4968,-4968,1242,4344,-6516,3258,1617,-4320,3240,-504,-1305,1440,-656,-12,222,-160,60,-12,1 # compose_6x4 r=0
305,-280,99,-16,1,0,280,-198,48,-4,0,0,99,-48,6,0,0,0,16,-4,0,0,0,0,1 # compose_4x6 r=0
7,0,20,0,21,0,28,0,43,0,24,0,25,0,24,0,6,0,8,0,4,0,0,0,1 # compose_4x6 r=0
10,0,-24,0,22,0,-32,0,45,0,-24,0,26,0,-24,0,6,0,-8,0,4,0,0,0,1 # compose_4x6 r=0
21,0,0,0,0,18,0,0,0,0,4,0,-9,0,0,0,0,-4,0,0,0,0,0,0,1 # compose_2x12 r=0
301,0,0,0,0,0,280,0,0,0,0,0,99,0,0,0,0,0,16,0,0,0,0,0,1 # compose_4x6 r=0
786,0,0,-3024,-1512,0,4932,4932,1233,-4336,-6504,-3252,1618,4320,3240,504,-1305,-1440,-656,12,222,160,60,12,1 # compose_6x4 r=0
106,-126,57,-12,1,0,126,-114,36,-4,0,0,57,-36,6,0,0,0,12,-4,0,0,0,0,1 # compose_4x6 r=0
9,0,0,0,0,0,0,0,-10,0,0,0,-5,0,0,0,4,0,0,0,4,0,0,0,1 # compose_2x12 r=0
3,0,0,0,0,0,0,0,0,0,-6,0,3,0,0,0,0,0,0,0,4,0,-4,0,1 # compose_2x12 r=0
4,0,-6,0,7,0,-10,0,15,0,-12,0,11,0,-12,0,6,0,-4,0,4,0,0,0,1 # compose_4x6 r=0
41,24,4,0,0,0,0,0,0,0,0,0,-12,-4,0,0,0,0,0,0,0,0,0,0,1 # compose_2x12 r=0
3967,0,6048,0,-2232,0,-6354,0,222,0,2898,0,43,0,-726,0,15,0,100,0,-9,0,-6,0,1 # compose_6x4 r=4
24,0,0,0,0,0,0,25,25,0,0,0,0,0,9,18,9,0,0,0,0,1,3,3,1 # compose_3x8 r=0
87,0,0,0,111,0,111,0,54,0,108,0,66,0,36,0,37,0,16,0,6,0,4,0,1 # compose_4x6 r=0
10,0,0,0,-1,0,0,0,1,0,0,0,1,0,0,0,-2,0,0,0,0,0,0,0,1 # compose_2x12 r=0
1315,0,0,0,0,0,-867,0,0,0,0,0,216,0,0,0,0,0,-24,0,0,0,0,0,1 # compose_4x6 r=4
65,49,12,1,0,0,0,0,49,24,3,0,0,0,0,0,12,3,0,0,0,0,0,0,1 # compose_3x8 r=0
249,0,0,-510,0,0,129,0,0,256,0,0,-80,0,0,-64,0,0,8,0,0,8,0,0,1 # compose_4x6 r=4
31,0,0,0,0,0,0,0,11,0,0,0,-11,0,0,0,1,0,0,0,-2,0,0,0,1 # compose_2x12 r=0
13,0,0,0,0,0,-28,0,14,0,0,0,24,0,-24,0,6,0,-8,0,12,0,-6,0,1 # compose_3x8 r=0
3901,6000,3804,1277,6240,7632,3832,960,3924,3837,1440,240,1292,960,240,20,240,120,15,0,24,6,0,0,1 # compose_6x4 r=0
10,0,0,0,0,0,0,0,0,0,0,0,-3,0,0,0,0,0,0,0,0,0,0,0,1 # compose_2x12 r=0
1,0,0,0,6,0,0,0,1,0,0,0,-6,0,0,0,-2,0,0,0,0,0,0,0,1 # compose_2x12 r=4
4161,0,6192,0,10044,0,8985,0,7935,0,4827,0,2842,0,1206,0,495,0,140,0,39,0,6,0,1 # compose_6x4 r=0
53,0,14,0,1,0,0,0,0,0,0,0,-14,0,-2,0,0,0,0,0,0,0,0,0,1 # compose_2x12 r=0
205,215,85,15,1,0,215,170,45,4,0,0,85,45,6,0,0,0,15,4,0,0,0,0,1 # compose_4x6 r=0
17,0,0,0,0,0,0,9,0,0,0,0,9,0,1,0,0,0,0,2,0,0,0,0,1 # compose_2x12 r=0
14,0,0,0,0,0,0,-8,0,0,0,0,-8,0,1,0,0,0,0,2,0,0,0,0,1 # compose_2x12 r=4
15747,0,0,18825,18825,0,9390,18780,9390,2501,7503,7503,2876,1500,2250,1530,525,300,301,156,45,20,15,6,1 # compose_6x4 r=0
1257,0,-1704,0,860,0,660,0,-844,0,288,0,183,0,-144,0,24,0,24,0,-8,0,0,0,1 # compose_4x6 r=0
29,0,11,0,1,0,0,0,0,0,0,0,11,0,2,0,0,0,0,0,0,0,0,0,1 # compose_2x12 r=0
1313,-1734,864,-192,16,0,-867,864,-288,32,0,0,216,-144,24,0,0,0,-24,8,0,0,0,0,1 # compose_4x6 r=4
4,0,0,-18,9,0,72,-72,18,-168,252,-126,261,-480,360,-312,495,-480,304,-252,246,-160,60,-12,1 # compose_6x4 r=0
27,0,0,0,40,0,-40,0,26,0,-52,0,34,0,-24,0,25,0,-12,0,6,0,-4,0,1 # compose_4x6 r=0
1401,0,0,1800,0,0,-24,0,0,-684,0,0,-53,0,0,112,0,0,0,0,0,-8,0,0,1 # compose_4x6 r=4
3,0,0,0,0,3,-3,0,0,0,6,-12,6,0,0,4,-12,12,-4,0,1,-4,6,-4,1 # compose_4x6 r=0
9,0,0,0,0,0,0,0,0,-8,0,0,4,0,0,0,0,0,4,0,0,-4,0,0,1 # compose_2x12 r=0
84,0,0,0,0,216,-108,0,0,0,216,-216,54,0,0,96,-144,72,-12,0,16,-32,24,-8,1 # compose_4x6 r=0
33,0,0,0,0,0,0,12,0,0,0,0,-12,0,1,0,0,0,0,-2,0,0,0,0,1 # compose_2x12 r=4
109,0,-72,0,15,0,-1,0,72,0,-30,0,3,0,0,0,15,0,-3,0,0,0,0,0,1 # compose_3x8 r=0
71,0,0,0,0,102,102,0,0,0,53,106,53,0,0,12,36,36,12,0,1,4,6,4,1 # compose_4x6 r=0
46439,0,0,0,46548,0,0,0,19422,0,0,0,4319,0,0,0,540,0,0,0,36,0,0,0,1 # compose_6x4 r=0
232,0,0,0,0,0,-222,0,111,0,0,0,72,0,-72,0,18,0,-8,0,12,0,-6,0,1 # compose_3x8 r=0
3,0,0,-3,0,0,1,0,0,0,0,0,3,0,0,-2,0,0,0,0,0,0,0,0,1 # compose_2x12 r=0
46641,0,0,46653,46653,0,19440,38880,19440,4320,12960,12960,4860,2160,3240,2196,720,360,361,186,51,20,15,6,1 # compose_6x4 r=0
43,0,135,0,44,0,-231,0,-151,0,188,0,125,0,-100,0,-44,0,35,0,4,0,-6,0,1 # compose_6x4 r=0
46673,0,93318,0,31101,0,-43200,0,-23760,0,9792,0,5824,0,-1632,0,-660,0,200,0,24,0,-12,0,1 # compose_6x4 r=4
727,0,0,-1457,1457,0,1215,-2430,1215,-540,1620,-1620,675,-540,810,-558,225,-180,181,-96,33,-20,15,-6,1 # compose_6x4 r=0
1,0,0,0,14,0,-7,0,24,0,-24,0,38,0,-48,0,40,0,-36,0,24,0,-8,0,1 # compose_4x6 r=4
46639,46653,19440,4320,-46113,-38844,-12959,-2160,19260,12954,3240,360,-4305,-2160,-360,-20,540,180,15,0,-36,-6,0,0,1 # compose_6x4 r=4
1223,0,0,0,0,0,-840,0,0,0,0,0,214,0,0,0,0,0,-24,0,0,0,0,0,1 # compose_4x6 r=4
54,0,0,0,0,0,-28,0,0,0,0,0,-10,0,0,0,0,0,4,0,0,0,0,0,1 # compose_2x12 r=0
30,0,0,0,0,0,0,0,0,0,0,0,-10,0,0,0,0,0,0,0,0,0,0,0,1 # compose_2x12 r=0
302,560,396,128,16,0,-280,-396,-192,-32,0,0,99,96,24,0,0,0,-16,-8,0,0,0,0,1 # compose_4x6 r=4
47,0,0,0,0,-15,0,0,0,0,1,0,15,0,0,0,0,-2,0,0,0,0,0,0,1 # compose_2x12 r=0
12,0,18,0,4,0,0,0,0,0,0,0,-9,0,-4,0,0,0,0,0,0,0,0,0,1 # compose_2x12 r=4
31,0,0,0,-11,0,0,0,1,0,0,0,11,0,0,0,-2,0,0,0,0,0,0,0,1 # compose_2x12 r=0
6,0,-12,0,12,0,-8,0,6,0,-12,0,12,0,0,0,3,0,-6,0,0,0,0,0,1 # compose_3x8 r=0
92,0,0,0,-228,0,-114,0,220,0,220,0,-41,0,-144,0,-56,0,20,0,24,0,8,0,1 # compose_4x6 r=0
15249,0,-18525,0,-9195,0,16163,0,2214,0,-6021,0,-396,0,1206,0,90,0,-130,0,-15,0,6,0,1 # compose_6x4 r=4
53,0,-92,0,48,0,-8,0,46,0,-48,0,12,0,0,0,12,0,-6,0,0,0,0,0,1 # compose_3x8 r=0
549,-470,147,-20,1,0,-470,294,-60,4,0,0,147,-60,6,0,0,0,-20,4,0,0,0,0,1 # compose_4x6 r=4
46223,0,0,0,-46440,0,0,0,19404,0,0,0,-4318,0,0,0,540,0,0,0,-36,0,0,0,1 # compose_6x4 r=4
41,0,0,0,0,0,0,0,-11,0,0,0,-11,0,0,0,1,0,0,0,2,0,0,0,1 # compose_2x12 r=0
5,0,0,0,0,0,-5,0,5,0,0,0,3,0,-6,0,3,0,-1,0,3,0,-3,0,1 # compose_3x8 r=0
38,0,28,0,4,0,0,0,0,0,0,0,-14,0,-4,0,0,0,0,0,0,0,0,0,1 # compose_2x12 r=4
59,-15,1,0,0,0,0,0,0,0,0,0,15,-2,0,0,0,0,0,0,0,0,0,0,1 # compose_2x12 r=0
246,0,0,-254,0,0,-158,0,0,176,0,0,49,0,0,-44,0,0,-10,0,0,4,0,0,1 # compose_4x6 r=4
39,0,0,13,0,0,1,0,0,0,0,0,-13,0,0,-2,0,0,0,0,0,0,0,0,1 # compose_2x12 r=4
16,0,0,0,0,0,0,0,6,0,0,0,6,0,0,0,1,0,0,0,2,0,0,0,1 # compose_2x12 r=0
1298,0,-1728,0,864,0,672,0,-848,0,288,0,184,0,-144,0,24,0,24,0,-8,0,0,0,1 # compose_4x6 r=0
1297,1728,864,192,16,0,-864,-864,-288,-32,0,0,216,144,24,0,0,0,-24,-8,0,0,0,0,1 # compose_4x6 r=0
574,0,0,0,0,0,480,0,0,0,0,0,148,0,0,0,0,0,20,0,0,0,0,0,1 # compose_4x6 r=0
237,0,0,496,0,0,132,0,0,-252,0,0,-81,0,0,64,0,0,8,0,0,-8,0,0,1 # compose_4x6 r=4
50,0,168,0,396,0,614,0,762,0,726,0,579,0,366,0,195,0,80,0,27,0,6,0,1 # compose_6x4 r=0
-2,0,0,-12,-6,0,60,60,15,-160,-240,-120,220,480,360,-72,-465,-480,-176,132,234,160,60,12,1 # compose_6x4 r=4
5,0,0,0,0,0,-18,0,9,0,0,0,24,0,-24,0,6,0,-8,0,12,0,-6,0,1 # compose_3x8 r=0
83,0,-218,0,216,0,-205,0,232,0,-144,0,86,0,-72,0,24,0,-12,0,8,0,0,0,1 # compose_4x6 r=4
66,0,0,-192,-192,0,240,480,240,-160,-480,-480,-100,240,360,228,0,-120,-119,-54,3,20,15,6,1 # compose_6x4 r=0
621,499,150,20,1,0,-499,-300,-60,-4,0,0,150,60,6,0,0,0,-20,-4,0,0,0,0,1 # compose_4x6 r=0
11,0,5,0,1,0,0,0,0,0,0,0,-5,0,-2,0,0,0,0,0,0,0,0,0,1 # compose_2x12 r=0
629,0,0,0,0,0,-501,0,0,0,0,0,150,0,0,0,0,0,-20,0,0,0,0,0,1 # compose_4x6 r=4
15248,0,0,18525,18525,0,9330,18660,9330,2497,7491,7491,2872,1500,2250,1530,525,300,301,156,45,20,15,6,1 # compose_6x4 r=0
46661,0,0,0,46657,0,0,0,19440,0,0,0,4320,0,0,0,540,0,0,0,36,0,0,0,1 # compose_6x4 r=0
1,0,0,0,10,0,5,0,24,0,24,0,38,0,48,0,40,0,36,0,24,0,8,0,1 # compose_4x6 r=0
213,0,0,0,-216,0,0,0,180,0,0,0,-80,0,0,0,30,0,0,0,-6,0,0,0,1 # compose_3x8 r=0
29,0,-88,0,108,0,-20,0,-92,0,96,0,-5,0,-48,0,24,0,8,0,-8,0,0,0,1 # compose_4x6 r=0
1334,0,0,0,0,0,-876,0,0,0,0,0,217,0,0,0,0,0,-24,0,0,0,0,0,1 # compose_4x6 r=0
267,0,0,0,0,516,258,0,0,0,384,384,96,0,0,128,192,96,16,0,16,32,24,8,1 # compose_4x6 r=0
29,0,0,0,44,0,44,0,27,0,54,0,35,0,24,0,25,0,12,0,6,0,4,0,1 # compose_4x6 r=0
46659,-93314,77760,-34560,-38017,76608,-51776,17280,16560,-25728,12960,-2880,-4080,4320,-1440,160,540,-360,60,0,-36,12,0,0,1 # compose_6x4 r=4
45,0,0,0,0,0,0,0,0,0,24,0,-12,0,0,0,0,0,0,0,4,0,-4,0,1 # compose_2x12 r=0
219,109,18,1,0,0,0,0,109,36,3,0,0,0,0,0,18,3,0,0,0,0,0,0,1 # compose_3x8 r=0
23,-9,1,0,0,0,0,0,0,0,0,0,-9,2,0,0,0,0,0,0,0,0,0,0,1 # compose_2x12 r=0
553,-470,147,-20,1,0,-470,294,-60,4,0,0,147,-60,6,0,0,0,-20,4,0,0,0,0,1 # compose_4x6 r=0
25,0,0,0,0,0,0,0,0,8,0,0,8,0,0,0,0,0,1,0,0,2,0,0,1 # compose_2x12 r=0
207,0,0,0,0,-232,-232,0,0,0,93,186,93,0,0,-16,-48,-48,-16,0,1,4,6,4,1 # compose_4x6 r=4
15633,37502,37500,20000,-12751,-36540,-29936,-12000,6975,14808,9000,2400,-2260,-3000,-1200,-160,375,300,60,0,-30,-12,0,0,1 # compose_6x4 r=0
13,0,0,0,0,0,0,0,0,-10,0,0,-10,0,0,0,0,0,1,0,0,2,0,0,1 # compose_2x12 r=4
226,220,72,8,0,0,0,0,110,72,12,0,0,0,0,0,18,6,0,0,0,0,0,0,1 # compose_3x8 r=0
15611,0,-37494,0,18753,0,17500,0,-14625,0,-3960,0,4164,0,792,0,-585,0,-140,0,30,0,12,0,1 # compose_6x4 r=4
65,0,0,0,-96,0,-96,0,52,0,104,0,40,0,-36,0,-35,0,-8,0,6,0,4,0,1 # compose_4x6 r=0
4,0,10,0,24,0,27,0,-8,0,-48,0,-26,0,24,0,24,0,-4,0,-8,0,0,0,1 # compose_4x6 r=0
614,0,498,0,150,0,-478,0,-299,0,-60,0,146,0,60,0,6,0,-20,0,-4,0,0,0,1 # compose_4x6 r=4
13,0,0,0,0,0,0,0,0,0,14,0,7,0,0,0,0,0,0,0,4,0,4,0,1 # compose_2x12 r=0
29,0,0,88,0,0,152,0,0,172,0,0,139,0,0,80,0,0,32,0,0,8,0,0,1 # compose_4x6 r=0
21,0,-9,0,1,0,0,0,0,0,0,0,9,0,-2,0,0,0,0,0,0,0,0,0,1 # compose_2x12 r=0
15607,-37494,37500,-20000,24747,-38460,30064,-12000,11775,-15192,9000,-2400,2740,-3000,1200,-160,375,-300,60,0,30,-12,0,0,1 # compose_6x4 r=0
-3,0,0,-12,0,0,4,0,0,0,0,0,-6,0,0,4,0,0,0,0,0,0,0,0,1 # compose_2x12 r=4
38,0,0,0,0,0,0,0,-24,0,0,0,12,0,0,0,4,0,0,0,-4,0,0,0,1 # compose_2x12 r=0
212,0,0,0,-214,0,0,0,179,0,0,0,-80,0,0,0,30,0,0,0,-6,0,0,0,1 # compose_3x8 r=0
-2,0,0,0,0,0,36,36,9,-144,-216,-108,222,480,360,-72,-465,-480,-176,132,234,160,60,12,1 # compose_6x4 r=4
79,0,0,0,0,0,102,0,51,0,0,0,48,0,48,0,12,0,8,0,12,0,6,0,1 # compose_3x8 r=0
11,0,0,0,0,0,23,0,0,0,0,0,19,0,0,0,0,0,7,0,0,0,0,0,1 # compose_4x6 r=0
43,0,24,0,4,0,0,0,0,0,0,0,-12,0,-4,0,0,0,0,0,0,0,0,0,1 # compose_2x12 r=0
5,0,0,0,0,0,0,0,0,0,0,-14,-7,0,0,0,0,0,0,0,0,0,4,4,1 # compose_2x12 r=4
83,0,0,0,-109,0,109,0,54,0,-108,0,42,0,36,0,-35,0,8,0,6,0,-4,0,1 # compose_4x6 r=0
20,0,0,0,0,0,0,0,-22,0,0,0,11,0,0,0,4,0,0,0,-4,0,0,0,1 # compose_2x12 r=0
1311,0,0,-1732,0,0,1730,0,0,-1056,0,0,520,0,0,-176,0,0,48,0,0,-8,0,0,1 # compose_4x6 r=0
1303,0,-1730,0,864,0,673,0,-848,0,288,0,184,0,-144,0,24,0,24,0,-8,0,0,0,1 # compose_4x6 r=0
1186,0,0,0,1656,0,828,0,852,0,852,0,405,0,288,0,160,0,56,0,24,0,8,0,1 # compose_4x6 r=0
599,0,0,0,-490,0,-490,0,149,0,298,0,129,0,-60,0,-59,0,-16,0,6,0,4,0,1 # compose_4x6 r=4
16,0,0,0,0,0,0,0,0,0,0,-5,-5,0,0,0,0,0,0,0,0,0,1,2,1 # compose_2x12 r=0
5,0,0,0,0,0,0,0,1,0,0,0,0,0,0,0,-2,0,0,0,0,0,0,0,1 # compose_2x12 r=0
46639,0,0,-93306,46653,0,77760,-77760,19440,-34560,51840,-25920,12960,-17280,12960,-5472,3420,-2880,1504,-552,276,-160,60,-12,1 # compose_6x4 r=0
21,0,0,0,0,0,0,-9,0,0,0,0,9,0,1,0,0,0,0,-2,0,0,0,0,1 # compose_2x12 r=0
4106,0,0,0,-6147,0,0,0,3840,0,0,0,-1280,0,0,0,240,0,0,0,-24,0,0,0,1 # compose_6x4 r=4
2,0,2,0,12,0,8,0,1,0,12,0,12,0,0,0,3,0,6,0,0,0,0,0,1 # compose_3x8 r=0
17,0,0,0,0,0,0,0,0,0,-20,0,-10,0,0,0,0,0,0,0,4,0,4,0,1 # compose_2x12 r=4
4,0,0,0,0,5,-5,0,0,0,6,-12,6,0,0,4,-12,12,-4,0,1,-4,6,-4,1 # compose_4x6 r=0
26,20,4,0,0,0,0,0,0,0,0,0,10,4,0,0,0,0,0,0,0,0,0,0,1 # compose_2x12 r=0
8,0,0,0,0,-8,0,0,0,0,4,0,4,0,0,0,0,-4,0,0,0,0,0,0,1 # compose_2x12 r=0
35,0,11,0,1,0,0,0,0,0,0,0,11,0,2,0,0,0,0,0,0,0,0,0,1 # compose_2x12 r=0
15251,0,37050,0,18795,0,-17344,0,-14634,0,3942,0,4167,0,-792,0,-585,0,140,0,30,0,-12,0,1 # compose_6x4 r=4
13,0,0,0,0,0,-9,0,0,0,0,0,-8,0,0,0,0,0,2,0,0,0,0,0,1 # compose_2x12 r=4
4,0,0,0,0,0,0,11,11,0,0,0,0,0,6,12,6,0,0,0,0,1,3,3,1 # compose_3x8 r=0
15637,18753,9375,2500,-18378,-18720,-7499,-1500,9225,7494,2250,300,-2485,-1500,-300,-20,375,150,15,0,-30,-6,0,0,1 # compose_6x4 r=4
3966,6048,3816,1278,-5808,-7608,-3833,-960,3696,3828,1440,240,-1263,-960,-240,-20,240,120,15,0,-24,-6,0,0,1 # compose_6x4 r=4
6,0,0,0,0,0,0,0,0,0,0,-12,6,0,0,0,0,0,0,0,0,0,4,-4,1 # compose_2x12 r=4
15641,18753,9375,2500,-18378,-18720,-7499,-1500,9225,7494,2250,300,-2485,-1500,-300,-20,375,150,15,0,-30,-6,0,0,1 # compose_6x4 r=4
16,0,0,0,0,0,0,0,-9,0,0,0,9,0,0,0,1,0,0,0,-2,0,0,0,1 # compose_2x12 r=0
1,0,0,0,0,16,8,0,0,0,32,32,8,0,0,32,48,24,4,0,16,32,24,8,1 # compose_4x6 r=4
15622,0,0,0,18749,0,0,0,9375,0,0,0,2500,0,0,0,375,0,0,0,30,0,0,0,1 # compose_6x4 r=0
78,0,0,0,0,-108,-108,0,0,0,54,108,54,0,0,-12,-36,-36,-12,0,1,4,6,4,1 # compose_4x6 r=4
697,0,530,0,153,0,-510,0,-305,0,-60,0,149,0,60,0,6,0,-20,0,-4,0,0,0,1 # compose_4x6 r=4
24,0,0,27,0,0,9,0,27,1,0,18,0,0,3,0,9,0,0,3,0,0,0,0,1 # compose_3x8 r=0
12,0,0,0,0,0,0,0,0,0,-18,0,-9,0,0,0,0,0,0,0,4,0,4,0,1 # compose_2x12 r=4
4097,0,12290,0,21505,0,25600,0,23040,0,16128,0,9024,0,4032,0,1440,0,400,0,84,0,12,0,1 # compose_6x4 r=0
33,0,0,0,0,56,0,0,28,0,36,0,0,36,0,8,9,0,12,0,0,6,0,0,1 # compose_3x8 r=0
131,0,0,0,0,0,-76,0,76,0,0,0,15,0,-30,0,15,0,-1,0,3,0,-3,0,1 # compose_3x8 r=0
46653,-93312,77760,-34560,-38016,76608,-51776,17280,16560,-25728,12960,-2880,-4080,4320,-1440,160,540,-360,60,0,-36,12,0,0,1 # compose_6x4 r=4
18,0,32,0,24,0,-24,0,-47,0,-24,0,20,0,24,0,6,0,-8,0,-4,0,0,0,1 # compose_4x6 r=0
15,0,0,0,12,0,0,0,4,0,0,0,-6,0,0,0,-4,0,0,0,0,0,0,0,1 # compose_2x12 r=0
4095,0,0,0,6143,0,0,0,3840,0,0,0,1280,0,0,0,240,0,0,0,24,0,0,0,1 # compose_6x4 r=0
12,0,0,-10,0,0,4,0,0,0,0,0,-5,0,0,4,0,0,0,0,0,0,0,0,1 # compose_2x12 r=0
19,0,0,0,0,0,0,0,-10,0,0,0,10,0,0,0,1,0,0,0,-2,0,0,0,1 # compose_2x12 r=0
1335,0,0,0,0,0,876,0,0,0,0,0,217,0,0,0,0,0,24,0,0,0,0,0,1 # compose_4x6 r=0
254,0,0,0,512,0,-256,0,384,0,-384,0,224,0,-192,0,112,0,-48,0,24,0,-8,0,1 # compose_4x6 r=4
46675,-46659,19440,-4320,-46119,38844,-12959,2160,19260,-12954,3240,-360,-4305,2160,-360,20,540,-180,15,0,-36,6,0,0,1 # compose_6x4 r=4
46875,46764,19458,4321,47304,38952,12964,2160,19638,12969,3240,360,4336,2160,360,20,540,180,15,0,36,6,0,0,1 # compose_6x4 r=0
13,0,0,-28,0,0,24,0,14,-8,0,-24,0,0,12,0,6,0,0,-6,0,0,0,0,1 # compose_3x8 r=0
93,0,-228,0,220,0,-210,0,236,0,-144,0,87,0,-72,0,24,0,-12,0,8,0,0,0,1 # compose_4x6 r=0
11,0,0,0,0,6,0,0,0,0,1,0,-6,0,0,0,0,-2,0,0,0,0,0,0,1 # compose_2x12 r=0
3970,0,0,-12096,-6048,0,15264,15264,3816,-10224,-15336,-7668,2562,7680,5760,1152,-1680,-1920,-896,-48,216,160,60,12,1 # compose_6x4 r=0
5,0,0,0,0,0,0,0,0,0,-3,0,0,6,0,-1,-3,0,3,0,0,-3,0,0,1 # compose_3x8 r=0
13,0,0,0,0,14,0,0,0,0,4,0,7,0,0,0,0,4,0,0,0,0,0,0,1 # compose_2x12 r=0
25,0,0,0,0,0,0,0,0,0,-12,0,-12,0,0,0,0,0,0,0,1,0,2,0,1 # compose_2x12 r=4
7,0,0,0,0,0,0,0,0,0,-6,0,-6,0,0,0,0,0,0,0,1,0,2,0,1 # compose_2x12 r=4
87,0,228,0,486,0,679,0,807,0,741,0,584,0,366,0,195,0,80,0,27,0,6,0,1 # compose_6x4 r=0
41,0,0,0,156,0,0,0,222,0,0,0,157,0,0,0,60,0,0,0,12,0,0,0,1 # compose_6x4 r=0
15623,0,-37500,0,18750,0,17500,0,-14625,0,-3960,0,4164,0,792,0,-585,0,-140,0,30,0,12,0,1 # compose_6x4 r=4
808,0,0,-3078,1539,0,4968,-4968,1242,-4344,6516,-3258,2703,-4320,3240,-1656,1575,-1440,784,-372,258,-160,60,-12,1 # compose_6x4 r=0
38,0,0,0,12,0,0,0,1,0,0,0,-12,0,0,0,-2,0,0,0,0,0,0,0,1 # compose_2x12 r=0
5461,15474,18356,11656,11913,19156,17548,8352,6589,8934,6264,2000,1697,2088,1000,160,261,250,60,0,25,12,0,0,1 # compose_6x4 r=0
20,0,0,0,0,0,0,0,0,0,-14,0,7,0,0,0,0,0,0,0,4,0,-4,0,1 # compose_2x12 r=0
6,0,6,0,4,0,0,0,0,0,0,0,-3,0,-4,0,0,0,0,0,0,0,0,0,1 # compose_2x12 r=0
230,0,0,110,0,0,18,0,110,1,0,36,0,0,3,0,18,0,0,3,0,0,0,0,1 # compose_3x8 r=0
46637,0,0,-46653,-46653,0,19440,38880,19440,-4320,-12960,-12960,-3780,2160,3240,2124,360,-360,-359,-174,-21,20,15,6,1 # compose_6x4 r=4
65,0,0,49,0,0,12,0,49,1,0,24,0,0,3,0,12,0,0,3,0,0,0,0,1 # compose_3x8 r=0
47305,0,0,0,-46980,0,0,0,19494,0,0,0,-4323,0,0,0,540,0,0,0,-36,0,0,0,1 # compose_6x4 r=4
8,0,0,0,0,0,0,0,0,0,0,-2,1,0,0,0,0,0,0,0,0,0,4,-4,1 # compose_2x12 r=0
17,0,0,0,0,0,-7,0,0,0,0,0,-6,0,0,0,0,0,2,0,0,0,0,0,1 # compose_2x12 r=0
255,0,0,0,-255,0,-255,0,96,0,192,0,80,0,-48,0,-47,0,-12,0,6,0,4,0,1 # compose_4x6 r=0
17,0,0,0,0,0,0,0,7,0,0,0,7,0,0,0,1,0,0,0,2,0,0,0,1 # compose_2x12 r=0
59,0,-191,0,49,0,320,0,-180,0,-252,0,141,0,126,0,-45,0,-40,0,3,0,6,0,1 # compose_6x4 r=4
231,0,0,0,0,0,-222,0,111,0,0,0,72,0,-72,0,18,0,-8,0,12,0,-6,0,1 # compose_3x8 r=0
31,0,0,0,0,0,0,0,0,0,0,-18,-9,0,0,0,0,0,0,0,0,0,4,4,1 # compose_2x12 r=0
46439,-93096,77688,-34552,55188,-78840,51892,-17280,22302,-26106,12960,-2880,4559,-4320,1440,-160,540,-360,60,0,36,-12,0,0,1 # compose_6x4 r=0
4,0,0,14,-7,0,60,-60,15,160,-240,120,220,-480,360,72,-465,480,-176,-132,234,-160,60,-12,1 # compose_6x4 r=0
9,0,0,0,0,0,0,4,0,0,0,0,4,0,1,0,0,0,0,2,0,0,0,0,1 # compose_2x12 r=0
27,0,0,0,0,0,0,0,0,0,0,11,11,0,0,0,0,0,0,0,0,0,1,2,1 # compose_2x12 r=0
19,0,0,0,-70,0,35,0,96,0,-96,0,-40,0,96,0,-32,0,-24,0,24,0,-8,0,1 # compose_4x6 r=4
52,0,0,0,0,0,0,0,0,0,-30,0,-15,0,0,0,0,0,0,0,4,0,4,0,1 # compose_2x12 r=4
623,-998,600,-160,16,0,499,-600,240,-32,0,0,150,-120,24,0,0,0,20,-8,0,0,0,0,1 # compose_4x6 r=0
11,0,0,0,0,0,14,0,14,0,0,0,6,0,12,0,6,0,1,0,3,0,3,0,1 # compose_3x8 r=0
1294,0,0,0,0,-1728,864,0,0,0,864,-864,216,0,0,-192,288,-144,24,0,16,-32,24,-8,1 # compose_4x6 r=0
305,0,0,0,560,0,280,0,396,0,396,0,227,0,192,0,112,0,48,0,24,0,8,0,1 # compose_4x6 r=0
254,0,0,0,-255,0,-255,0,96,0,192,0,80,0,-48,0,-47,0,-12,0,6,0,4,0,1 # compose_4x6 r=0
59,0,0,-378,-189,0,960,960,240,-1280,-1920,-960,800,1920,1440,96,-900,-960,-416,72,228,160,60,12,1 # compose_6x4 r=4
46658,0,46656,0,-27216,0,-34560,0,7020,0,10836,0,-1259,0,-1806,0,195,0,160,0,-21,0,-6,0,1 # compose_6x4 r=0
41,0,0,0,0,0,0,-12,0,0,0,0,-12,0,1,0,0,0,0,2,0,0,0,0,1 # compose_2x12 r=0
673,0,0,1404,1404,0,1197,2394,1197,538,1614,1614,673,540,810,558,225,180,181,96,33,20,15,6,1 # compose_6x4 r=0
63,0,0,193,193,0,240,480,240,160,480,480,220,240,360,252,120,120,121,66,27,20,15,6,1 # compose_6x4 r=0
18,0,0,0,-34,0,34,0,24,0,-48,0,16,0,24,0,-23,0,4,0,6,0,-4,0,1 # compose_4x6 r=0
19,0,0,0,0,-64,32,0,0,0,96,-96,24,0,0,-64,96,-48,8,0,16,-32,24,-8,1 # compose_4x6 r=0
17,0,0,0,0,0,0,0,0,0,-9,0,9,0,0,0,0,0,0,0,1,0,-2,0,1 # compose_2x12 r=0
15248,0,0,0,18525,0,0,0,9330,0,0,0,2497,0,0,0,375,0,0,0,30,0,0,0,1 # compose_6x4 r=0
15,0,0,0,0,0,0,0,0,0,0,20,-10,0,0,0,0,0,0,0,0,0,4,-4,1 # compose_2x12 r=4
66,0,194,0,434,0,640,0,780,0,732,0,581,0,366,0,195,0,80,0,27,0,6,0,1 # compose_6x4 r=0
9,0,0,0,0,-8,0,0,0,0,4,0,-4,0,0,0,0,4,0,0,0,0,0,0,1 # compose_2x12 r=0
46665,0,0,0,-46657,0,0,0,19440,0,0,0,-4320,0,0,0,540,0,0,0,-36,0,0,0,1 # compose_6x4 r=0
46654,0,0,-46656,46656,0,19440,-38880,19440,-4320,12960,-12960,4860,-2160,3240,-2196,720,-360,361,-186,51,-20,15,-6,1 # compose_6x4 r=0
735,0,0,1459,-1459,0,1215,-2430,1215,540,-1620,1620,-405,-540,810,-522,45,180,-179,84,-3,-20,15,-6,1 # compose_6x4 r=0
121,0,0,0,0,74,0,0,74,0,15,0,0,30,0,1,15,0,3,0,0,3,0,0,1 # compose_3x8 r=0
4102,0,-6145,0,9985,0,-8960,0,7920,0,-4824,0,2841,0,-1206,0,495,0,-140,0,39,0,-6,0,1 # compose_6x4 r=0
4227,0,0,-12480,-6240,0,15456,15456,3864,-10256,-15384,-7692,2558,7680,5760,1152,-1680,-1920,-896,-48,216,160,60,12,1 # compose_6x4 r=0
67,0,0,-96,0,0,48,0,48,-8,0,-48,0,0,12,0,12,0,0,-6,0,0,0,0,1 # compose_3x8 r=0
45,0,0,0,0,0,0,0,0,0,0,0,-12,0,0,0,0,0,0,0,0,0,0,0,1 # compose_2x12 r=0
1277,0,0,0,0,861,-861,0,0,0,216,-432,216,0,0,24,-72,72,-24,0,1,-4,6,-4,1 # compose_4x6 r=4
631,1002,600,160,16,0,-501,-600,-240,-32,0,0,150,120,24,0,0,0,-20,-8,0,0,0,0,1 # compose_4x6 r=0
4034,0,-12192,0,21408,0,-25544,0,23016,0,-16122,0,9023,0,-4032,0,1440,0,-400,0,84,0,-12,0,1 # compose_6x4 r=0
45,0,0,0,0,0,0,0,0,-24,0,0,12,0,0,0,0,0,4,0,0,-4,0,0,1 # compose_2x12 r=0
7,0,-10,0,4,0,0,0,0,0,0,0,-5,0,4,0,0,0,0,0,0,0,0,0,1 # compose_2x12 r=0
73,0,-408,0,1188,0,-2272,0,3138,0,-3270,0,2625,0,-1632,0,780,0,-280,0,72,0,-12,0,1 # compose_6x4 r=0
3,0,4,0,12,0,8,0,2,0,12,0,12,0,0,0,3,0,6,0,0,0,0,0,1 # compose_3x8 r=0
15248,0,0,0,-18525,0,0,0,9330,0,0,0,-2497,0,0,0,375,0,0,0,-30,0,0,0,1 # compose_6x4 r=4
4223,0,0,6240,6240,0,3864,7728,3864,1282,3846,3846,1522,960,1440,984,360,240,241,126,39,20,15,6,1 # compose_6x4 r=0
1,0,0,0,0,0,0,-2,2,0,0,0,0,0,3,-6,3,0,0,0,0,-1,3,-3,1 # compose_3x8 r=0
9,0,0,0,0,-7,0,0,0,0,1,0,7,0,0,0,0,-2,0,0,0,0,0,0,1 # compose_2x12 r=0
4111,0,0,6147,6147,0,3840,7680,3840,1280,3840,3840,1520,960,1440,984,360,240,241,126,39,20,15,6,1 # compose_6x4 r=0
46653,0,93310,0,124415,0,112320,0,79920,0,44352,0,20224,0,7392,0,2220,0,520,0,96,0,12,0,1 # compose_6x4 r=0
1303,0,0,0,0,-865,865,0,0,0,216,-432,216,0,0,-24,72,-72,24,0,1,-4,6,-4,1 # compose_4x6 r=0
15619,0,0,18749,18749,0,9375,18750,9375,2500,7500,7500,2875,1500,2250,1530,525,300,301,156,45,20,15,6,1 # compose_6x4 r=0
22,0,0,0,0,0,0,-22,0,0,0,0,11,0,4,0,0,0,0,-4,0,0,0,0,1 # compose_2x12 r=0
697,0,0,1060,0,0,82,0,0,-452,0,0,-71,0,0,88,0,0,4,0,0,-8,0,0,1 # compose_4x6 r=4
30,0,0,0,0,0,0,0,0,0,0,0,-12,0,0,0,0,0,0,0,0,0,0,0,1 # compose_2x12 r=4
29,-12,1,0,0,0,0,0,0,0,0,0,12,-2,0,0,0,0,0,0,0,0,0,0,1 # compose_2x12 r=0
241,0,0,248,0,0,-153,0,0,-174,0,0,48,0,0,44,0,0,-10,0,0,-4,0,0,1 # compose_4x6 r=0
4107,0,0,-12292,6146,0,15360,-15360,3840,-10240,15360,-7680,5120,-7680,5760,-2688,2160,-1920,1024,-432,264,-160,60,-12,1 # compose_6x4 r=0
54,0,0,0,46,0,0,0,58,0,0,0,25,0,0,0,15,0,0,0,3,0,0,0,1 # compose_3x8 r=0
51,0,0,0,-180,0,90,0,204,0,-204,0,-45,0,144,0,-56,0,-20,0,24,0,-8,0,1 # compose_4x6 r=4
35,0,0,0,0,-26,0,0,0,0,4,0,-13,0,0,0,0,4,0,0,0,0,0,0,1 # compose_2x12 r=4
3,0,-12,0,12,0,-8,0,6,0,-12,0,12,0,0,0,3,0,-6,0,0,0,0,0,1 # compose_3x8 r=4
258,-256,96,-16,1,0,-256,192,-48,4,0,0,96,-48,6,0,0,0,-16,4,0,0,0,0,1 # compose_4x6 r=0
2,0,-4,0,20,0,-34,0,36,0,-48,0,37,0,-24,0,24,0,-4,0,8,0,0,0,1 # compose_4x6 r=0
46006,0,0,0,46332,0,0,0,19386,0,0,0,4317,0,0,0,540,0,0,0,36,0,0,0,1 # compose_6x4 r=0
15747,18825,9390,2501,-18450,-18750,-7502,-1500,9240,7497,2250,300,-2486,-1500,-300,-20,375,150,15,0,-30,-6,0,0,1 # compose_6x4 r=4
38,0,-12,0,1,0,0,0,0,0,0,0,-12,0,2,0,0,0,0,0,0,0,0,0,1 # compose_2x12 r=0
11,0,0,0,0,0,0,0,18,0,0,0,9,0,0,0,4,0,0,0,4,0,0,0,1 # compose_2x12 r=0
4086,0,-12284,0,9218,0,5120,0,-7680,0,-768,0,2624,0,192,0,-480,0,-80,0,36,0,12,0,1 # compose_6x4 r=4
1293,864,216,24,1,0,-864,-432,-72,-4,0,0,216,72,6,0,0,0,-24,-4,0,0,0,0,1 # compose_4x6 r=4
31,0,0,0,0,0,0,0,0,-20,0,0,-10,0,0,0,0,0,4,0,0,4,0,0,1 # compose_2x12 r=0
2,0,6,0,6,0,10,0,13,0,12,0,10,0,12,0,6,0,4,0,4,0,0,0,1 # compose_4x6 r=0
20,0,0,0,0,0,0,0,7,0,0,0,7,0,0,0,1,0,0,0,2,0,0,0,1 # compose_2x12 r=0
46006,-92664,77544,-34536,54972,-78696,51868,-17280,22266,-26094,12960,-2880,4557,-4320,1440,-160,540,-360,60,0,36,-12,0,0,1 # compose_6x4 r=0
209,0,0,0,0,0,-214,0,107,0,0,0,72,0,-72,0,18,0,-8,0,12,0,-6,0,1 # compose_3x8 r=0
51,0,0,0,0,0,45,0,45,0,0,0,12,0,24,0,12,0,1,0,3,0,3,0,1 # compose_3x8 r=0
133,0,0,0,0,-76,0,0,76,0,15,0,0,-30,0,-1,15,0,3,0,0,-3,0,0,1 # compose_3x8 r=0
9,0,0,0,0,0,0,0,0,2,0,0,-1,0,0,0,0,0,4,0,0,-4,0,0,1 # compose_2x12 r=0
257,0,257,0,96,0,273,0,193,0,48,0,100,0,48,0,6,0,16,0,4,0,0,0,1 # compose_4x6 r=0
18,0,0,0,34,0,34,0,24,0,48,0,32,0,24,0,25,0,12,0,6,0,4,0,1 # compose_4x6 r=0
242,0,0,0,-496,0,248,0,380,0,-380,0,-33,0,192,0,-80,0,-16,0,24,0,-8,0,1 # compose_4x6 r=0
41,0,0,0,24,0,0,0,4,0,0,0,12,0,0,0,4,0,0,0,0,0,0,0,1 # compose_2x12 r=0
5,0,0,-3,0,0,1,0,0,0,0,0,3,0,0,-2,0,0,0,0,0,0,0,0,1 # compose_2x12 r=0
73,0,0,0,204,0,-102,0,212,0,-212,0,149,0,-144,0,88,0,-44,0,24,0,-8,0,1 # compose_4x6 r=0
13,0,0,0,0,0,0,0,0,0,0,10,10,0,0,0,0,0,0,0,0,0,1,2,1 # compose_2x12 r=0
46635,-46653,19440,-4320,-46113,38844,-12959,2160,19260,-12954,3240,-360,-4305,2160,-360,20,540,-180,15,0,-36,6,0,0,1 # compose_6x4 r=4
24,0,-54,0,36,0,-8,0,27,0,-36,0,12,0,0,0,9,0,-6,0,0,0,0,0,1 # compose_3x8 r=0
1283,0,0,0,0,0,862,0,0,0,0,0,216,0,0,0,0,0,24,0,0,0,0,0,1 # compose_4x6 r=0
1293,-1728,864,-192,16,0,864,-864,288,-32,0,0,216,-144,24,0,0,0,24,-8,0,0,0,0,1 # compose_4x6 r=0
139,0,0,0,0,0,0,-78,78,0,0,0,0,0,15,-30,15,0,0,0,0,-1,3,-3,1 # compose_3x8 r=0
46223,-92880,77616,-34544,-37800,76464,-51752,17280,16524,-25716,12960,-2880,-4078,4320,-1440,160,540,-360,60,0,-36,12,0,0,1 # compose_6x4 r=4
243,0,0,0,0,-248,248,0,0,0,95,-190,95,0,0,-16,48,-48,16,0,1,-4,6,-4,1 # compose_4x6 r=0
5461,7737,4589,1457,-7476,-9153,-4370,-1044,4464,4365,1566,250,-1442,-1044,-250,-20,261,125,15,0,-25,-6,0,0,1 # compose_6x4 r=0
46670,0,93316,0,124418,0,112320,0,79920,0,44352,0,20224,0,7392,0,2220,0,520,0,96,0,12,0,1 # compose_6x4 r=0
25,0,0,0,0,44,44,0,0,0,27,54,27,0,0,8,24,24,8,0,1,4,6,4,1 # compose_4x6 r=0
15874,-37800,37620,-20016,-12900,36660,-29960,12000,7005,-14820,9000,-2400,-2262,3000,-1200,160,375,-300,60,0,-30,12,0,0,1 # compose_6x4 r=4
3905,0,12000,0,9216,0,-5000,0,-7680,0,750,0,2627,0,-192,0,-480,0,80,0,36,0,-12,0,1 # compose_6x4 r=4
15627,0,37502,0,18749,0,-17500,0,-14625,0,3960,0,4164,0,-792,0,-585,0,140,0,30,0,-12,0,1 # compose_6x4 r=4
1261,0,0,0,-852,0,852,0,215,0,-430,0,191,0,72,0,-71,0,20,0,6,0,-4,0,1 # compose_4x6 r=0
9,0,0,0,1,0,0,0,1,0,0,0,1,0,0,0,2,0,0,0,0,0,0,0,1 # compose_2x12 r=0
54,0,0,0,0,-14,0,0,0,0,1,0,-14,0,0,0,0,2,0,0,0,0,0,0,1 # compose_2x12 r=0
5,0,5,0,3,0,1,0,5,0,6,0,3,0,0,0,3,0,3,0,0,0,0,0,1 # compose_3x8 r=0
65,0,192,0,208,0,0,0,-192,0,-144,0,20,0,72,0,24,0,-12,0,-8,0,0,0,1 # compose_4x6 r=0
42,0,0,0,0,0,0,0,0,0,-12,0,12,0,0,0,0,0,0,0,1,0,-2,0,1 # compose_2x12 r=0
14,0,-20,0,4,0,0,0,0,0,0,0,10,0,-4,0,0,0,0,0,0,0,0,0,1 # compose_2x12 r=0
1226,0,0,0,-1680,0,-840,0,856,0,856,0,22,0,-288,0,-128,0,8,0,24,0,8,0,1 # compose_4x6 r=0
34,0,0,0,0,0,0,0,-13,0,0,0,13,0,0,0,1,0,0,0,-2,0,0,0,1 # compose_2x12 r=0
6,0,0,8,-8,0,15,-30,15,20,-60,60,-5,-60,90,-54,-15,60,-59,24,9,-20,15,-6,1 # compose_6x4 r=0
5,0,0,0,-8,0,0,0,4,0,0,0,4,0,0,0,-4,0,0,0,0,0,0,0,1 # compose_2x12 r=0
15611,0,0,0,-18747,0,0,0,9375,0,0,0,-2500,0,0,0,375,0,0,0,-30,0,0,0,1 # compose_6x4 r=4
46659,0,93312,0,31104,0,-43200,0,-23760,0,9792,0,5824,0,-1632,0,-660,0,200,0,24,0,-12,0,1 # compose_6x4 r=0
13,0,-3,0,1,0,0,0,0,0,0,0,3,0,-2,0,0,0,0,0,0,0,0,0,1 # compose_2x12 r=0
13,0,0,0,0,0,0,0,0,0,0,0,8,0,0,0,0,0,0,0,0,0,0,0,1 # compose_2x12 r=0
41,0,0,0,0,0,0,0,0,0,0,0,-14,0,0,0,0,0,0,0,0,0,0,0,1 # compose_2x12 r=4
47307,-93960,77976,-34584,55620,-79128,51940,-17280,22374,-26130,12960,-2880,4563,-4320,1440,-160,540,-360,60,0,36,-12,0,0,1 # compose_6x4 r=0
549,0,0,0,0,-470,-470,0,0,0,147,294,147,0,0,-20,-60,-60,-20,0,1,4,6,4,1 # compose_4x6 r=4
10,0,-16,0,4,0,0,0,0,0,0,0,8,0,-4,0,0,0,0,0,0,0,0,0,1 # compose_2x12 r=0
13,0,0,0,0,0,0,0,14,0,0,0,-7,0,0,0,4,0,0,0,-4,0,0,0,1 # compose_2x12 r=0
143,0,156,0,60,0,8,0,78,0,60,0,12,0,0,0,15,0,6,0,0,0,0,0,1 # compose_3x8 r=0
20,-22,4,0,0,0,0,0,0,0,0,0,11,-4,0,0,0,0,0,0,0,0,0,0,1 # compose_2x12 r=0
3,0,-5,0,1,0,0,0,0,0,0,0,-5,0,2,0,0,0,0,0,0,0,0,0,1 # compose_2x12 r=4
73,0,210,0,216,0,201,0,232,0,144,0,86,0,72,0,24,0,12,0,8,0,0,0,1 # compose_4x6 r=0
241,506,384,128,16,0,253,384,192,32,0,0,96,96,24,0,0,0,16,8,0,0,0,0,1 # compose_4x6 r=0
3902,0,0,0,-6000,0,0,0,3804,0,0,0,-1277,0,0,0,240,0,0,0,-24,0,0,0,1 # compose_6x4 r=4
61,0,0,0,0,-15,0,0,0,0,1,0,-15,0,0,0,0,2,0,0,0,0,0,0,1 # compose_2x12 r=0
18,0,0,0,-34,0,-34,0,24,0,48,0,16,0,-24,0,-23,0,-4,0,6,0,4,0,1 # compose_4x6 r=4
269,0,0,0,264,0,264,0,97,0,194,0,113,0,48,0,49,0,20,0,6,0,4,0,1 # compose_4x6 r=0
15,0,-62,0,96,0,-33,0,-80,0,96,0,-8,0,-48,0,24,0,8,0,-8,0,0,0,1 # compose_4x6 r=0
51,0,0,0,0,-90,0,0,45,0,48,0,0,-48,0,-8,12,0,12,0,0,-6,0,0,1 # compose_3x8 r=0
30,0,0,-10,0,0,1,0,0,0,0,0,10,0,0,-2,0,0,0,0,0,0,0,0,1 # compose_2x12 r=0
53,0,0,0,0,0,0,0,0,-13,0,0,-13,0,0,0,0,0,1,0,0,2,0,0,1 # compose_2x12 r=0
5,0,0,30,-15,0,96,-96,24,184,-276,138,217,-480,360,72,-465,480,-176,-132,234,-160,60,-12,1 # compose_6x4 r=4
17,0,-31,0,24,0,23,0,-47,0,24,0,20,0,-24,0,6,0,8,0,-4,0,0,0,1 # compose_4x6 r=0
46647,0,0,-46654,46654,0,19440,-38880,19440,-4320,12960,-12960,4860,-2160,3240,-2196,720,-360,361,-186,51,-20,15,-6,1 # compose_6x4 r=0
59,0,0,0,0,0,-92,0,46,0,0,0,48,0,-48,0,12,0,-8,0,12,0,-6,0,1 # compose_3x8 r=0
35,0,0,0,-11,0,0,0,1,0,0,0,-11,0,0,0,2,0,0,0,0,0,0,0,1 # compose_2x12 r=0
1311,0,0,0,0,-867,867,0,0,0,216,-432,216,0,0,-24,72,-72,24,0,1,-4,6,-4,1 # compose_4x6 r=0
46642,0,0,0,-46654,0,0,0,19440,0,0,0,-4320,0,0,0,540,0,0,0,-36,0,0,0,1 # compose_6x4 r=4
4,0,0,-3,0,0,3,0,3,-1,0,-6,0,0,3,0,3,0,0,-3,0,0,0,0,1 # compose_3x8 r=0
137,0,0,77,0,0,15,0,77,1,0,30,0,0,3,0,15,0,0,3,0,0,0,0,1 # compose_3x8 r=0
1,0,0,0,0,0,0,0,0,0,-6,0,6,0,0,0,0,0,0,0,1,0,-2,0,1 # compose_2x12 r=0
25,0,0,0,27,0,0,0,36,0,0,0,19,0,0,0,12,0,0,0,3,0,0,0,1 # compose_3x8 r=0
4109,6147,3840,1280,6387,7704,3841,960,3960,3846,1440,240,1295,960,240,20,240,120,15,0,24,6,0,0,1 # compose_6x4 r=0
133,76,15,1,0,0,0,0,76,30,3,0,0,0,0,0,15,3,0,0,0,0,0,0,1 # compose_3x8 r=0
547,0,-1139,0,-148,0,1521,0,-271,0,-916,0,181,0,320,0,-34,0,-65,0,-2,0,6,0,1 # compose_6x4 r=0
13,0,0,0,0,0,0,0,0,0,7,0,-7,0,0,0,0,0,0,0,1,0,-2,0,1 # compose_2x12 r=0
613,0,0,0,0,994,497,0,0,0,600,600,150,0,0,160,240,120,20,0,16,32,24,8,1 # compose_4x6 r=0
37,0,0,0,0,0,0,0,0,0,0,0,-11,0,0,0,0,0,0,0,0,0,0,0,1 # compose_2x12 r=0
4103,-6146,3840,-1280,-5906,7656,-3839,960,3720,-3834,1440,-240,-1265,960,-240,20,240,-120,15,0,-24,6,0,0,1 # compose_6x4 r=4
46442,0,0,-93096,46548,0,77688,-77688,19422,-34552,51828,-25914,12959,-17280,12960,-5472,3420,-2880,1504,-552,276,-160,60,-12,1 # compose_6x4 r=0
47301,0,0,-93960,-46980,0,77976,77976,19494,-34584,-51876,-25938,4317,17280,12960,3168,-2340,-2880,-1376,-168,204,160,60,12,1 # compose_6x4 r=4
13,0,0,0,0,0,0,0,0,0,0,8,-4,0,0,0,0,0,0,0,0,0,4,-4,1 # compose_2x12 r=0
45,0,0,0,0,0,0,0,0,0,24,0,12,0,0,0,0,0,0,0,4,0,4,0,1 # compose_2x12 r=0
66,0,0,-192,192,0,240,-480,240,-160,480,-480,220,-240,360,-252,120,-120,121,-66,27,-20,15,-6,1 # compose_6x4 r=0
14,0,0,0,0,14,0,0,14,0,6,0,0,12,0,1,6,0,3,0,0,3,0,0,1 # compose_3x8 r=0
30,0,0,0,0,0,0,-10,0,0,0,0,-10,0,1,0,0,0,0,2,0,0,0,0,1 # compose_2x12 r=0
18,0,0,0,34,0,-34,0,24,0,-48,0,32,0,-24,0,25,0,-12,0,6,0,-4,0,1 # compose_4x6 r=4
4109,0,6147,0,-2307,0,-6400,0,240,0,2904,0,41,0,-726,0,15,0,100,0,-9,0,-6,0,1 # compose_6x4 r=4
46011,0,0,0,-46332,0,0,0,19386,0,0,0,-4317,0,0,0,540,0,0,0,-36,0,0,0,1 # compose_6x4 r=0
42,0,0,0,0,0,0,0,-24,0,0,0,-12,0,0,0,4,0,0,0,4,0,0,0,1 # compose_2x12 r=0
209,0,0,0,0,0,107,0,107,0,0,0,18,0,36,0,18,0,1,0,3,0,3,0,1 # compose_3x8 r=0
618,0,0,0,0,498,498,0,0,0,150,300,150,0,0,20,60,60,20,0,1,4,6,4,1 # compose_4x6 r=0
46437,0,0,46548,46548,0,19422,38844,19422,4319,12957,12957,4859,2160,3240,2196,720,360,361,186,51,20,15,6,1 # compose_6x4 r=0
46653,93310,77760,34560,-38015,-76608,-51776,-17280,16560,25728,12960,2880,-4080,-4320,-1440,-160,540,360,60,0,-36,-12,0,0,1 # compose_6x4 r=0
1226,0,0,-840,0,0,-626,0,0,404,0,0,143,0,0,-68,0,0,-18,0,0,4,0,0,1 # compose_4x6 r=0
5,0,0,0,4,0,0,0,0,0,0,0,0,0,-4,0,0,0,0,0,0,0,0,0,1 # compose_2x12 r=0
237,0,0,222,0,0,72,0,111,8,0,72,0,0,12,0,18,0,0,6,0,0,0,0,1 # compose_3x8 r=0
7,0,0,0,0,0,0,0,0,0,7,0,7,0,0,0,0,0,0,0,1,0,2,0,1 # compose_2x12 r=0
1287,0,0,0,1724,0,-862,0,864,0,-864,0,408,0,-288,0,160,0,-56,0,24,0,-8,0,1 # compose_4x6 r=0
1,0,0,0,-3,0,1,0,0,0,-6,0,3,0,0,0,-3,0,3,0,0,0,0,0,1 # compose_3x8 r=4
79,0,0,214,0,0,109,0,0,-120,0,0,-74,0,0,40,0,0,12,0,0,-8,0,0,1 # compose_4x6 r=0
208,0,-214,0,72,0,-8,0,107,0,-72,0,12,0,0,0,18,0,-6,0,0,0,0,0,1 # compose_3x8 r=0
7,0,0,0,0,-4,0,0,0,0,1,0,-4,0,0,0,0,2,0,0,0,0,0,0,1 # compose_2x12 r=0
253,0,0,0,512,0,-256,0,384,0,-384,0,224,0,-192,0,112,0,-48,0,24,0,-8,0,1 # compose_4x6 r=4
29,0,0,0,0,0,0,0,0,0,-10,0,-10,0,0,0,0,0,0,0,1,0,2,0,1 # compose_2x12 r=0
18,0,0,0,0,0,0,0,0,0,10,0,-10,0,0,0,0,0,0,0,1,0,-2,0,1 # compose_2x12 r=4
1,0,0,0,6,0,0,0,1,0,0,0,6,0,0,0,2,0,0,0,0,0,0,0,1 # compose_2x12 r=0
70,0,0,194,194,0,240,480,240,160,480,480,220,240,360,252,120,120,121,66,27,20,15,6,1 # compose_6x4 r=0
19,0,-12,0,4,0,0,0,0,0,0,0,-6,0,4,0,0,0,0,0,0,0,0,0,1 # compose_2x12 r=0
8,0,0,0,0,0,0,0,0,0,0,4,2,0,0,0,0,0,0,0,0,0,4,4,1 # compose_2x12 r=0
10,0,0,0,0,0,16,0,0,0,0,0,-4,0,0,0,0,0,-4,0,0,0,0,0,1 # compose_2x12 r=4
26,0,0,0,-80,0,-40,0,104,0,104,0,-38,0,-96,0,-32,0,24,0,24,0,8,0,1 # compose_4x6 r=0
14,0,-12,0,4,0,0,0,0,0,0,0,-6,0,4,0,0,0,0,0,0,0,0,0,1 # compose_2x12 r=0
6,0,4,0,1,0,0,0,0,0,0,0,-4,0,-2,0,0,0,0,0,0,0,0,0,1 # compose_2x12 r=0
3905,0,0,0,6000,0,0,0,3804,0,0,0,1277,0,0,0,240,0,0,0,24,0,0,0,1 # compose_6x4 r=0
629,0,0,0,0,501,501,0,0,0,150,300,150,0,0,20,60,60,20,0,1,4,6,4,1 # compose_4x6 r=0
202,0,0,0,0,0,212,0,106,0,0,0,72,0,72,0,18,0,8,0,12,0,6,0,1 # compose_3x8 r=0
16,0,0,0,-7,0,0,0,1,0,0,0,-7,0,0,0,2,0,0,0,0,0,0,0,1 # compose_2x12 r=0
143,0,-156,0,60,0,-8,0,78,0,-60,0,12,0,0,0,15,0,-6,0,0,0,0,0,1 # compose_3x8 r=0
22,0,0,0,0,0,0,0,0,0,9,0,9,0,0,0,0,0,0,0,1,0,2,0,1 # compose_2x12 r=0
626,0,-1000,0,600,0,-660,0,616,0,-240,0,182,0,-120,0,24,0,-20,0,8,0,0,0,1 # compose_4x6 r=0
46652,46655,19440,4320,47195,38916,12961,2160,19620,12966,3240,360,4335,2160,360,20,540,180,15,0,36,6,0,0,1 # compose_6x4 r=0
634,0,-1004,0,600,0,-662,0,616,0,-240,0,182,0,-120,0,24,0,-20,0,8,0,0,0,1 # compose_4x6 r=4
254,0,-256,0,96,0,-272,0,193,0,-48,0,100,0,-48,0,6,0,-16,0,4,0,0,0,1 # compose_4x6 r=4
9,0,0,10,0,0,4,0,0,0,0,0,-5,0,0,-4,0,0,0,0,0,0,0,0,1 # compose_2x12 r=0
-1,0,0,0,0,-14,0,0,0,0,4,0,-7,0,0,0,0,4,0,0,0,0,0,0,1 # compose_2x12 r=4
1292,0,0,0,-863,0,863,0,216,0,-432,0,192,0,72,0,-71,0,20,0,6,0,-4,0,1 # compose_4x6 r=0
731,-1459,1215,-540,1594,-2448,1621,-540,1305,-1626,810,-180,555,-540,180,-20,135,-90,15,0,18,-6,0,0,1 # compose_6x4 r=0
26,0,0,0,0,0,0,24,0,0,0,0,-12,0,4,0,0,0,0,-4,0,0,0,0,1 # compose_2x12 r=4
274,0,0,528,0,0,652,0,0,516,0,0,305,0,0,128,0,0,40,0,0,8,0,0,1 # compose_4x6 r=0
4223,-12480,15456,-10256,-2400,14688,-15320,7680,1944,-7500,5760,-1920,-1042,1920,-960,160,240,-240,60,0,-24,12,0,0,1 # compose_6x4 r=4
46673,46659,19440,4320,-46119,-38844,-12959,-2160,19260,12954,3240,360,-4305,-2160,-360,-20,540,180,15,0,-36,-6,0,0,1 # compose_6x4 r=4
11,0,0,0,0,0,0,0,0,0,0,6,6,0,0,0,0,0,0,0,0,0,1,2,1 # compose_2x12 r=0
1335,0,0,0,0,0,-876,0,0,0,0,0,217,0,0,0,0,0,-24,0,0,0,0,0,1 # compose_4x6 r=0
25,0,0,0,0,0,0,0,0,0,0,8,8,0,0,0,0,0,0,0,0,0,1,2,1 # compose_2x12 r=0
4291,0,0,-12576,-6288,0,15504,15504,3876,-10264,-15396,-7698,2557,7680,5760,1152,-1680,-1920,-896,-48,216,160,60,12,1 # compose_6x4 r=0
578,-960,592,-160,16,0,480,-592,240,-32,0,0,148,-120,24,0,0,0,20,-8,0,0,0,0,1 # compose_4x6 r=0
4222,0,12480,0,9216,0,-5200,0,-7680,0,780,0,2622,0,-192,0,-480,0,80,0,36,0,-12,0,1 # compose_6x4 r=4
1261,0,0,0,0,-852,-852,0,0,0,215,430,215,0,0,-24,-72,-72,-24,0,1,4,6,4,1 # compose_4x6 r=0
81,0,214,0,216,0,-11,0,-200,0,-144,0,22,0,72,0,24,0,-12,0,-8,0,0,0,1 # compose_4x6 r=0
46011,0,-46332,0,65718,0,-43089,0,32877,0,-15147,0,7738,0,-2526,0,915,0,-200,0,51,0,-6,0,1 # compose_6x4 r=0
18,0,0,0,0,0,0,0,0,8,0,0,8,0,0,0,0,0,1,0,0,2,0,0,1 # compose_2x12 r=0
4287,0,0,12576,6288,0,15504,15504,3876,10264,15396,7698,5123,7680,5760,2688,2160,1920,1024,432,264,160,60,12,1 # compose_6x4 r=0
15614,0,18748,0,28123,0,21250,0,17250,0,9030,0,4901,0,1806,0,690,0,170,0,45,0,6,0,1 # compose_6x4 r=0
30,20,4,0,0,0,0,0,0,0,0,0,-10,-4,0,0,0,0,0,0,0,0,0,0,1 # compose_2x12 r=0
32,0,0,0,0,0,0,0,0,0,0,10,-10,0,0,0,0,0,0,0,0,0,1,-2,1 # compose_2x12 r=0
55,0,0,0,0,0,-14,0,0,0,0,0,-13,0,0,0,0,0,2,0,0,0,0,0,1 # compose_2x12 r=0
14,0,0,0,8,0,0,0,1,0,0,0,-8,0,0,0,-2,0,0,0,0,0,0,0,1 # compose_2x12 r=4
15497,0,0,-37350,18675,0,37440,-37440,9360,-19992,29988,-14994,8499,-12000,9000,-3960,2775,-2400,1264,-492,270,-160,60,-12,1 # compose_6x4 r=0
9,0,0,0,-14,0,0,0,4,0,0,0,7,0,0,0,-4,0,0,0,0,0,0,0,1 # compose_2x12 r=0
121,0,0,0,0,0,148,0,74,0,0,0,60,0,60,0,15,0,8,0,12,0,6,0,1 # compose_3x8 r=0
4091,0,0,6143,-6143,0,3840,-7680,3840,1280,-3840,3840,-1040,-960,1440,-936,120,240,-239,114,-9,-20,15,-6,1 # compose_6x4 r=4
46441,46548,19422,4319,47088,38880,12958,2160,19602,12963,3240,360,4334,2160,360,20,540,180,15,0,36,6,0,0,1 # compose_6x4 r=0
14,0,0,0,0,0,0,0,0,0,10,0,-10,0,0,0,0,0,0,0,1,0,-2,0,1 # compose_2x12 r=4
19531,0,0,22461,-22461,0,10791,-21582,10791,2771,-8313,8313,-2370,-1604,2406,-1573,246,310,-309,149,-16,-20,15,-6,1 # compose_6x4 r=0
1,0,0,0,0,0,0,0,0,0,12,0,0,12,0,8,3,0,12,0,0,6,0,0,1 # compose_3x8 r=0
15628,-37500,37500,-20000,-12750,36540,-29936,12000,6975,-14808,9000,-2400,-2260,3000,-1200,160,375,-300,60,0,-30,12,0,0,1 # compose_6x4 r=0
17,0,0,0,66,0,-33,0,96,0,-96,0,88,0,-96,0,64,0,-40,0,24,0,-8,0,1 # compose_4x6 r=4
15501,0,0,37350,18675,0,37440,37440,9360,19992,29988,14994,8499,12000,9000,3960,2775,2400,1264,492,270,160,60,12,1 # compose_6x4 r=0
5,0,0,0,0,0,0,0,-8,0,0,0,8,0,0,0,1,0,0,0,-2,0,0,0,1 # compose_2x12 r=0
38,0,0,30,0,0,9,0,30,1,0,18,0,0,3,0,9,0,0,3,0,0,0,0,1 # compose_3x8 r=0
46658,0,0,-46656,-46656,0,19440,38880,19440,-4320,-12960,-12960,-3780,2160,3240,2124,360,-360,-359,-174,-21,20,15,6,1 # compose_6x4 r=0
4099,0,0,6145,-6145,0,3840,-7680,3840,1280,-3840,3840,-1040,-960,1440,-936,120,240,-239,114,-9,-20,15,-6,1 # compose_6x4 r=4
226,0,0,0,-110,0,0,0,128,0,0,0,-37,0,0,0,21,0,0,0,-3,0,0,0,1 # compose_3x8 r=0
29,0,0,0,0,0,0,0,0,0,0,-22,-11,0,0,0,0,0,0,0,0,0,4,4,1 # compose_2x12 r=4
8,0,0,4,0,0,1,0,0,0,0,0,-4,0,0,-2,0,0,0,0,0,0,0,0,1 # compose_2x12 r=0
4,0,0,-1,0,0,1,0,0,0,0,0,1,0,0,-2,0,0,0,0,0,0,0,0,1 # compose_2x12 r=0
254,-256,96,-16,1,0,256,-192,48,-4,0,0,96,-48,6,0,0,0,16,-4,0,0,0,0,1 # compose_4x6 r=0
137,-78,15,-1,0,0,0,0,78,-30,3,0,0,0,0,0,15,-3,0,0,0,0,0,0,1 # compose_3x8 r=0
25,0,88,0,108,0,108,0,124,0,96,0,59,0,48,0,24,0,8,0,8,0,0,0,1 # compose_4x6 r=0
651,0,0,2754,1377,0,4752,4752,1188,4296,6444,3222,2697,4320,3240,1656,1575,1440,784,372,258,160,60,12,1 # compose_6x4 r=0
307,0,0,0,560,0,280,0,396,0,396,0,227,0,192,0,112,0,48,0,24,0,8,0,1 # compose_4x6 r=0
34,0,0,0,0,0,58,0,29,0,0,0,36,0,36,0,9,0,8,0,12,0,6,0,1 # compose_3x8 r=0
3967,12096,15264,10224,-2208,-14496,-15272,-7680,1896,7476,5760,1920,-1038,-1920,-960,-160,240,240,60,0,-24,-12,0,0,1 # compose_6x4 r=4
236,-111,18,-1,0,0,0,0,111,-36,3,0,0,0,0,0,18,-3,0,0,0,0,0,0,1 # compose_3x8 r=0
38,0,0,0,0,0,-60,0,30,0,0,0,36,0,-36,0,9,0,-8,0,12,0,-6,0,1 # compose_3x8 r=0
1,0,12,0,28,0,38,0,44,0,48,0,39,0,24,0,24,0,4,0,8,0,0,0,1 # compose_4x6 r=0
47090,0,0,0,46872,0,0,0,19476,0,0,0,4322,0,0,0,540,0,0,0,36,0,0,0,1 # compose_6x4 r=0
15253,-18525,9330,-2497,-18150,18630,-7490,1500,9180,-7485,2250,-300,-2482,1500,-300,20,375,-150,15,0,-30,6,0,0,1 # compose_6x4 r=0
1275,0,0,-1722,0,0,3,0,0,672,0,0,-56,0,0,-112,0,0,0,0,0,8,0,0,1 # compose_4x6 r=4
4105,0,-6147,0,-2307,0,6400,0,240,0,-2904,0,41,0,726,0,15,0,-100,0,-9,0,6,0,1 # compose_6x4 r=4
47302,0,0,-46980,46980,0,19494,-38988,19494,-4323,12969,-12969,4863,-2160,3240,-2196,720,-360,361,-186,51,-20,15,-6,1 # compose_6x4 r=0
6,16,4,0,0,0,0,0,0,0,0,0,-8,-4,0,0,0,0,0,0,0,0,0,0,1 # compose_2x12 r=4
4161,0,-6192,0,10044,0,-8985,0,7935,0,-4827,0,2842,0,-1206,0,495,0,-140,0,39,0,-6,0,1 # compose_6x4 r=0
55,0,0,0,0,0,-30,0,0,0,0,0,-11,0,0,0,0,0,4,0,0,0,0,0,1 # compose_2x12 r=4
1299,0,865,0,216,0,-841,0,-431,0,-72,0,212,0,72,0,6,0,-24,0,-4,0,0,0,1 # compose_4x6 r=4
17,0,0,0,0,0,0,0,-9,0,0,0,9,0,0,0,1,0,0,0,-2,0,0,0,1 # compose_2x12 r=0
46653,46655,19440,4320,-46115,-38844,-12959,-2160,19260,12954,3240,360,-4305,-2160,-360,-20,540,180,15,0,-36,-6,0,0,1 # compose_6x4 r=0
117,0,0,0,-74,0,0,0,89,0,0,0,-31,0,0,0,18,0,0,0,-3,0,0,0,1 # compose_3x8 r=0
627,0,0,0,0,-500,500,0,0,0,150,-300,150,0,0,-20,60,-60,20,0,1,-4,6,-4,1 # compose_4x6 r=0
46647,0,0,-46655,46655,0,19440,-38880,19440,-4320,12960,-12960,4860,-2160,3240,-2196,720,-360,361,-186,51,-20,15,-6,1 # compose_6x4 r=0
3,0,0,0,0,0,0,2,0,0,0,0,-2,0,1,0,0,0,0,-2,0,0,0,0,1 # compose_2x12 r=0
725,1457,1215,540,1592,2448,1621,540,1305,1626,810,180,555,540,180,20,135,90,15,0,18,6,0,0,1 # compose_6x4 r=0
22,0,0,0,0,8,0,0,0,0,1,0,-8,0,0,0,0,-2,0,0,0,0,0,0,1 # compose_2x12 r=0
46869,-93528,77832,-34568,55404,-78984,51916,-17280,22338,-26118,12960,-2880,4561,-4320,1440,-160,540,-360,60,0,36,-12,0,0,1 # compose_6x4 r=0
136,0,-154,0,60,0,-8,0,77,0,-60,0,12,0,0,0,15,0,-6,0,0,0,0,0,1 # compose_3x8 r=0
42,0,0,0,0,0,0,0,0,0,0,28,-14,0,0,0,0,0,0,0,0,0,4,-4,1 # compose_2x12 r=4
597,0,-490,0,149,0,-510,0,299,0,-60,0,153,0,-60,0,6,0,-20,0,4,0,0,0,1 # compose_4x6 r=4
632,501,150,20,1,0,501,300,60,4,0,0,150,60,6,0,0,0,20,4,0,0,0,0,1 # compose_4x6 r=0
1,0,0,0,0,0,4,0,2,0,0,0,12,0,12,0,3,0,8,0,12,0,6,0,1 # compose_3x8 r=0
15503,-18675,9360,-2499,-18300,18690,-7496,1500,9210,-7491,2250,-300,-2484,1500,-300,20,375,-150,15,0,-30,6,0,0,1 # compose_6x4 r=0
15249,18525,9330,2497,-18150,-18630,-7490,-1500,9180,7485,2250,300,-2482,-1500,-300,-20,375,150,15,0,-30,-6,0,0,1 # compose_6x4 r=4
13,0,0,0,0,0,0,8,0,0,0,0,-8,0,1,0,0,0,0,-2,0,0,0,0,1 # compose_2x12 r=4
1294,0,0,0,864,0,-864,0,216,0,-432,0,240,0,-72,0,73,0,-28,0,6,0,-4,0,1 # compose_4x6 r=4
111,0,0,0,-72,0,0,0,87,0,0,0,-31,0,0,0,18,0,0,0,-3,0,0,0,1 # compose_3x8 r=0
599,0,0,0,-490,0,490,0,149,0,-298,0,129,0,60,0,-59,0,16,0,6,0,-4,0,1 # compose_4x6 r=0
17,0,-18,0,4,0,0,0,0,0,0,0,9,0,-4,0,0,0,0,0,0,0,0,0,1 # compose_2x12 r=0
10,0,0,0,9,0,0,0,1,0,0,0,9,0,0,0,2,0,0,0,0,0,0,0,1 # compose_2x12 r=0
14,0,0,0,-5,0,0,0,1,0,0,0,5,0,0,0,-2,0,0,0,0,0,0,0,1 # compose_2x12 r=0
7,0,0,0,0,0,0,0,-2,0,0,0,2,0,0,0,1,0,0,0,-2,0,0,0,1 # compose_2x12 r=0
2,0,0,0,0,-40,20,0,0,0,84,-84,21,0,0,-64,96,-48,8,0,16,-32,24,-8,1 # compose_4x6 r=4
75,-214,216,-96,16,0,-107,216,-144,32,0,0,54,-72,24,0,0,0,-12,8,0,0,0,0,1 # compose_4x6 r=4
2,0,0,0,0,-2,0,0,0,0,4,0,-1,0,0,0,0,4,0,0,0,0,0,0,1 # compose_2x12 r=0
51,0,0,0,0,-26,0,0,0,0,4,0,-13,0,0,0,0,4,0,0,0,0,0,0,1 # compose_2x12 r=0
15873,-18900,9405,-2502,19275,-18840,7507,-1500,9555,-7512,2250,-300,2517,-1500,300,-20,375,-150,15,0,30,-6,0,0,1 # compose_6x4 r=0
3,0,0,0,0,0,0,-6,0,0,0,0,-3,0,4,0,0,0,0,4,0,0,0,0,1 # compose_2x12 r=0
127,0,0,-321,-321,0,351,702,351,-209,-627,-627,-138,284,426,271,6,-130,-129,-59,2,20,15,6,1 # compose_6x4 r=0
236,0,-222,0,72,0,-8,0,111,0,-72,0,12,0,0,0,18,0,-6,0,0,0,0,0,1 # compose_3x8 r=0
46664,-93314,77760,-34560,-38017,76608,-51776,17280,16560,-25728,12960,-2880,-4080,4320,-1440,160,540,-360,60,0,-36,12,0,0,1 # compose_6x4 r=0
118,0,73,0,15,0,1,0,73,0,30,0,3,0,0,0,15,0,3,0,0,0,0,0,1 # compose_3x8 r=0
82,0,216,0,216,0,-12,0,-200,0,-144,0,22,0,72,0,24,0,-12,0,-8,0,0,0,1 # compose_4x6 r=0
241,0,0,0,-248,0,-248,0,95,0,190,0,79,0,-48,0,-47,0,-12,0,6,0,4,0,1 # compose_4x6 r=0
13021,16059,8261,2269,16410,16551,6808,1404,8406,6813,2106,290,2284,1404,290,20,351,145,15,0,29,6,0,0,1 # compose_6x4 r=0
633,0,0,0,0,502,-502,0,0,0,150,-300,150,0,0,20,-60,60,-20,0,1,-4,6,-4,1 # compose_4x6 r=4
601,980,596,160,16,0,-490,-596,-240,-32,0,0,149,120,24,0,0,0,-20,-8,0,0,0,0,1 # compose_4x6 r=0
37,0,0,0,0,0,0,14,0,0,0,0,-14,0,1,0,0,0,0,-2,0,0,0,0,1 # compose_2x12 r=4
232,0,0,0,-111,0,0,0,129,0,0,0,-37,0,0,0,21,0,0,0,-3,0,0,0,1 # compose_3x8 r=0
29,0,0,0,0,0,-11,0,0,0,0,0,-10,0,0,0,0,0,2,0,0,0,0,0,1 # compose_2x12 r=4
86,0,110,0,54,0,122,0,109,0,36,0,58,0,36,0,6,0,12,0,4,0,0,0,1 # compose_4x6 r=0
46663,0,-46657,0,-27217,0,34560,0,7020,0,-10836,0,-1259,0,1806,0,195,0,-160,0,-21,0,6,0,1 # compose_6x4 r=0
14,0,-8,0,4,0,0,0,0,0,0,0,-4,0,4,0,0,0,0,0,0,0,0,0,1 # compose_2x12 r=0
13,0,0,0,0,62,31,0,0,0,96,96,24,0,0,64,96,48,8,0,16,32,24,8,1 # compose_4x6 r=4
11,0,0,0,0,-18,0,0,0,0,4,0,-9,0,0,0,0,4,0,0,0,0,0,0,1 # compose_2x12 r=4
12,0,0,0,0,0,0,0,0,0,0,-18,9,0,0,0,0,0,0,0,0,0,4,-4,1 # compose_2x12 r=4
15608,0,37494,0,18753,0,-17500,0,-14625,0,3960,0,4164,0,-792,0,-585,0,140,0,30,0,-12,0,1 # compose_6x4 r=4
703,0,0,0,-530,0,530,0,153,0,-306,0,133,0,60,0,-59,0,16,0,6,0,-4,0,1 # compose_4x6 r=0
5,0,0,0,0,0,0,0,0,0,0,14,7,0,0,0,0,0,0,0,0,0,4,4,1 # compose_2x12 r=4
10,0,0,0,4,0,0,0,0,0,0,0,0,0,4,0,0,0,0,0,0,0,0,0,1 # compose_2x12 r=0
10,0,0,0,-48,0,-24,0,88,0,88,0,-42,0,-96,0,-32,0,24,0,24,0,8,0,1 # compose_4x6 r=0
65,0,0,0,0,0,49,0,49,0,0,0,12,0,24,0,12,0,1,0,3,0,3,0,1 # compose_3x8 r=0
15877,0,0,0,-18900,0,0,0,9405,0,0,0,-2502,0,0,0,375,0,0,0,-30,0,0,0,1 # compose_6x4 r=0
199,0,0,0,-210,0,0,0,177,0,0,0,-80,0,0,0,30,0,0,0,-6,0,0,0,1 # compose_3x8 r=0
4109,0,-6147,0,-2307,0,6400,0,240,0,-2904,0,41,0,726,0,15,0,-100,0,-9,0,6,0,1 # compose_6x4 r=4
15374,0,37200,0,18780,0,-17396,0,-14631,0,3948,0,4166,0,-792,0,-585,0,140,0,30,0,-12,0,1 # compose_6x4 r=4
4035,0,0,0,-6096,0,0,0,3828,0,0,0,-1279,0,0,0,240,0,0,0,-24,0,0,0,1 # compose_6x4 r=0
302,-560,396,-128,16,0,280,-396,192,-32,0,0,99,-96,24,0,0,0,16,-8,0,0,0,0,1 # compose_4x6 r=0
15639,0,-18753,0,-9378,0,16250,0,2250,0,-6030,0,-399,0,1206,0,90,0,-130,0,-15,0,6,0,1 # compose_6x4 r=4
46677,0,-93318,0,124419,0,-112320,0,79920,0,-44352,0,20224,0,-7392,0,2220,0,-520,0,96,0,-12,0,1 # compose_6x4 r=0
31,0,0,0,0,0,0,0,0,0,0,0,13,0,0,0,0,0,0,0,0,0,0,0,1 # compose_2x12 r=0
71,0,0,-194,194,0,240,-480,240,-160,480,-480,220,-240,360,-252,120,-120,121,-66,27,-20,15,-6,1 # compose_6x4 r=0
5,0,0,0,0,8,0,0,0,0,4,0,4,0,0,0,0,4,0,0,0,0,0,0,1 # compose_2x12 r=0
21,0,0,0,0,0,0,0,0,0,0,-18,-9,0,0,0,0,0,0,0,0,0,4,4,1 # compose_2x12 r=0
7,0,0,0,0,0,0,11,11,0,0,0,0,0,6,12,6,0,0,0,0,1,3,3,1 # compose_3x8 r=0
15634,0,0,-37504,-18752,0,37500,37500,9375,-20000,-30000,-15000,3500,12000,9000,2040,-2025,-2400,-1136,-108,210,160,60,12,1 # compose_6x4 r=4
46672,0,-46659,0,-27219,0,34560,0,7020,0,-10836,0,-1259,0,1806,0,195,0,-160,0,-21,0,6,0,1 # compose_6x4 r=4
74,0,0,0,0,0,0,0,50,0,0,0,0,0,0,0,12,0,0,0,0,0,0,0,1 # compose_3x8 r=0
1299,0,1730,0,864,0,-673,0,-848,0,-288,0,184,0,144,0,24,0,-24,0,-8,0,0,0,1 # compose_4x6 r=4
1187,0,0,0,0,0,-828,0,0,0,0,0,213,0,0,0,0,0,-24,0,0,0,0,0,1 # compose_4x6 r=4
23,0,0,0,0,0,0,0,20,0,0,0,-10,0,0,0,4,0,0,0,-4,0,0,0,1 # compose_2x12 r=4
28,0,0,0,0,0,0,0,0,0,0,9,-9,0,0,0,0,0,0,0,0,0,1,-2,1 # compose_2x12 r=0
741,0,2922,0,3399,0,-540,0,-3105,0,-504,0,1324,0,168,0,-345,0,20,0,42,0,-12,0,1 # compose_6x4 r=0
1311,0,0,0,0,0,-867,0,0,0,0,0,216,0,0,0,0,0,-24,0,0,0,0,0,1 # compose_4x6 r=4
111,0,0,-72,0,0,15,0,72,-1,0,-30,0,0,3,0,15,0,0,-3,0,0,0,0,1 # compose_3x8 r=0
1186,1656,852,192,16,0,-828,-852,-288,-32,0,0,213,144,24,0,0,0,-24,-8,0,0,0,0,1 # compose_4x6 r=4
639,503,150,20,1,0,503,300,60,4,0,0,150,60,6,0,0,0,20,4,0,0,0,0,1 # compose_4x6 r=0
19,0,0,0,0,0,0,0,9,0,0,0,9,0,0,0,1,0,0,0,2,0,0,0,1 # compose_2x12 r=0
26,0,0,0,0,0,0,0,-24,0,0,0,-12,0,0,0,4,0,0,0,4,0,0,0,1 # compose_2x12 r=4
6,0,16,0,32,0,40,0,48,0,48,0,40,0,24,0,24,0,4,0,8,0,0,0,1 # compose_4x6 r=0
9,0,0,0,0,0,0,-16,0,0,0,0,8,0,4,0,0,0,0,-4,0,0,0,0,1 # compose_2x12 r=0
17,0,0,0,0,0,0,0,-9,0,0,0,-9,0,0,0,1,0,0,0,2,0,0,0,1 # compose_2x12 r=4
2,0,0,0,0,0,6,0,0,0,0,0,6,0,0,0,0,0,4,0,0,0,0,0,1 # compose_4x6 r=0
611,0,-497,0,150,0,-517,0,301,0,-60,0,154,0,-60,0,6,0,-20,0,4,0,0,0,1 # compose_4x6 r=4
206,0,0,0,0,0,-232,0,0,0,0,0,93,0,0,0,0,0,-16,0,0,0,0,0,1 # compose_4x6 r=4
16,0,0,0,0,-18,0,0,0,0,4,0,-9,0,0,0,0,4,0,0,0,0,0,0,1 # compose_2x12 r=4
65,0,0,0,0,0,0,0,0,0,0,0,15,0,0,0,0,0,0,0,0,0,0,0,1 # compose_2x12 r=0
46873,0,0,-46764,-46764,0,19458,38916,19458,-4321,-12963,-12963,-3781,2160,3240,2124,360,-360,-359,-174,-21,20,15,6,1 # compose_6x4 r=0
13,0,0,0,0,0,0,0,0,0,0,-7,7,0,0,0,0,0,0,0,0,0,1,-2,1 # compose_2x12 r=0
628,0,1000,0,600,0,-340,0,-584,0,-240,0,118,0,120,0,24,0,-20,0,-8,0,0,0,1 # compose_4x6 r=0
12,0,0,0,0,0,0,0,0,0,0,-4,2,0,0,0,0,0,0,0,0,0,4,-4,1 # compose_2x12 r=0
9,0,0,0,0,0,0,0,14,0,0,0,-7,0,0,0,4,0,0,0,-4,0,0,0,1 # compose_2x12 r=4
1282,0,0,0,0,862,862,0,0,0,216,432,216,0,0,24,72,72,24,0,1,4,6,4,1 # compose_4x6 r=0
57,0,-180,0,54,0,309,0,-183,0,-249,0,142,0,126,0,-45,0,-40,0,3,0,6,0,1 # compose_6x4 r=0
1,0,0,-7,-7,0,15,30,15,-20,-60,-60,-5,60,90,54,-15,-60,-59,-24,9,20,15,6,1 # compose_6x4 r=4
23,-10,1,0,0,0,0,0,0,0,0,0,-10,2,0,0,0,0,0,0,0,0,0,0,1 # compose_2x12 r=4
41,0,0,0,0,0,0,0,0,0,0,0,12,0,0,0,0,0,0,0,0,0,0,0,1 # compose_2x12 r=0
26,0,0,0,0,0,0,0,16,0,0,0,8,0,0,0,4,0,0,0,4,0,0,0,1 # compose_2x12 r=0
622,0,-500,0,150,0,-520,0,301,0,-60,0,154,0,-60,0,6,0,-20,0,4,0,0,0,1 # compose_4x6 r=4
4,0,0,0,0,0,0,0,0,0,0,6,6,0,0,0,0,0,0,0,0,0,1,2,1 # compose_2x12 r=0
15501,0,0,-18675,-18675,0,9360,18720,9360,-2499,-7497,-7497,-2124,1500,2250,1470,225,-300,-299,-144,-15,20,15,6,1 # compose_6x4 r=0
35,0,0,0,0,0,0,-29,29,0,0,0,0,0,9,-18,9,0,0,0,0,-1,3,-3,1 # compose_3x8 r=0
703,0,0,-1060,0,0,1142,0,0,-772,0,0,409,0,0,-152,0,0,44,0,0,-8,0,0,1 # compose_4x6 r=0
199,0,-105,0,18,0,-1,0,105,0,-36,0,3,0,0,0,18,0,-3,0,0,0,0,0,1 # compose_3x8 r=0
26,0,9,0,1,0,0,0,0,0,0,0,9,0,2,0,0,0,0,0,0,0,0,0,1 # compose_2x12 r=0
1257,0,0,0,0,-1704,-852,0,0,0,860,860,215,0,0,-192,-288,-144,-24,0,16,32,24,8,1 # compose_4x6 r=4
673,0,0,0,0,0,520,0,0,0,0,0,152,0,0,0,0,0,20,0,0,0,0,0,1 # compose_4x6 r=0
705,-2862,4824,-4312,729,4248,-6404,4320,-234,-3042,3240,-1440,-299,1080,-720,160,135,-180,60,0,-18,12,0,0,1 # compose_6x4 r=0
31,0,-9,0,1,0,0,0,0,0,0,0,-9,0,2,0,0,0,0,0,0,0,0,0,1 # compose_2x12 r=0
139,0,-156,0,60,0,-8,0,78,0,-60,0,12,0,0,0,15,0,-6,0,0,0,0,0,1 # compose_3x8 r=0
18,0,0,0,0,0,0,14,0,0,0,0,7,0,4,0,0,0,0,4,0,0,0,0,1 # compose_2x12 r=0
11,0,60,0,96,0,34,0,-80,0,-96,0,-8,0,48,0,24,0,-8,0,-8,0,0,0,1 # compose_4x6 r=4
38,0,0,156,156,0,222,444,222,157,471,471,217,240,360,252,120,120,121,66,27,20,15,6,1 # compose_6x4 r=0
27,0,0,0,0,0,0,0,0,0,22,0,11,0,0,0,0,0,0,0,4,0,4,0,1 # compose_2x12 r=0
59,0,-191,0,431,0,-640,0,780,0,-732,0,581,0,-366,0,195,0,-80,0,27,0,-6,0,1 # compose_6x4 r=0
18,0,0,0,12,0,0,0,4,0,0,0,-6,0,0,0,-4,0,0,0,0,0,0,0,1 # compose_2x12 r=0
65,0,0,0,0,0,30,0,0,0,0,0,19,0,0,0,0,0,4,0,0,0,0,0,1 # compose_2x12 r=0
19,9,1,0,0,0,0,0,0,0,0,0,9,2,0,0,0,0,0,0,0,0,0,0,1 # compose_2x12 r=0
8,0,0,0,0,0,0,0,-4,0,0,0,2,0,0,0,4,0,0,0,-4,0,0,0,1 # compose_2x12 r=0
1329,-876,217,-24,1,0,876,-434,72,-4,0,0,217,-72,6,0,0,0,24,-4,0,0,0,0,1 # compose_4x6 r=0
47301,0,0,46980,-46980,0,19494,-38988,19494,4323,-12969,12969,-3783,-2160,3240,-2124,360,360,-359,174,-21,-20,15,-6,1 # compose_6x4 r=4
-5,0,0,0,0,0,0,0,0,0,0,2,1,0,0,0,0,0,0,0,0,0,4,4,1 # compose_2x12 r=4
46005,0,0,92664,-46332,0,77544,-77544,19386,34536,-51804,25902,4323,-17280,12960,-3168,-2340,2880,-1376,168,204,-160,60,-12,1 # compose_6x4 r=4
7,0,0,0,0,0,0,0,0,0,0,10,-5,0,0,0,0,0,0,0,0,0,4,-4,1 # compose_2x12 r=0
19,0,0,0,0,0,0,0,-20,0,0,0,-10,0,0,0,4,0,0,0,4,0,0,0,1 # compose_2x12 r=4
18,0,0,0,0,-8,0,0,0,0,1,0,-8,0,0,0,0,2,0,0,0,0,0,0,1 # compose_2x12 r=0
21,0,0,0,33,0,33,0,24,0,48,0,32,0,24,0,25,0,12,0,6,0,4,0,1 # compose_4x6 r=0
38,0,0,0,0,0,0,0,0,0,0,0,-11,0,0,0,0,0,0,0,0,0,0,0,1 # compose_2x12 r=0
15621,0,0,0,-18749,0,0,0,9375,0,0,0,-2500,0,0,0,375,0,0,0,-30,0,0,0,1 # compose_6x4 r=0
23,0,25,0,9,0,1,0,25,0,18,0,3,0,0,0,9,0,3,0,0,0,0,0,1 # compose_3x8 r=0
269,0,0,0,528,0,-264,0,388,0,-388,0,225,0,-192,0,112,0,-48,0,24,0,-8,0,1 # compose_4x6 r=4
247,0,0,0,0,0,-254,0,0,0,0,0,96,0,0,0,0,0,-16,0,0,0,0,0,1 # compose_4x6 r=4
5,0,10,0,12,0,8,0,5,0,12,0,12,0,0,0,3,0,6,0,0,0,0,0,1 # compose_3x8 r=0
80,0,0,0,0,0,-107,0,0,0,0,0,54,0,0,0,0,0,-12,0,0,0,0,0,1 # compose_4x6 r=0
14,0,0,0,0,0,0,0,6,0,0,0,6,0,0,0,1,0,0,0,2,0,0,0,1 # compose_2x12 r=0
46653,0,-93312,0,124416,0,-112320,0,79920,0,-44352,0,20224,0,-7392,0,2220,0,-520,0,96,0,-12,0,1 # compose_6x4 r=0
19,0,0,0,0,0,0,0,0,0,-14,0,7,0,0,0,0,0,0,0,4,0,-4,0,1 # compose_2x12 r=0
-1,0,0,0,0,10,5,0,0,0,24,24,6,0,0,32,48,24,4,0,16,32,24,8,1 # compose_4x6 r=4
47302,46980,19494,4323,-46440,-38952,-12968,-2160,19314,12963,3240,360,-4308,-2160,-360,-20,540,180,15,0,-36,-6,0,0,1 # compose_6x4 r=4
38,0,0,0,0,0,0,0,0,0,0,0,14,0,0,0,0,0,0,0,0,0,0,0,1 # compose_2x12 r=0
14,0,0,-10,0,0,4,0,0,0,0,0,-5,0,0,4,0,0,0,0,0,0,0,0,1 # compose_2x12 r=0
59,0,0,0,0,0,0,0,0,-14,0,0,-14,0,0,0,0,0,1,0,0,2,0,0,1 # compose_2x12 r=0
251,0,0,0,0,0,-255,0,0,0,0,0,96,0,0,0,0,0,-16,0,0,0,0,0,1 # compose_4x6 r=4
19,0,0,0,-66,0,33,0,96,0,-96,0,-40,0,96,0,-32,0,-24,0,24,0,-8,0,1 # compose_4x6 r=0
-4,0,0,4,0,0,14,0,0,-20,0,0,-29,0,0,8,0,0,20,0,0,8,0,0,1 # compose_4x6 r=4
599,0,0,0,0,-490,490,0,0,0,149,-298,149,0,0,-20,60,-60,20,0,1,-4,6,-4,1 # compose_4x6 r=0
7,0,0,0,0,0,0,0,0,0,0,8,4,0,0,0,0,0,0,0,0,0,4,4,1 # compose_2x12 r=0
41,0,0,0,0,0,0,0,0,0,0,0,11,0,0,0,0,0,0,0,0,0,0,0,1 # compose_2x12 r=0
46646,-46654,19440,-4320,47194,-38916,12961,-2160,19620,-12966,3240,-360,4335,-2160,360,-20,540,-180,15,0,36,-6,0,0,1 # compose_6x4 r=0
3,0,0,0,6,0,-3,0,24,0,-24,0,38,0,-48,0,40,0,-36,0,24,0,-8,0,1 # compose_4x6 r=0
3902,0,0,-12000,6000,0,15216,-15216,3804,-10216,15324,-7662,5117,-7680,5760,-2688,2160,-1920,1024,-432,264,-160,60,-12,1 # compose_6x4 r=0
230,0,0,0,0,0,0,-110,110,0,0,0,0,0,18,-36,18,0,0,0,0,-1,3,-3,1 # compose_3x8 r=0
17,0,0,0,30,0,0,0,39,0,0,0,32,0,0,0,18,0,0,0,6,0,0,0,1 # compose_3x8 r=0
627,-501,150,-20,1,0,-501,300,-60,4,0,0,150,-60,6,0,0,0,-20,4,0,0,0,0,1 # compose_4x6 r=4
35,0,0,-58,0,0,36,0,29,-8,0,-36,0,0,12,0,9,0,0,-6,0,0,0,0,1 # compose_3x8 r=0
721,0,0,2910,1455,0,4860,4860,1215,4320,6480,3240,2700,4320,3240,1656,1575,1440,784,372,258,160,60,12,1 # compose_6x4 r=0
647,0,0,2754,-1377,0,4752,-4752,1188,4296,-6444,3222,1623,-4320,3240,-504,-1305,1440,-656,-12,222,-160,60,-12,1 # compose_6x4 r=4
7,0,0,0,0,0,0,-10,0,0,0,0,5,0,4,0,0,0,0,-4,0,0,0,0,1 # compose_2x12 r=0
139,0,0,78,0,0,15,0,78,1,0,30,0,0,3,0,15,0,0,3,0,0,0,0,1 # compose_3x8 r=0
15623,0,0,0,18749,0,0,0,9375,0,0,0,2500,0,0,0,375,0,0,0,30,0,0,0,1 # compose_6x4 r=0
5,0,0,0,3,0,0,0,1,0,0,0,3,0,0,0,2,0,0,0,0,0,0,0,1 # compose_2x12 r=0
13,0,0,0,-13,0,0,0,19,0,0,0,-13,0,0,0,9,0,0,0,-3,0,0,0,1 # compose_3x8 r=0
10,0,0,0,0,0,0,0,0,0,0,0,0,0,0,0,1,0,0,0,2,0,0,0,1 # compose_2x12 r=0
15873,0,0,0,18900,0,0,0,9405,0,0,0,2502,0,0,0,375,0,0,0,30,0,0,0,1 # compose_6x4 r=0
3,0,0,0,0,4,2,0,0,0,20,20,5,0,0,32,48,24,4,0,16,32,24,8,1 # compose_4x6 r=0
734,0,1460,0,2675,0,2970,0,2970,0,2178,0,1441,0,726,0,330,0,110,0,33,0,6,0,1 # compose_6x4 r=0
11,0,0,0,0,0,0,0,0,0,18,0,-9,0,0,0,0,0,0,0,4,0,-4,0,1 # compose_2x12 r=4
23,0,0,0,0,0,0,-8,0,0,0,0,8,0,1,0,0,0,0,-2,0,0,0,0,1 # compose_2x12 r=0
4286,0,6288,0,-2412,0,-6469,0,267,0,2913,0,38,0,-726,0,15,0,100,0,-9,0,-6,0,1 # compose_6x4 r=4
34,0,0,0,0,0,0,0,0,0,0,-12,12,0,0,0,0,0,0,0,0,0,1,-2,1 # compose_2x12 r=0
9,0,0,0,0,0,0,0,0,1,0,0,-1,0,0,0,0,0,1,0,0,-2,0,0,1 # compose_2x12 r=0
14,0,0,0,0,0,0,0,0,0,-16,0,8,0,0,0,0,0,0,0,4,0,-4,0,1 # compose_2x12 r=4
257,-256,96,-16,1,0,256,-192,48,-4,0,0,96,-48,6,0,0,0,16,-4,0,0,0,0,1 # compose_4x6 r=0
