# IGP24 batch: one polynomial per distinct (group fingerprint, signature) cluster.
235,0,0,-222,0,0,72,0,111,-8,0,-72,0,0,12,0,18,0,0,-6,0,0,0,0,1 # compose_3x8 r=0
121,284,256,104,16,0,-142,-256,-156,-32,0,0,64,78,24,0,0,0,-13,-8,0,0,0,0,1 # compose_4x6 r=0
3966,0,0,-6048,-6048,0,3816,7632,3816,-1278,-3834,-3834,-1038,960,1440,936,120,-240,-239,-114,-9,20,15,6,1 # compose_6x4 r=4
254,0,-256,0,96,0,240,0,-191,0,48,0,92,0,-48,0,6,0,16,0,-4,0,0,0,1 # compose_4x6 r=0
5,0,0,0,0,-9,0,0,9,0,6,0,0,-12,0,-1,6,0,3,0,0,-3,0,0,1 # compose_3x8 r=0
623,0,0,0,1000,0,-500,0,600,0,-600,0,310,0,-240,0,136,0,-52,0,24,0,-8,0,1 # compose_4x6 r=4
15998,18975,9420,2503,-18600,-18810,-7508,-1500,9270,7503,2250,300,-2488,-1500,-300,-20,375,150,15,0,-30,-6,0,0,1 # compose_6x4 r=4
25,0,0,0,0,0,0,0,-11,0,0,0,-11,0,0,0,1,0,0,0,2,0,0,0,1 # compose_2x12 r=4
74,0,0,0,0,0,51,0,51,0,0,0,12,0,24,0,12,0,1,0,3,0,3,0,1 # compose_3x8 r=0
3,0,0,0,0,0,0,0,0,-3,0,0,-3,0,0,0,0,0,1,0,0,2,0,0,1 # compose_2x12 r=0
-2,0,0,0,0,4,2,0,0,0,24,24,6,0,0,32,48,24,4,0,16,32,24,8,1 # compose_4x6 r=4
42,0,0,0,0,0,12,0,0,0,0,0,-11,0,0,0,0,0,-2,0,0,0,0,0,1 # compose_2x12 r=0
13,0,0,0,0,0,0,0,-7,0,0,0,7,0,0,0,1,0,0,0,-2,0,0,0,1 # compose_2x12 r=0
46654,0,0,-46656,-46656,0,19440,38880,19440,-4320,-12960,-12960,-3780,2160,3240,2124,360,-360,-359,-174,-21,20,15,6,1 # compose_6x4 r=4
117,0,0,0,0,0,0,-74,74,0,0,0,0,0,15,-30,15,0,0,0,0,-1,3,-3,1 # compose_3x8 r=0
28,0,0,0,0,0,0,9,0,0,0,0,9,0,1,0,0,0,0,2,0,0,0,0,1 # compose_2x12 r=0
4161,12384,15408,10248,-2352,-14640,-15308,-7680,1932,7494,5760,1920,-1041,-1920,-960,-160,240,240,60,0,-24,-12,0,0,1 # compose_6x4 r=0
34,0,0,0,0,0,29,0,29,0,0,0,9,0,18,0,9,0,1,0,3,0,3,0,1 # compose_3x8 r=0
1,0,0,0,0,8,8,0,0,0,8,16,8,0,0,4,12,12,4,0,1,4,6,4,1 # compose_4x6 r=0
1407,0,0,0,0,900,900,0,0,0,219,438,219,0,0,24,72,72,24,0,1,4,6,4,1 # compose_4x6 r=0
2,0,0,0,0,0,0,-2,2,0,0,0,0,0,-3,6,-3,0,0,0,0,-1,3,-3,1 # compose_3x8 r=0
808,0,-3078,0,6507,0,-9312,0,9918,0,-8154,0,5287,0,-2712,0,1095,0,-340,0,78,0,-12,0,1 # compose_6x4 r=0
653,0,0,510,0,0,-359,0,0,-282,0,0,92,0,0,56,0,0,-14,0,0,-4,0,0,1 # compose_4x6 r=0
38,0,0,0,0,0,24,0,0,0,0,0,-8,0,0,0,0,0,-4,0,0,0,0,0,1 # compose_2x12 r=0
222,0,0,240,0,0,-146,0,0,-172,0,0,47,0,0,44,0,0,-10,0,0,-4,0,0,1 # compose_4x6 r=4
735,0,0,-2922,-1461,0,4860,4860,1215,-4320,-6480,-3240,1620,4320,3240,504,-1305,-1440,-656,12,222,160,60,12,1 # compose_6x4 r=4
5,0,0,16,-8,0,60,-60,15,160,-240,120,220,-480,360,72,-465,480,-176,-132,234,-160,60,-12,1 # compose_6x4 r=0
35,0,0,0,0,0,0,0,0,-11,0,0,11,0,0,0,0,0,1,0,0,-2,0,0,1 # compose_2x12 r=0
34,0,0,0,0,0,0,0,0,-10,0,0,10,0,0,0,0,0,1,0,0,-2,0,0,1 # compose_2x12 r=0
13,0,0,0,20,0,0,0,4,0,0,0,10,0,0,0,4,0,0,0,0,0,0,0,1 # compose_2x12 r=0
14,0,0,0,0,0,0,12,0,0,0,0,6,0,4,0,0,0,0,4,0,0,0,0,1 # compose_2x12 r=0
623,0,0,0,-499,0,-499,0,150,0,300,0,130,0,-60,0,-59,0,-16,0,6,0,4,0,1 # compose_4x6 r=0
51,-13,1,0,0,0,0,0,0,0,0,0,-13,2,0,0,0,0,0,0,0,0,0,0,1 # compose_2x12 r=0
257,0,0,0,512,0,256,0,384,0,384,0,224,0,192,0,112,0,48,0,24,0,8,0,1 # compose_4x6 r=0
257,0,0,0,0,0,257,0,0,0,0,0,96,0,0,0,0,0,16,0,0,0,0,0,1 # compose_4x6 r=0
13,0,-9,0,1,0,0,0,0,0,0,0,-9,0,2,0,0,0,0,0,0,0,0,0,1 # compose_2x12 r=4
16,0,0,0,0,0,0,-7,0,0,0,0,7,0,1,0,0,0,0,-2,0,0,0,0,1 # compose_2x12 r=0
37,0,0,0,0,0,0,0,0,-11,0,0,11,0,0,0,0,0,1,0,0,-2,0,0,1 # compose_2x12 r=0
633,0,-502,0,150,0,482,0,-299,0,60,0,146,0,-60,0,6,0,20,0,-4,0,0,0,1 # compose_4x6 r=0
15609,-37494,37500,-20000,-12747,36540,-29936,12000,6975,-14808,9000,-2400,-2260,3000,-1200,160,375,-300,60,0,-30,12,0,0,1 # compose_6x4 r=4
38,0,0,0,0,0,0,0,-11,0,0,0,11,0,0,0,1,0,0,0,-2,0,0,0,1 # compose_2x12 r=0
3,0,-5,0,20,0,-50,0,90,0,-126,0,141,0,-126,0,90,0,-50,0,21,0,-6,0,1 # compose_6x4 r=0
127,0,321,0,30,0,-493,0,-205,0,356,0,153,0,-160,0,-44,0,45,0,2,0,-6,0,1 # compose_6x4 r=0
7,0,0,0,0,0,0,6,0,0,0,0,6,0,1,0,0,0,0,2,0,0,0,0,1 # compose_2x12 r=0
9,0,0,0,0,0,-13,0,13,0,0,0,6,0,-12,0,6,0,-1,0,3,0,-3,0,1 # compose_3x8 r=0
62,0,0,-190,-190,0,240,480,240,-160,-480,-480,-100,240,360,228,0,-120,-119,-54,3,20,15,6,1 # compose_6x4 r=0
15,0,0,0,-14,0,0,0,4,0,0,0,-7,0,0,0,4,0,0,0,0,0,0,0,1 # compose_2x12 r=0
15247,0,-37050,0,55845,0,-57296,0,45294,0,-27942,0,13961,0,-5592,0,1815,0,-460,0,90,0,-12,0,1 # compose_6x4 r=0
6,0,0,0,0,12,6,0,0,0,24,24,6,0,0,32,48,24,4,0,16,32,24,8,1 # compose_4x6 r=0
47086,0,0,0,46872,0,0,0,19476,0,0,0,4322,0,0,0,540,0,0,0,36,0,0,0,1 # compose_6x4 r=0
4,0,0,0,0,0,0,0,0,0,0,-2,-1,0,0,0,0,0,0,0,0,0,4,4,1 # compose_2x12 r=0
14,0,0,0,0,12,0,0,0,0,4,0,-6,0,0,0,0,-4,0,0,0,0,0,0,1 # compose_2x12 r=0
1093,4010,6196,5144,411,-5588,-7652,-4832,29,3666,3624,1520,-403,-1208,-760,-160,151,190,60,0,-19,-12,0,0,1 # compose_6x4 r=0
51,0,0,0,0,0,0,0,-13,0,0,0,13,0,0,0,1,0,0,0,-2,0,0,0,1 # compose_2x12 r=0
225,0,-218,0,72,0,-8,0,109,0,-72,0,12,0,0,0,18,0,-6,0,0,0,0,0,1 # compose_3x8 r=0
15,0,0,5,0,0,1,0,0,0,0,0,5,0,0,2,0,0,0,0,0,0,0,0,1 # compose_2x12 r=0
11,0,0,0,0,-48,24,0,0,0,88,-88,22,0,0,-64,96,-48,8,0,16,-32,24,-8,1 # compose_4x6 r=0
142,0,0,0,78,0,0,0,93,0,0,0,31,0,0,0,18,0,0,0,3,0,0,0,1 # compose_3x8 r=0
649,0,0,-2754,-1377,0,4752,4752,1188,-4296,-6444,-3222,1623,4320,3240,504,-1305,-1440,-656,12,222,160,60,12,1 # compose_6x4 r=4
34,0,30,0,9,0,1,0,30,0,18,0,3,0,0,0,9,0,3,0,0,0,0,0,1 # compose_3x8 r=0
47087,0,93744,0,124776,0,112480,0,79980,0,44364,0,20226,0,7392,0,2220,0,520,0,96,0,12,0,1 # compose_6x4 r=0
46871,0,0,93528,46764,0,77832,77832,19458,34568,51852,25926,12961,17280,12960,5472,3420,2880,1504,552,276,160,60,12,1 # compose_6x4 r=0
43,0,0,0,0,-15,0,0,0,0,1,0,15,0,0,0,0,-2,0,0,0,0,0,0,1 # compose_2x12 r=0
15502,0,-18675,0,28035,0,-21219,0,17232,0,-9027,0,4900,0,-1806,0,690,0,-170,0,45,0,-6,0,1 # compose_6x4 r=0
16,0,0,0,0,0,0,0,0,0,18,0,-9,0,0,0,0,0,0,0,4,0,-4,0,1 # compose_2x12 r=4
13,0,0,0,-16,0,0,0,4,0,0,0,8,0,0,0,-4,0,0,0,0,0,0,0,1 # compose_2x12 r=0
4161,-6192,3852,-1281,-5952,7680,-3842,960,3732,-3837,1440,-240,-1266,960,-240,20,240,-120,15,0,-24,6,0,0,1 # compose_6x4 r=0
622,0,0,499,0,0,649,0,0,320,0,0,211,0,0,64,0,0,26,0,0,4,0,0,1 # compose_4x6 r=0
205,0,0,-215,0,0,300,0,0,-185,0,0,131,0,0,-49,0,0,21,0,0,-4,0,0,1 # compose_4x6 r=0
29,-10,1,0,0,0,0,0,0,0,0,0,10,-2,0,0,0,0,0,0,0,0,0,0,1 # compose_2x12 r=0
80,0,-214,0,216,0,11,0,-200,0,144,0,22,0,-72,0,24,0,12,0,-8,0,0,0,1 # compose_4x6 r=0
87,0,-456,0,804,0,-272,0,-738,0,558,0,381,0,-288,0,-180,0,40,0,48,0,12,0,1 # compose_6x4 r=4
242,0,0,0,0,-496,-248,0,0,0,380,380,95,0,0,-128,-192,-96,-16,0,16,32,24,8,1 # compose_4x6 r=0
4085,0,-12282,0,21501,0,-25600,0,23040,0,-16128,0,9024,0,-4032,0,1440,0,-400,0,84,0,-12,0,1 # compose_6x4 r=0
697,0,-530,0,153,0,510,0,-305,0,60,0,149,0,-60,0,6,0,20,0,-4,0,0,0,1 # compose_4x6 r=0
10,0,0,0,0,0,0,0,8,0,0,0,8,0,0,0,1,0,0,0,2,0,0,0,1 # compose_2x12 r=0
1,0,0,7,7,0,15,30,15,20,60,60,35,60,90,66,45,60,61,36,21,20,15,6,1 # compose_6x4 r=0
75,0,0,0,107,0,107,0,54,0,108,0,66,0,36,0,37,0,16,0,6,0,4,0,1 # compose_4x6 r=0
214,0,0,0,0,0,0,-108,108,0,0,0,0,0,18,-36,18,0,0,0,0,-1,3,-3,1 # compose_3x8 r=0
4291,6288,3876,1283,6528,7776,3850,960,3996,3855,1440,240,1298,960,240,20,240,120,15,0,24,6,0,0,1 # compose_6x4 r=0
67,0,0,0,0,0,48,0,48,0,0,0,12,0,24,0,12,0,1,0,3,0,3,0,1 # compose_3x8 r=0
755,0,1485,0,-261,0,-1907,0,-264,0,1101,0,180,0,-366,0,-30,0,70,0,-3,0,-6,0,1 # compose_6x4 r=4
5,0,-3,0,1,0,0,0,0,0,0,0,-3,0,2,0,0,0,0,0,0,0,0,0,1 # compose_2x12 r=0
6,0,0,0,0,0,0,0,0,0,0,0,1,0,0,0,0,0,0,0,0,0,0,0,1 # compose_2x12 r=0
46,0,0,0,-12,0,0,0,1,0,0,0,-12,0,0,0,2,0,0,0,0,0,0,0,1 # compose_2x12 r=0
15628,0,37500,0,56250,0,57500,0,45375,0,27960,0,13964,0,5592,0,1815,0,460,0,90,0,12,0,1 # compose_6x4 r=0
22,0,0,0,0,0,0,0,0,0,0,16,8,0,0,0,0,0,0,0,0,0,4,4,1 # compose_2x12 r=0
42,0,0,0,0,0,0,0,0,0,-14,0,14,0,0,0,0,0,0,0,1,0,-2,0,1 # compose_2x12 r=0
1,0,0,0,0,0,20,0,0,0,0,0,21,0,0,0,0,0,8,0,0,0,0,0,1 # compose_4x6 r=0
629,0,1002,0,600,0,661,0,616,0,240,0,182,0,120,0,24,0,20,0,8,0,0,0,1 # compose_4x6 r=0
55,0,0,360,-180,0,936,-936,234,1272,-1908,954,801,-1920,1440,-96,-900,960,-416,-72,228,-160,60,-12,1 # compose_6x4 r=4
739,2922,4860,4320,3621,5436,6544,4320,2655,3432,3240,1440,780,1080,720,160,135,180,60,0,18,12,0,0,1 # compose_6x4 r=0
3,0,2,0,1,0,0,0,0,0,0,0,-2,0,-2,0,0,0,0,0,0,0,0,0,1 # compose_2x12 r=0
7,0,0,0,0,0,0,0,0,0,0,-9,9,0,0,0,0,0,0,0,0,0,1,-2,1 # compose_2x12 r=0
726,0,-1456,0,-241,0,1890,0,-270,0,-1098,0,181,0,366,0,-30,0,-70,0,-3,0,6,0,1 # compose_6x4 r=0
43,0,0,0,0,0,0,0,0,0,26,0,13,0,0,0,0,0,0,0,4,0,4,0,1 # compose_2x12 r=0
726,0,-2916,0,3402,0,540,0,-3105,0,504,0,1324,0,-168,0,-345,0,-20,0,42,0,12,0,1 # compose_6x4 r=4
29,0,0,24,0,0,4,0,0,0,0,0,12,0,0,4,0,0,0,0,0,0,0,0,1 # compose_2x12 r=0
1,0,0,0,0,0,-1,0,1,0,0,0,3,0,-6,0,3,0,-1,0,3,0,-3,0,1 # compose_3x8 r=0
46675,-93318,77760,-34560,55299,-78912,51904,-17280,22320,-26112,12960,-2880,4560,-4320,1440,-160,540,-360,60,0,36,-12,0,0,1 # compose_6x4 r=0
19,0,0,0,0,0,0,0,0,10,0,0,10,0,0,0,0,0,1,0,0,2,0,0,1 # compose_2x12 r=0
15753,-18825,9390,-2501,-18450,18750,-7502,1500,9240,-7497,2250,-300,-2486,1500,-300,20,375,-150,15,0,-30,6,0,0,1 # compose_6x4 r=0
28,0,0,9,0,0,1,0,0,0,0,0,9,0,0,2,0,0,0,0,0,0,0,0,1 # compose_2x12 r=0
127,76,15,1,0,0,0,0,76,30,3,0,0,0,0,0,15,3,0,0,0,0,0,0,1 # compose_3x8 r=0
1187,0,0,0,0,-828,-828,0,0,0,213,426,213,0,0,-24,-72,-72,-24,0,1,4,6,4,1 # compose_4x6 r=4
1277,0,0,0,0,0,-861,0,0,0,0,0,216,0,0,0,0,0,-24,0,0,0,0,0,1 # compose_4x6 r=4
111,0,0,144,0,0,60,0,72,8,0,60,0,0,12,0,15,0,0,6,0,0,0,0,1 # compose_3x8 r=0
621,0,-998,0,600,0,339,0,-584,0,240,0,118,0,-120,0,24,0,20,0,-8,0,0,0,1 # compose_4x6 r=0
4094,0,-6143,0,9983,0,-8960,0,7920,0,-4824,0,2841,0,-1206,0,495,0,-140,0,39,0,-6,0,1 # compose_6x4 r=0
35,0,0,0,0,0,0,0,0,-11,0,0,-11,0,0,0,0,0,1,0,0,2,0,0,1 # compose_2x12 r=0
9,0,0,0,0,0,0,0,0,0,4,0,-4,0,0,0,0,0,0,0,1,0,-2,0,1 # compose_2x12 r=0
74,0,0,0,0,0,-106,0,0,0,0,0,54,0,0,0,0,0,-12,0,0,0,0,0,1 # compose_4x6 r=4
2,0,0,0,0,0,0,2,2,0,0,0,0,0,3,6,3,0,0,0,0,1,3,3,1 # compose_3x8 r=0
53,-14,1,0,0,0,0,0,0,0,0,0,14,-2,0,0,0,0,0,0,0,0,0,0,1 # compose_2x12 r=0
2,0,-6,0,6,0,-10,0,13,0,-12,0,10,0,-12,0,6,0,-4,0,4,0,0,0,1 # compose_4x6 r=4
32,0,0,0,-13,0,0,0,1,0,0,0,13,0,0,0,-2,0,0,0,0,0,0,0,1 # compose_2x12 r=0
10,0,0,0,0,0,0,6,0,0,0,0,3,0,4,0,0,0,0,4,0,0,0,0,1 # compose_2x12 r=0
3970,0,12096,0,9216,0,-5040,0,-7680,0,756,0,2626,0,-192,0,-480,0,80,0,36,0,-12,0,1 # compose_6x4 r=0
1367,0,888,0,218,0,-864,0,-435,0,-72,0,214,0,72,0,6,0,-24,0,-4,0,0,0,1 # compose_4x6 r=4
201,105,18,1,0,0,0,0,105,36,3,0,0,0,0,0,18,3,0,0,0,0,0,0,1 # compose_3x8 r=0
57,0,0,0,0,0,0,0,15,0,0,0,15,0,0,0,1,0,0,0,2,0,0,0,1 # compose_2x12 r=0
45,0,0,0,0,0,0,0,0,0,-13,0,13,0,0,0,0,0,0,0,1,0,-2,0,1 # compose_2x12 r=0
4081,0,0,0,6141,0,0,0,3840,0,0,0,1280,0,0,0,240,0,0,0,24,0,0,0,1 # compose_6x4 r=0
4033,6096,3828,1279,6336,7680,3838,960,3948,3843,1440,240,1294,960,240,20,240,120,15,0,24,6,0,0,1 # compose_6x4 r=0
22,0,0,0,0,0,0,0,0,0,0,-14,7,0,0,0,0,0,0,0,0,0,4,-4,1 # compose_2x12 r=0
14,0,0,0,0,0,0,0,0,0,0,-7,7,0,0,0,0,0,0,0,0,0,1,-2,1 # compose_2x12 r=0
15751,-18825,9390,-2501,-18450,18750,-7502,1500,9240,-7497,2250,-300,-2486,1500,-300,20,375,-150,15,0,-30,6,0,0,1 # compose_6x4 r=0
5,0,0,0,0,0,0,0,4,0,0,0,4,0,0,0,1,0,0,0,2,0,0,0,1 # compose_2x12 r=0
31,0,0,10,0,0,1,0,0,0,0,0,10,0,0,2,0,0,0,0,0,0,0,0,1 # compose_2x12 r=0
15639,-18753,9375,-2500,19128,-18780,7501,-1500,9525,-7506,2250,-300,2515,-1500,300,-20,375,-150,15,0,30,-6,0,0,1 # compose_6x4 r=0
46874,0,93528,0,124596,0,112400,0,79950,0,44358,0,20225,0,7392,0,2220,0,520,0,96,0,12,0,1 # compose_6x4 r=0
36,0,0,0,0,0,0,11,0,0,0,0,11,0,1,0,0,0,0,2,0,0,0,0,1 # compose_2x12 r=0
3,0,0,-9,-9,0,15,30,15,-20,-60,-60,-5,60,90,54,-15,-60,-59,-24,9,20,15,6,1 # compose_6x4 r=4
23,0,0,0,40,0,40,0,26,0,52,0,34,0,24,0,25,0,12,0,6,0,4,0,1 # compose_4x6 r=0
51,0,0,0,0,0,0,0,14,0,0,0,14,0,0,0,1,0,0,0,2,0,0,0,1 # compose_2x12 r=0
1,0,0,0,0,0,0,0,0,0,0,0,0,0,0,0,0,0,4,0,0,4,0,0,1 # compose_2x12 r=0
53,46,12,1,0,0,0,0,46,24,3,0,0,0,0,0,12,3,0,0,0,0,0,0,1 # compose_3x8 r=0
2,0,0,0,0,0,6,0,3,0,0,0,-12,0,-12,0,-3,0,8,0,12,0,6,0,1 # compose_3x8 r=0
4289,0,0,12576,6288,0,15504,15504,3876,10264,15396,7698,5123,7680,5760,2688,2160,1920,1024,432,264,160,60,12,1 # compose_6x4 r=0
4223,6240,3864,1282,6480,7752,3847,960,3984,3852,1440,240,1297,960,240,20,240,120,15,0,24,6,0,0,1 # compose_6x4 r=0
15503,0,-37350,0,56115,0,-57432,0,45348,0,-27954,0,13963,0,-5592,0,1815,0,-460,0,90,0,-12,0,1 # compose_6x4 r=0
207,0,0,-214,0,0,72,0,107,-8,0,-72,0,0,12,0,18,0,0,-6,0,0,0,0,1 # compose_3x8 r=0
49,0,0,0,26,0,0,0,4,0,0,0,13,0,0,0,4,0,0,0,0,0,0,0,1 # compose_2x12 r=0
18,0,0,0,0,0,0,0,10,0,0,0,-10,0,0,0,1,0,0,0,-2,0,0,0,1 # compose_2x12 r=4
227,0,-480,0,376,0,-368,0,392,0,-192,0,126,0,-96,0,24,0,-16,0,8,0,0,0,1 # compose_4x6 r=0
69,0,0,0,0,49,0,0,49,0,12,0,0,24,0,1,12,0,3,0,0,3,0,0,1 # compose_3x8 r=0
341,0,0,0,626,0,313,0,436,0,436,0,245,0,204,0,118,0,49,0,24,0,8,0,1 # compose_4x6 r=0
5,0,0,0,0,0,0,0,2,0,0,0,1,0,0,0,4,0,0,0,4,0,0,0,1 # compose_2x12 r=0
1279,-1722,864,-192,16,0,-861,864,-288,32,0,0,216,-144,24,0,0,0,-24,8,0,0,0,0,1 # compose_4x6 r=4
19,0,-20,0,4,0,0,0,0,0,0,0,10,0,-4,0,0,0,0,0,0,0,0,0,1 # compose_2x12 r=0
13,0,0,0,0,0,0,10,0,0,0,0,-5,0,4,0,0,0,0,-4,0,0,0,0,1 # compose_2x12 r=0
6,0,-24,0,72,0,-92,0,-3,0,156,0,-78,0,-168,0,15,0,100,0,54,0,12,0,1 # compose_6x4 r=0
46647,0,46654,0,-27214,0,-34560,0,7020,0,10836,0,-1259,0,-1806,0,195,0,160,0,-21,0,-6,0,1 # compose_6x4 r=0
47,0,0,0,0,0,0,15,0,0,0,0,15,0,1,0,0,0,0,2,0,0,0,0,1 # compose_2x12 r=0
265,0,259,0,96,0,-243,0,-191,0,-48,0,92,0,48,0,6,0,-16,0,-4,0,0,0,1 # compose_4x6 r=4
674,520,152,20,1,0,-520,-304,-60,-4,0,0,152,60,6,0,0,0,-20,-4,0,0,0,0,1 # compose_4x6 r=4
629,0,0,0,0,501,-501,0,0,0,150,-300,150,0,0,20,-60,60,-20,0,1,-4,6,-4,1 # compose_4x6 r=4
4102,0,0,0,6145,0,0,0,3840,0,0,0,1280,0,0,0,240,0,0,0,24,0,0,0,1 # compose_6x4 r=0
13,0,0,0,58,0,-29,0,96,0,-96,0,88,0,-96,0,64,0,-40,0,24,0,-8,0,1 # compose_4x6 r=0
15,0,0,-30,0,0,24,0,15,-8,0,-24,0,0,12,0,6,0,0,-6,0,0,0,0,1 # compose_3x8 r=0
261,0,0,0,257,0,257,0,96,0,192,0,112,0,48,0,49,0,20,0,6,0,4,0,1 # compose_4x6 r=0
1555,0,0,0,1970,0,-985,0,940,0,-940,0,435,0,-300,0,166,0,-57,0,24,0,-8,0,1 # compose_4x6 r=0
266,0,0,258,0,0,-162,0,0,-176,0,0,49,0,0,44,0,0,-10,0,0,-4,0,0,1 # compose_4x6 r=0
39,0,0,0,0,0,11,0,0,0,0,0,-10,0,0,0,0,0,-2,0,0,0,0,0,1 # compose_2x12 r=0
18,0,0,0,0,68,-34,0,0,0,96,-96,24,0,0,64,-96,48,-8,0,16,-32,24,-8,1 # compose_4x6 r=4
14,0,-28,0,24,0,-8,0,14,0,-24,0,12,0,0,0,6,0,-6,0,0,0,0,0,1 # compose_3x8 r=0
5,0,0,-5,0,0,1,0,0,0,0,0,-5,0,0,2,0,0,0,0,0,0,0,0,1 # compose_2x12 r=4
61,0,0,0,0,0,-96,0,48,0,0,0,48,0,-48,0,12,0,-8,0,12,0,-6,0,1 # compose_3x8 r=0
3,0,0,0,0,0,0,0,0,0,0,-6,-3,0,0,0,0,0,0,0,0,0,4,4,1 # compose_2x12 r=0
699,0,-1060,0,612,0,-690,0,628,0,-240,0,185,0,-120,0,24,0,-20,0,8,0,0,0,1 # compose_4x6 r=4
43,0,0,0,0,0,0,0,0,0,0,0,15,0,0,0,0,0,0,0,0,0,0,0,1 # compose_2x12 r=0
19,-35,24,-8,1,0,35,-48,24,-4,0,0,24,-24,6,0,0,0,8,-4,0,0,0,0,1 # compose_4x6 r=0
46637,0,0,0,-46653,0,0,0,19440,0,0,0,-4320,0,0,0,540,0,0,0,-36,0,0,0,1 # compose_6x4 r=4
737,0,-1461,0,2676,0,-2970,0,2970,0,-2178,0,1441,0,-726,0,330,0,-110,0,33,0,-6,0,1 # compose_6x4 r=0
249,0,0,0,-510,0,-255,0,384,0,384,0,-32,0,-192,0,-80,0,16,0,24,0,8,0,1 # compose_4x6 r=4
627,0,0,0,-500,0,500,0,150,0,-300,0,130,0,60,0,-59,0,16,0,6,0,-4,0,1 # compose_4x6 r=0
3907,12000,15216,10216,9840,15984,15388,7680,5724,7854,5760,1920,1517,1920,960,160,240,240,60,0,24,12,0,0,1 # compose_6x4 r=0
10,0,0,0,0,0,-8,0,0,0,0,0,9,0,0,0,0,0,-2,0,0,0,0,0,1 # compose_2x12 r=0
1299,0,-864,0,216,0,840,0,-431,0,72,0,212,0,-72,0,6,0,24,0,-4,0,0,0,1 # compose_4x6 r=0
19531,0,-44922,0,20703,0,20996,0,-16045,0,-4786,0,4437,0,920,0,-599,0,-150,0,29,0,12,0,1 # compose_6x4 r=0
10,0,0,0,0,0,-8,0,0,0,0,0,8,0,0,0,0,0,-4,0,0,0,0,0,1 # compose_2x12 r=0
5,0,0,-7,-7,0,15,30,15,-20,-60,-60,-5,60,90,54,-15,-60,-59,-24,9,20,15,6,1 # compose_6x4 r=0
27,0,0,0,0,0,0,-18,0,0,0,0,9,0,4,0,0,0,0,-4,0,0,0,0,1 # compose_2x12 r=0
46875,0,0,93528,-46764,0,77832,-77832,19458,34568,-51852,25926,4319,-17280,12960,-3168,-2340,2880,-1376,168,204,-160,60,-12,1 # compose_6x4 r=0
4,0,0,0,0,0,0,-3,0,0,0,0,-3,0,1,0,0,0,0,2,0,0,0,0,1 # compose_2x12 r=0
46,0,0,0,0,-26,0,0,0,0,4,0,-13,0,0,0,0,4,0,0,0,0,0,0,1 # compose_2x12 r=0
643,0,0,0,0,-503,-503,0,0,0,150,300,150,0,0,-20,-60,-60,-20,0,1,4,6,4,1 # compose_4x6 r=0
8,0,0,0,0,0,0,0,0,0,0,0,-2,0,0,0,0,0,0,0,0,0,0,0,1 # compose_2x12 r=0
67,0,-49,0,12,0,-1,0,49,0,-24,0,3,0,0,0,12,0,-3,0,0,0,0,0,1 # compose_3x8 r=0
24,0,0,0,0,0,0,0,9,0,0,0,9,0,0,0,1,0,0,0,2,0,0,0,1 # compose_2x12 r=0
1,0,0,-1,0,0,1,0,0,0,0,0,-1,0,0,2,0,0,0,0,0,0,0,0,1 # compose_2x12 r=0
645,0,0,0,1377,0,0,0,1188,0,0,0,537,0,0,0,135,0,0,0,18,0,0,0,1 # compose_6x4 r=0
257,0,0,0,0,-256,256,0,0,0,96,-192,96,0,0,-16,48,-48,16,0,1,-4,6,-4,1 # compose_4x6 r=0
17,-16,4,0,0,0,0,0,0,0,0,0,-8,4,0,0,0,0,0,0,0,0,0,0,1 # compose_2x12 r=0
5,-18,72,-168,231,-120,-188,480,-462,66,360,-480,219,120,-240,160,15,-60,60,0,-6,12,0,0,1 # compose_6x4 r=0
23,0,0,0,0,0,0,0,0,0,-22,0,-11,0,0,0,0,0,0,0,4,0,4,0,1 # compose_2x12 r=4
11,0,0,0,0,0,0,0,0,5,0,0,-5,0,0,0,0,0,1,0,0,-2,0,0,1 # compose_2x12 r=0
20,0,0,0,0,0,0,0,14,0,0,0,7,0,0,0,4,0,0,0,4,0,0,0,1 # compose_2x12 r=0
4033,0,0,-6096,-6096,0,3828,7656,3828,-1279,-3837,-3837,-1039,960,1440,936,120,-240,-239,-114,-9,20,15,6,1 # compose_6x4 r=0
4091,0,0,-12284,-6142,0,15360,15360,3840,-10240,-15360,-7680,2560,7680,5760,1152,-1680,-1920,-896,-48,216,160,60,12,1 # compose_6x4 r=0
18,0,0,12,0,0,4,0,0,0,0,0,-6,0,0,-4,0,0,0,0,0,0,0,0,1 # compose_2x12 r=0
4087,0,0,0,-6141,0,0,0,3840,0,0,0,-1280,0,0,0,240,0,0,0,-24,0,0,0,1 # compose_6x4 r=0
207,0,0,-464,0,0,140,0,0,244,0,0,-83,0,0,-64,0,0,8,0,0,8,0,0,1 # compose_4x6 r=4
15,0,0,0,0,0,0,5,0,0,0,0,-5,0,1,0,0,0,0,-2,0,0,0,0,1 # compose_2x12 r=0
29,0,0,0,0,0,0,0,-26,0,0,0,13,0,0,0,4,0,0,0,-4,0,0,0,1 # compose_2x12 r=0
142,0,0,0,0,0,0,-78,78,0,0,0,0,0,15,-30,15,0,0,0,0,-1,3,-3,1 # compose_3x8 r=0
1286,0,0,-862,0,0,1078,0,0,-456,0,0,289,0,0,-76,0,0,30,0,0,-4,0,0,1 # compose_4x6 r=0
15373,37200,37380,19984,-12600,-36420,-29912,-12000,6945,14796,9000,2400,-2258,-3000,-1200,-160,375,300,60,0,-30,-12,0,0,1 # compose_6x4 r=4
23,0,0,0,0,0,-20,0,0,0,0,0,14,0,0,0,0,0,-4,0,0,0,0,0,1 # compose_2x12 r=0
60,0,0,0,0,0,30,0,0,0,0,0,19,0,0,0,0,0,4,0,0,0,0,0,1 # compose_2x12 r=0
629,-1002,600,-160,16,0,501,-600,240,-32,0,0,150,-120,24,0,0,0,20,-8,0,0,0,0,1 # compose_4x6 r=0
3970,0,0,6048,6048,0,3816,7632,3816,1278,3834,3834,1518,960,1440,984,360,240,241,126,39,20,15,6,1 # compose_6x4 r=0
19,0,0,0,0,68,-34,0,0,0,96,-96,24,0,0,64,-96,48,-8,0,16,-32,24,-8,1 # compose_4x6 r=4
77,51,12,1,0,0,0,0,51,24,3,0,0,0,0,0,12,3,0,0,0,0,0,0,1 # compose_3x8 r=0
1402,0,0,1800,0,0,-24,0,0,-684,0,0,-53,0,0,112,0,0,0,0,0,-8,0,0,1 # compose_4x6 r=4
73,0,0,0,105,0,-105,0,54,0,-108,0,66,0,-36,0,37,0,-16,0,6,0,-4,0,1 # compose_4x6 r=4
257,0,0,0,0,-514,-257,0,0,0,384,384,96,0,0,-128,-192,-96,-16,0,16,32,24,8,1 # compose_4x6 r=4
1403,0,0,0,900,0,900,0,219,0,438,0,243,0,72,0,73,0,28,0,6,0,4,0,1 # compose_4x6 r=0
5,0,0,0,4,0,0,0,1,0,0,0,4,0,0,0,2,0,0,0,0,0,0,0,1 # compose_2x12 r=0
1370,0,0,0,-1776,0,-888,0,872,0,872,0,26,0,-288,0,-128,0,8,0,24,0,8,0,1 # compose_4x6 r=0
57,0,-180,0,204,0,-6,0,-188,0,144,0,19,0,-72,0,24,0,12,0,-8,0,0,0,1 # compose_4x6 r=0
1,0,0,0,0,0,10,0,5,0,0,0,12,0,12,0,3,0,8,0,12,0,6,0,1 # compose_3x8 r=0
16001,0,0,-18975,-18975,0,9420,18840,9420,-2503,-7509,-7509,-2128,1500,2250,1470,225,-300,-299,-144,-15,20,15,6,1 # compose_6x4 r=4
1,0,-9,0,24,0,-50,0,90,0,-126,0,141,0,-126,0,90,0,-50,0,21,0,-6,0,1 # compose_6x4 r=4
5,0,0,0,1,0,0,0,1,0,0,0,-1,0,0,0,-2,0,0,0,0,0,0,0,1 # compose_2x12 r=0
12,0,0,0,0,0,0,0,0,3,0,0,-3,0,0,0,0,0,1,0,0,-2,0,0,1 # compose_2x12 r=0
15751,0,0,-37650,18825,0,37560,-37560,9390,-20008,30012,-15006,8501,-12000,9000,-3960,2775,-2400,1264,-492,270,-160,60,-12,1 # compose_6x4 r=0
3966,0,0,0,6048,0,0,0,3816,0,0,0,1278,0,0,0,240,0,0,0,24,0,0,0,1 # compose_6x4 r=0
17,0,0,0,9,0,0,0,1,0,0,0,9,0,0,0,2,0,0,0,0,0,0,0,1 # compose_2x12 r=0
13,0,0,0,0,0,0,-13,13,0,0,0,0,0,6,-12,6,0,0,0,0,-1,3,-3,1 # compose_3x8 r=0
18,0,0,0,0,-12,0,0,0,0,4,0,-6,0,0,0,0,4,0,0,0,0,0,0,1 # compose_2x12 r=0
37,0,0,-60,0,0,36,0,30,-8,0,-36,0,0,12,0,9,0,0,-6,0,0,0,0,1 # compose_3x8 r=0
134,0,-154,0,60,0,-8,0,77,0,-60,0,12,0,0,0,15,0,-6,0,0,0,0,0,1 # compose_3x8 r=0
701,1060,612,160,16,0,530,612,240,32,0,0,153,120,24,0,0,0,20,8,0,0,0,0,1 # compose_4x6 r=0
12,0,0,0,0,0,0,6,0,0,0,0,3,0,4,0,0,0,0,4,0,0,0,0,1 # compose_2x12 r=0
3,0,0,0,0,0,0,0,0,0,0,-1,-1,0,0,0,0,0,0,0,0,0,1,2,1 # compose_2x12 r=0
258,0,0,512,0,0,640,0,0,512,0,0,304,0,0,128,0,0,40,0,0,8,0,0,1 # compose_4x6 r=0
723,0,0,2910,-1455,0,4860,-4860,1215,4320,-6480,3240,1620,-4320,3240,-504,-1305,1440,-656,-12,222,-160,60,-12,1 # compose_6x4 r=0
24,0,25,0,9,0,1,0,25,0,18,0,3,0,0,0,9,0,3,0,0,0,0,0,1 # compose_3x8 r=0
19,0,0,0,0,34,-34,0,0,0,24,-48,24,0,0,8,-24,24,-8,0,1,-4,6,-4,1 # compose_4x6 r=4
12,0,0,0,0,0,0,0,0,0,-3,0,-3,0,0,0,0,0,0,0,1,0,2,0,1 # compose_2x12 r=0
4291,0,0,0,-6288,0,0,0,3876,0,0,0,-1283,0,0,0,240,0,0,0,-24,0,0,0,1 # compose_6x4 r=0
13,0,0,26,0,0,24,0,13,8,0,24,0,0,12,0,6,0,0,6,0,0,0,0,1 # compose_3x8 r=0
17,0,0,0,0,0,0,0,0,0,-10,0,10,0,0,0,0,0,0,0,1,0,-2,0,1 # compose_2x12 r=0
4085,0,0,-6141,-6141,0,3840,7680,3840,-1280,-3840,-3840,-1040,960,1440,936,120,-240,-239,-114,-9,20,15,6,1 # compose_6x4 r=4
31,0,0,0,0,0,0,0,20,0,0,0,10,0,0,0,4,0,0,0,4,0,0,0,1 # compose_2x12 r=0
-5,0,0,-6,3,0,24,-24,6,136,-204,102,223,-480,360,72,-465,480,-176,-132,234,-160,60,-12,1 # compose_6x4 r=4
87,0,0,0,0,218,-109,0,0,0,216,-216,54,0,0,96,-144,72,-12,0,16,-32,24,-8,1 # compose_4x6 r=0
1,0,0,0,0,0,0,0,0,-5,0,0,-5,0,0,0,0,0,1,0,0,2,0,0,1 # compose_2x12 r=4
52,0,0,0,0,0,-26,0,0,0,0,0,-9,0,0,0,0,0,4,0,0,0,0,0,1 # compose_2x12 r=0
1187,0,0,0,828,0,828,0,213,0,426,0,237,0,72,0,73,0,28,0,6,0,4,0,1 # compose_4x6 r=0
227,480,376,128,16,0,240,376,192,32,0,0,94,96,24,0,0,0,16,8,0,0,0,0,1 # compose_4x6 r=0
1,0,0,0,0,0,0,0,-12,0,0,0,-6,0,0,0,4,0,0,0,4,0,0,0,1 # compose_2x12 r=4
10,0,9,0,1,0,0,0,0,0,0,0,-9,0,-2,0,0,0,0,0,0,0,0,0,1 # compose_2x12 r=4
1257,0,0,0,0,0,-852,0,0,0,0,0,215,0,0,0,0,0,-24,0,0,0,0,0,1 # compose_4x6 r=4
4093,0,-6144,0,9984,0,-8960,0,7920,0,-4824,0,2841,0,-1206,0,495,0,-140,0,39,0,-6,0,1 # compose_6x4 r=0
5,0,0,0,-14,0,0,0,4,0,0,0,7,0,0,0,-4,0,0,0,0,0,0,0,1 # compose_2x12 r=4
5,0,0,0,0,0,0,10,0,0,0,0,-5,0,4,0,0,0,0,-4,0,0,0,0,1 # compose_2x12 r=4
631,0,0,-501,0,0,651,0,0,-320,0,0,211,0,0,-64,0,0,26,0,0,-4,0,0,1 # compose_4x6 r=0
15639,0,-37506,0,18747,0,17500,0,-14625,0,-3960,0,4164,0,792,0,-585,0,-140,0,30,0,12,0,1 # compose_6x4 r=4
4099,0,0,-6144,-6144,0,3840,7680,3840,-1280,-3840,-3840,-1040,960,1440,936,120,-240,-239,-114,-9,20,15,6,1 # compose_6x4 r=0
623,0,0,-998,0,0,1099,0,0,-760,0,0,406,0,0,-152,0,0,44,0,0,-8,0,0,1 # compose_4x6 r=0
13,0,0,0,0,0,0,0,9,0,0,0,9,0,0,0,1,0,0,0,2,0,0,0,1 # compose_2x12 r=0
602,0,0,0,0,0,490,0,0,0,0,0,149,0,0,0,0,0,20,0,0,0,0,0,1 # compose_4x6 r=0
226,0,0,0,0,0,220,0,110,0,0,0,72,0,72,0,18,0,8,0,12,0,6,0,1 # compose_3x8 r=0
15627,37500,37500,20000,-12750,-36540,-29936,-12000,6975,14808,9000,2400,-2260,-3000,-1200,-160,375,300,60,0,-30,-12,0,0,1 # compose_6x4 r=0
9,0,0,0,0,0,0,0,0,0,14,0,-7,0,0,0,0,0,0,0,4,0,-4,0,1 # compose_2x12 r=4
27,0,0,0,0,0,0,0,11,0,0,0,-11,0,0,0,1,0,0,0,-2,0,0,0,1 # compose_2x12 r=4
9,0,0,0,0,-3,0,0,0,0,1,0,-3,0,0,0,0,2,0,0,0,0,0,0,1 # compose_2x12 r=0
7,0,0,0,0,-40,-20,0,0,0,84,84,21,0,0,-64,-96,-48,-8,0,16,32,24,8,1 # compose_4x6 r=0
119,0,0,0,0,-148,0,0,74,0,60,0,0,-60,0,-8,15,0,12,0,0,-6,0,0,1 # compose_3x8 r=0
5,0,0,0,-12,0,-6,0,24,0,24,0,-26,0,-48,0,-8,0,28,0,24,0,8,0,1 # compose_4x6 r=0
127,0,0,0,0,0,0,76,76,0,0,0,0,0,15,30,15,0,0,0,0,1,3,3,1 # compose_3x8 r=0
15638,0,0,0,18753,0,0,0,9375,0,0,0,2500,0,0,0,375,0,0,0,30,0,0,0,1 # compose_6x4 r=0
58,0,0,-180,-180,0,234,468,234,-159,-477,-477,-99,240,360,228,0,-120,-119,-54,3,20,15,6,1 # compose_6x4 r=0
9,0,0,4,0,0,1,0,0,0,0,0,-4,0,0,-2,0,0,0,0,0,0,0,0,1 # compose_2x12 r=0
807,0,0,-1539,1539,0,1242,-2484,1242,-543,1629,-1629,678,-540,810,-558,225,-180,181,-96,33,-20,15,-6,1 # compose_6x4 r=0
26,0,0,0,0,-18,0,0,0,0,4,0,-9,0,0,0,0,4,0,0,0,0,0,0,1 # compose_2x12 r=0
137,0,-78,0,15,0,-1,0,78,0,-30,0,3,0,0,0,15,0,-3,0,0,0,0,0,1 # compose_3x8 r=0
23,0,0,0,0,0,0,0,0,18,0,0,9,0,0,0,0,0,4,0,0,4,0,0,1 # compose_2x12 r=0
341,0,-313,0,109,0,-330,0,219,0,-51,0,113,0,-51,0,6,0,-17,0,4,0,0,0,1 # compose_4x6 r=0
78,0,0,0,216,0,-108,0,216,0,-216,0,150,0,-144,0,88,0,-44,0,24,0,-8,0,1 # compose_4x6 r=4
3,0,0,0,-3,0,0,0,1,0,0,0,-3,0,0,0,2,0,0,0,0,0,0,0,1 # compose_2x12 r=0
1,0,0,0,0,0,-5,0,0,0,0,0,6,0,0,0,0,0,-2,0,0,0,0,0,1 # compose_2x12 r=4
3905,-12000,15216,-10216,9840,-15984,15388,-7680,5724,-7854,5760,-1920,1517,-1920,960,-160,240,-240,60,0,24,-12,0,0,1 # compose_6x4 r=0
1305,0,0,0,0,865,865,0,0,0,216,432,216,0,0,24,72,72,24,0,1,4,6,4,1 # compose_4x6 r=0
250,0,0,0,-254,0,-254,0,96,0,192,0,80,0,-48,0,-47,0,-12,0,6,0,4,0,1 # compose_4x6 r=0
3,0,0,0,0,0,-2,0,2,0,0,0,3,0,-6,0,3,0,-1,0,3,0,-3,0,1 # compose_3x8 r=0
7,0,42,0,119,0,140,0,-49,0,-238,0,-27,0,200,0,-19,0,-90,0,53,0,-12,0,1 # compose_6x4 r=0
16,0,0,10,0,0,4,0,0,0,0,0,-5,0,0,-4,0,0,0,0,0,0,0,0,1 # compose_2x12 r=0
43,0,0,0,-26,0,0,0,4,0,0,0,13,0,0,0,-4,0,0,0,0,0,0,0,1 # compose_2x12 r=0
6,0,0,0,0,0,12,0,6,0,0,0,12,0,12,0,3,0,8,0,12,0,6,0,1 # compose_3x8 r=0
105,0,0,0,126,0,126,0,57,0,114,0,69,0,36,0,37,0,16,0,6,0,4,0,1 # compose_4x6 r=0
15873,-18900,9405,-2502,-18525,18780,-7505,1500,9255,-7500,2250,-300,-2487,1500,-300,20,375,-150,15,0,-30,6,0,0,1 # compose_6x4 r=4
4226,6240,3864,1282,6480,7752,3847,960,3984,3852,1440,240,1297,960,240,20,240,120,15,0,24,6,0,0,1 # compose_6x4 r=0
43,0,0,-312,-156,0,888,888,222,-1256,-1884,-942,803,1920,1440,96,-900,-960,-416,72,228,160,60,12,1 # compose_6x4 r=0
15617,0,0,37496,18748,0,37500,37500,9375,20000,30000,15000,8500,12000,9000,3960,2775,2400,1264,492,270,160,60,12,1 # compose_6x4 r=0
101,0,-120,0,56,0,108,0,-111,0,36,0,52,0,-36,0,6,0,12,0,-4,0,0,0,1 # compose_4x6 r=0
1,0,5,0,3,0,1,0,5,0,6,0,3,0,0,0,3,0,3,0,0,0,0,0,1 # compose_3x8 r=0
41,0,0,0,0,0,0,0,0,0,26,0,-13,0,0,0,0,0,0,0,4,0,-4,0,1 # compose_2x12 r=4
46659,0,46656,0,-27216,0,-34560,0,7020,0,10836,0,-1259,0,-1806,0,195,0,160,0,-21,0,-6,0,1 # compose_6x4 r=0
15377,0,-18600,0,-9255,0,16192,0,2226,0,-6024,0,-397,0,1206,0,90,0,-130,0,-15,0,6,0,1 # compose_6x4 r=0
15643,0,-37506,0,18747,0,17500,0,-14625,0,-3960,0,4164,0,792,0,-585,0,-140,0,30,0,12,0,1 # compose_6x4 r=0
4101,0,12290,0,9215,0,-5120,0,-7680,0,768,0,2624,0,-192,0,-480,0,80,0,36,0,-12,0,1 # compose_6x4 r=0
89,0,0,-456,228,0,1032,-1032,258,-1304,1956,-978,1123,-1920,1440,-864,1020,-960,544,-312,252,-160,60,-12,1 # compose_6x4 r=0
41,0,0,0,28,0,0,0,4,0,0,0,-14,0,0,0,-4,0,0,0,0,0,0,0,1 # compose_2x12 r=4
3,0,4,0,4,0,0,0,0,0,0,0,-2,0,-4,0,0,0,0,0,0,0,0,0,1 # compose_2x12 r=0
25,0,0,0,0,18,0,0,0,0,4,0,9,0,0,0,0,4,0,0,0,0,0,0,1 # compose_2x12 r=0
263,0,0,0,0,0,258,0,0,0,0,0,96,0,0,0,0,0,16,0,0,0,0,0,1 # compose_4x6 r=0
19531,0,22461,0,-11670,0,-18811,0,2879,0,6740,0,-519,0,-1300,0,106,0,135,0,-16,0,-6,0,1 # compose_6x4 r=0
47086,0,0,93744,46872,0,77904,77904,19476,34576,51864,25932,12962,17280,12960,5472,3420,2880,1504,552,276,160,60,12,1 # compose_6x4 r=0
22,0,0,0,0,0,0,0,-22,0,0,0,-11,0,0,0,4,0,0,0,4,0,0,0,1 # compose_2x12 r=4
17,0,0,0,-16,0,0,0,4,0,0,0,8,0,0,0,-4,0,0,0,0,0,0,0,1 # compose_2x12 r=0
46871,0,0,0,46764,0,0,0,19458,0,0,0,4321,0,0,0,540,0,0,0,36,0,0,0,1 # compose_6x4 r=0
13,0,0,0,0,0,0,0,0,0,4,0,-4,0,0,0,0,0,0,0,1,0,-2,0,1 # compose_2x12 r=0
9,0,0,0,0,0,0,-13,13,0,0,0,0,0,6,-12,6,0,0,0,0,-1,3,-3,1 # compose_3x8 r=0
3,0,0,0,0,0,-3,0,0,-1,0,6,0,0,3,0,-3,0,0,-3,0,0,0,0,1 # compose_3x8 r=4
17,0,0,0,0,0,0,0,0,0,-7,0,7,0,0,0,0,0,0,0,1,0,-2,0,1 # compose_2x12 r=0
15621,-18749,9375,-2500,-18374,18720,-7499,1500,9225,-7494,2250,-300,-2485,1500,-300,20,375,-150,15,0,-30,6,0,0,1 # compose_6x4 r=0
43,0,0,0,26,0,0,0,4,0,0,0,-13,0,0,0,-4,0,0,0,0,0,0,0,1 # compose_2x12 r=0
5,0,0,15,15,0,24,48,24,23,69,69,38,60,90,66,45,60,61,36,21,20,15,6,1 # compose_6x4 r=0
19,0,0,50,0,0,36,0,25,8,0,36,0,0,12,0,9,0,0,6,0,0,0,0,1 # compose_3x8 r=0
62,0,-48,0,12,0,-1,0,48,0,-24,0,3,0,0,0,12,0,-3,0,0,0,0,0,1 # compose_3x8 r=0
1555,-985,235,-25,1,0,985,-470,75,-4,0,0,235,-75,6,0,0,0,25,-4,0,0,0,0,1 # compose_4x6 r=0
54,0,0,0,0,0,46,0,46,0,0,0,12,0,24,0,12,0,1,0,3,0,3,0,1 # compose_3x8 r=0
1282,0,0,1724,0,0,1726,0,0,1056,0,0,520,0,0,176,0,0,48,0,0,8,0,0,1 # compose_4x6 r=0
57,0,0,0,0,-47,0,0,47,0,12,0,0,-24,0,-1,12,0,3,0,0,-3,0,0,1 # compose_3x8 r=0
619,0,499,0,150,0,-479,0,-299,0,-60,0,146,0,60,0,6,0,-20,0,-4,0,0,0,1 # compose_4x6 r=4
48,0,0,0,0,0,0,30,0,0,0,0,15,0,4,0,0,0,0,4,0,0,0,0,1 # compose_2x12 r=0
37,0,12,0,1,0,0,0,0,0,0,0,12,0,2,0,0,0,0,0,0,0,0,0,1 # compose_2x12 r=0
4,0,12,0,28,0,38,0,44,0,48,0,39,0,24,0,24,0,4,0,8,0,0,0,1 # compose_4x6 r=0
1293,0,863,0,216,0,-839,0,-431,0,-72,0,212,0,72,0,6,0,-24,0,-4,0,0,0,1 # compose_4x6 r=0
2,0,0,0,0,-20,-20,0,0,0,21,42,21,0,0,-8,-24,-24,-8,0,1,4,6,4,1 # compose_4x6 r=4
12,0,0,0,0,0,0,0,0,0,-2,0,-2,0,0,0,0,0,0,0,1,0,2,0,1 # compose_2x12 r=0
250,0,0,0,-508,0,254,0,384,0,-384,0,-32,0,192,0,-80,0,-16,0,24,0,-8,0,1 # compose_4x6 r=0
21,0,0,0,0,0,0,0,7,0,0,0,7,0,0,0,1,0,0,0,2,0,0,0,1 # compose_2x12 r=0
29,0,0,0,0,0,0,0,0,0,-11,0,11,0,0,0,0,0,0,0,1,0,-2,0,1 # compose_2x12 r=0
19,0,0,0,0,0,-10,0,0,0,0,0,-9,0,0,0,0,0,2,0,0,0,0,0,1 # compose_2x12 r=4
75,0,0,0,0,-214,-107,0,0,0,216,216,54,0,0,-96,-144,-72,-12,0,16,32,24,8,1 # compose_4x6 r=4
26,0,0,0,0,0,0,20,0,0,0,0,-10,0,4,0,0,0,0,-4,0,0,0,0,1 # compose_2x12 r=0
2,0,0,0,0,0,0,0,0,0,0,-12,-6,0,0,0,0,0,0,0,0,0,4,4,1 # compose_2x12 r=4
13,0,10,0,4,0,0,0,0,0,0,0,5,0,4,0,0,0,0,0,0,0,0,0,1 # compose_2x12 r=0
230,0,0,0,0,-110,0,0,110,0,18,0,0,-36,0,-1,18,0,3,0,0,-3,0,0,1 # compose_3x8 r=0
26,0,0,0,0,0,0,0,-10,0,0,0,-10,0,0,0,1,0,0,0,2,0,0,0,1 # compose_2x12 r=0
7,0,0,0,0,0,0,0,0,0,5,0,-5,0,0,0,0,0,0,0,1,0,-2,0,1 # compose_2x12 r=0
5,0,0,0,0,0,0,-8,0,0,0,0,-8,0,1,0,0,0,0,2,0,0,0,0,1 # compose_2x12 r=4
98,0,240,0,224,0,-24,0,-208,0,-144,0,24,0,72,0,24,0,-12,0,-8,0,0,0,1 # compose_4x6 r=4
32,0,0,0,0,0,0,0,0,22,0,0,11,0,0,0,0,0,4,0,0,4,0,0,1 # compose_2x12 r=0
113,0,0,0,-144,0,0,0,132,0,0,0,-68,0,0,0,27,0,0,0,-6,0,0,0,1 # compose_3x8 r=0
4159,0,-6192,0,-2340,0,6423,0,249,0,-2907,0,40,0,726,0,15,0,-100,0,-9,0,6,0,1 # compose_6x4 r=4
17,0,0,0,0,0,0,0,0,14,0,0,7,0,0,0,0,0,4,0,0,4,0,0,1 # compose_2x12 r=0
46442,0,-46548,0,65970,0,-43163,0,32919,0,-15153,0,7740,0,-2526,0,915,0,-200,0,51,0,-6,0,1 # compose_6x4 r=0
9,0,0,0,5,0,0,0,1,0,0,0,-5,0,0,0,-2,0,0,0,0,0,0,0,1 # compose_2x12 r=0
18,0,0,0,-32,0,32,0,24,0,-48,0,16,0,24,0,-23,0,4,0,6,0,-4,0,1 # compose_4x6 r=0
15747,0,0,0,18825,0,0,0,9390,0,0,0,2501,0,0,0,375,0,0,0,30,0,0,0,1 # compose_6x4 r=0
30,0,0,0,0,0,-54,0,27,0,0,0,36,0,-36,0,9,0,-8,0,12,0,-6,0,1 # compose_3x8 r=0
1,0,0,-10,5,0,60,-60,15,-160,240,-120,260,-480,360,-312,495,-480,304,-252,246,-160,60,-12,1 # compose_6x4 r=0
15,0,0,0,12,0,0,0,4,0,0,0,6,0,0,0,4,0,0,0,0,0,0,0,1 # compose_2x12 r=0
4,0,0,1,0,0,1,0,0,0,0,0,-1,0,0,-2,0,0,0,0,0,0,0,0,1 # compose_2x12 r=0
31,0,0,-29,0,0,9,0,29,-1,0,-18,0,0,3,0,9,0,0,-3,0,0,0,0,1 # compose_3x8 r=0
1366,0,888,0,218,0,912,0,437,0,72,0,222,0,72,0,6,0,24,0,4,0,0,0,1 # compose_4x6 r=0
29,0,0,20,0,0,4,0,0,0,0,0,10,0,0,4,0,0,0,0,0,0,0,0,1 # compose_2x12 r=0
47,0,0,0,0,0,0,0,-24,0,0,0,-12,0,0,0,4,0,0,0,4,0,0,0,1 # compose_2x12 r=0
2,0,0,0,0,0,0,0,0,0,0,-14,-7,0,0,0,0,0,0,0,0,0,4,4,1 # compose_2x12 r=4
47,0,0,0,0,-24,0,0,0,0,4,0,-12,0,0,0,0,4,0,0,0,0,0,0,1 # compose_2x12 r=0
127,0,0,0,0,0,-75,0,75,0,0,0,15,0,-30,0,15,0,-1,0,3,0,-3,0,1 # compose_3x8 r=0
73,0,0,0,-204,0,102,0,212,0,-212,0,-43,0,144,0,-56,0,-20,0,24,0,-8,0,1 # compose_4x6 r=0
34,0,0,0,0,60,0,0,30,0,36,0,0,36,0,8,9,0,12,0,0,6,0,0,1 # compose_3x8 r=0
55,0,0,189,-189,0,240,-480,240,160,-480,480,-100,-240,360,-228,0,120,-119,54,3,-20,15,-6,1 # compose_6x4 r=4
10,0,0,0,10,0,0,0,4,0,0,0,5,0,0,0,4,0,0,0,0,0,0,0,1 # compose_2x12 r=0
46222,0,0,-92880,46440,0,77616,-77616,19404,-34544,51816,-25908,12958,-17280,12960,-5472,3420,-2880,1504,-552,276,-160,60,-12,1 # compose_6x4 r=0
43,0,0,0,0,0,0,0,-28,0,0,0,-14,0,0,0,4,0,0,0,4,0,0,0,1 # compose_2x12 r=4
27,0,0,0,0,0,0,0,9,0,0,0,-9,0,0,0,1,0,0,0,-2,0,0,0,1 # compose_2x12 r=0
35,0,0,0,0,0,0,0,0,0,0,0,13,0,0,0,0,0,0,0,0,0,0,0,1 # compose_2x12 r=0
15613,-37496,37500,-20000,-12748,36540,-29936,12000,6975,-14808,9000,-2400,-2260,3000,-1200,160,375,-300,60,0,-30,12,0,0,1 # compose_6x4 r=4
45,0,0,0,0,-12,0,0,0,0,1,0,12,0,0,0,0,-2,0,0,0,0,0,0,1 # compose_2x12 r=0
50,0,0,0,0,0,-26,0,0,0,0,0,-9,0,0,0,0,0,4,0,0,0,0,0,1 # compose_2x12 r=0
7,0,0,0,0,0,0,0,10,0,0,0,-5,0,0,0,4,0,0,0,-4,0,0,0,1 # compose_2x12 r=0
15249,0,0,0,-18525,0,0,0,9330,0,0,0,-2497,0,0,0,375,0,0,0,-30,0,0,0,1 # compose_6x4 r=4
5,0,0,0,0,0,10,0,5,0,0,0,12,0,12,0,3,0,8,0,12,0,6,0,1 # compose_3x8 r=0
35,0,0,-30,0,0,9,0,30,-1,0,-18,0,0,3,0,9,0,0,-3,0,0,0,0,1 # compose_3x8 r=0
30,0,0,0,0,0,0,0,-20,0,0,0,-10,0,0,0,4,0,0,0,4,0,0,0,1 # compose_2x12 r=0
1293,0,1728,0,864,0,1056,0,880,0,288,0,248,0,144,0,24,0,24,0,8,0,0,0,1 # compose_4x6 r=0
15629,-18751,9375,-2500,-18376,18720,-7499,1500,9225,-7494,2250,-300,-2485,1500,-300,20,375,-150,15,0,-30,6,0,0,1 # compose_6x4 r=4
18,0,0,0,0,34,34,0,0,0,24,48,24,0,0,8,24,24,8,0,1,4,6,4,1 # compose_4x6 r=0
1223,0,0,0,0,0,840,0,0,0,0,0,214,0,0,0,0,0,24,0,0,0,0,0,1 # compose_4x6 r=0
723,0,0,2914,1457,0,4860,4860,1215,4320,6480,3240,2700,4320,3240,1656,1575,1440,784,372,258,160,60,12,1 # compose_6x4 r=0
11,0,0,0,0,0,0,1,0,0,0,0,1,0,1,0,0,0,0,2,0,0,0,0,1 # compose_2x12 r=0
259,0,0,256,0,0,352,0,0,208,0,0,145,0,0,52,0,0,22,0,0,4,0,0,1 # compose_4x6 r=0
14,0,0,0,0,0,0,0,0,0,0,12,6,0,0,0,0,0,0,0,0,0,4,4,1 # compose_2x12 r=0
1304,0,865,0,216,0,-841,0,-431,0,-72,0,212,0,72,0,6,0,-24,0,-4,0,0,0,1 # compose_4x6 r=0
3,0,0,0,0,11,0,0,11,0,6,0,0,12,0,1,6,0,3,0,0,3,0,0,1 # compose_3x8 r=0
26,0,0,0,0,-88,-44,0,0,0,108,108,27,0,0,-64,-96,-48,-8,0,16,32,24,8,1 # compose_4x6 r=4
602,0,-490,0,149,0,-510,0,299,0,-60,0,153,0,-60,0,6,0,-20,0,4,0,0,0,1 # compose_4x6 r=0
14,0,0,0,-6,0,0,0,1,0,0,0,6,0,0,0,-2,0,0,0,0,0,0,0,1 # compose_2x12 r=0
2,0,0,-4,4,0,15,-30,15,-20,60,-60,35,-60,90,-66,45,-60,61,-36,21,-20,15,-6,1 # compose_6x4 r=0
8,0,0,0,0,4,0,0,0,0,1,0,-4,0,0,0,0,-2,0,0,0,0,0,0,1 # compose_2x12 r=0
2,0,0,0,0,0,-4,0,2,0,0,0,12,0,-12,0,3,0,-8,0,12,0,-6,0,1 # compose_3x8 r=0
30,0,0,0,0,0,0,0,-10,0,0,0,10,0,0,0,1,0,0,0,-2,0,0,0,1 # compose_2x12 r=0
27,0,0,0,0,-11,0,0,0,0,1,0,11,0,0,0,0,-2,0,0,0,0,0,0,1 # compose_2x12 r=0
1,0,0,0,3,0,3,0,6,0,12,0,10,0,12,0,13,0,8,0,6,0,4,0,1 # compose_4x6 r=0
243,0,-506,0,384,0,-381,0,400,0,-192,0,128,0,-96,0,24,0,-16,0,8,0,0,0,1 # compose_4x6 r=4
1303,0,0,1730,0,0,1729,0,0,1056,0,0,520,0,0,176,0,0,48,0,0,8,0,0,1 # compose_4x6 r=0
10,0,0,0,16,0,0,0,4,0,0,0,8,0,0,0,4,0,0,0,0,0,0,0,1 # compose_2x12 r=0
47307,0,46980,0,66474,0,43311,0,33003,0,15165,0,7744,0,2526,0,915,0,200,0,51,0,6,0,1 # compose_6x4 r=0
31,0,0,-98,0,0,75,0,0,52,0,0,-61,0,0,-22,0,0,15,0,0,8,0,0,1 # compose_4x6 r=0
15638,-18752,9375,-2500,-18377,18720,-7499,1500,9225,-7494,2250,-300,-2485,1500,-300,20,375,-150,15,0,-30,6,0,0,1 # compose_6x4 r=0
13,0,0,0,0,0,0,0,0,0,0,-6,-3,0,0,0,0,0,0,0,0,0,4,4,1 # compose_2x12 r=0
5,0,0,0,0,0,0,0,10,0,0,0,-5,0,0,0,4,0,0,0,-4,0,0,0,1 # compose_2x12 r=4
13,0,0,0,0,0,0,0,0,-8,0,0,-8,0,0,0,0,0,1,0,0,2,0,0,1 # compose_2x12 r=4
111,0,0,0,252,0,-126,0,228,0,-228,0,153,0,-144,0,88,0,-44,0,24,0,-8,0,1 # compose_4x6 r=0
65,0,0,0,0,-15,0,0,0,0,1,0,15,0,0,0,0,-2,0,0,0,0,0,0,1 # compose_2x12 r=0
15378,0,-18600,0,-9255,0,16192,0,2226,0,-6024,0,-397,0,1206,0,90,0,-130,0,-15,0,6,0,1 # compose_6x4 r=0
15873,37800,37620,20016,24900,38580,30088,12000,11805,15204,9000,2400,2742,3000,1200,160,375,300,60,0,30,12,0,0,1 # compose_6x4 r=0
15634,37504,37500,20000,-12752,-36540,-29936,-12000,6975,14808,9000,2400,-2260,-3000,-1200,-160,375,300,60,0,-30,-12,0,0,1 # compose_6x4 r=4
3,0,0,0,0,0,0,0,0,2,0,0,2,0,0,0,0,0,1,0,0,2,0,0,1 # compose_2x12 r=0
4,8,1,0,0,0,0,0,0,0,0,0,-8,-2,0,0,0,0,0,0,0,0,0,0,1 # compose_2x12 r=4
703,0,0,0,0,-530,530,0,0,0,153,-306,153,0,0,-20,60,-60,20,0,1,-4,6,-4,1 # compose_4x6 r=0
-1,0,0,0,0,3,0,0,0,0,1,0,-3,0,0,0,0,-2,0,0,0,0,0,0,1 # compose_2x12 r=4
59,0,-92,0,48,0,-8,0,46,0,-48,0,12,0,0,0,12,0,-6,0,0,0,0,0,1 # compose_3x8 r=0
704,0,0,2862,-1431,0,4824,-4824,1206,4312,-6468,3234,1621,-4320,3240,-504,-1305,1440,-656,-12,222,-160,60,-12,1 # compose_6x4 r=0
13,0,0,0,0,0,0,0,0,4,0,0,-4,0,0,0,0,0,1,0,0,-2,0,0,1 # compose_2x12 r=0
4289,0,0,6288,6288,0,3876,7752,3876,1283,3849,3849,1523,960,1440,984,360,240,241,126,39,20,15,6,1 # compose_6x4 r=0
3967,0,0,6048,-6048,0,3816,-7632,3816,1278,-3834,3834,-1038,-960,1440,-936,120,240,-239,114,-9,-20,15,-6,1 # compose_6x4 r=4
4090,0,0,-12284,-6142,0,15360,15360,3840,-10240,-15360,-7680,2560,7680,5760,1152,-1680,-1920,-896,-48,216,160,60,12,1 # compose_6x4 r=0
29,0,12,0,1,0,0,0,0,0,0,0,-12,0,-2,0,0,0,0,0,0,0,0,0,1 # compose_2x12 r=4
19,0,0,0,0,0,0,0,0,9,0,0,9,0,0,0,0,0,1,0,0,2,0,0,1 # compose_2x12 r=0
208,0,0,0,214,0,0,0,179,0,0,0,80,0,0,0,30,0,0,0,6,0,0,0,1 # compose_3x8 r=0
15617,0,0,-18748,-18748,0,9375,18750,9375,-2500,-7500,-7500,-2125,1500,2250,1470,225,-300,-299,-144,-15,20,15,6,1 # compose_6x4 r=0
2,0,0,0,0,0,0,0,16,0,16,0,-28,0,-48,0,-8,0,28,0,24,0,8,0,1 # compose_4x6 r=0
46637,0,93306,0,124413,0,112320,0,79920,0,44352,0,20224,0,7392,0,2220,0,520,0,96,0,12,0,1 # compose_6x4 r=0
4157,0,0,0,6192,0,0,0,3852,0,0,0,1281,0,0,0,240,0,0,0,24,0,0,0,1 # compose_6x4 r=0
205,0,0,0,-215,0,215,0,85,0,-170,0,70,0,45,0,-44,0,11,0,6,0,-4,0,1 # compose_4x6 r=0
7,0,14,0,4,0,0,0,0,0,0,0,-7,0,-4,0,0,0,0,0,0,0,0,0,1 # compose_2x12 r=4
1331,876,217,24,1,0,-876,-434,-72,-4,0,0,217,72,6,0,0,0,-24,-4,0,0,0,0,1 # compose_4x6 r=4
11,0,-9,0,1,0,0,0,0,0,0,0,-9,0,2,0,0,0,0,0,0,0,0,0,1 # compose_2x12 r=4
73,0,51,0,12,0,1,0,51,0,24,0,3,0,0,0,12,0,3,0,0,0,0,0,1 # compose_3x8 r=0
27,0,0,0,-22,0,0,0,4,0,0,0,11,0,0,0,-4,0,0,0,0,0,0,0,1 # compose_2x12 r=0
15,0,0,0,5,0,0,0,1,0,0,0,5,0,0,0,2,0,0,0,0,0,0,0,1 # compose_2x12 r=0
5,0,0,0,0,0,0,0,0,0,0,1,-1,0,0,0,0,0,0,0,0,0,1,-2,1 # compose_2x12 r=0
725,0,-1457,0,-242,0,1890,0,-270,0,-1098,0,181,0,366,0,-30,0,-70,0,-3,0,6,0,1 # compose_6x4 r=4
31,0,0,0,0,0,0,22,0,0,0,0,11,0,4,0,0,0,0,4,0,0,0,0,1 # compose_2x12 r=0
32,0,0,0,0,22,0,0,0,0,4,0,-11,0,0,0,0,-4,0,0,0,0,0,0,1 # compose_2x12 r=0
31,0,0,0,24,0,0,0,4,0,0,0,-12,0,0,0,-4,0,0,0,0,0,0,0,1 # compose_2x12 r=4
274,0,0,0,0,264,264,0,0,0,97,194,97,0,0,16,48,48,16,0,1,4,6,4,1 # compose_4x6 r=0
16,0,-31,0,24,0,-39,0,49,0,-24,0,28,0,-24,0,6,0,-8,0,4,0,0,0,1 # compose_4x6 r=0
123,0,0,0,-150,0,0,0,135,0,0,0,-68,0,0,0,27,0,0,0,-6,0,0,0,1 # compose_3x8 r=0
113,0,-144,0,60,0,-8,0,72,0,-60,0,12,0,0,0,15,0,-6,0,0,0,0,0,1 # compose_3x8 r=0
29,0,0,0,0,0,0,0,-10,0,0,0,-10,0,0,0,1,0,0,0,2,0,0,0,1 # compose_2x12 r=0
3,0,0,0,0,-2,0,0,0,0,4,0,1,0,0,0,0,-4,0,0,0,0,0,0,1 # compose_2x12 r=0
6,0,0,0,0,0,-20,0,10,0,0,0,24,0,-24,0,6,0,-8,0,12,0,-6,0,1 # compose_3x8 r=0
46009,0,-46332,0,-26946,0,34455,0,6975,0,-10827,0,-1256,0,1806,0,195,0,-160,0,-21,0,6,0,1 # compose_6x4 r=4
1281,0,0,0,0,0,861,0,0,0,0,0,216,0,0,0,0,0,24,0,0,0,0,0,1 # compose_4x6 r=0
67,0,0,0,0,0,96,0,48,0,0,0,48,0,48,0,12,0,8,0,12,0,6,0,1 # compose_3x8 r=0
4094,0,0,0,-6143,0,0,0,3840,0,0,0,-1280,0,0,0,240,0,0,0,-24,0,0,0,1 # compose_6x4 r=0
15499,37350,37440,19992,24675,38400,30052,12000,11760,15186,9000,2400,2739,3000,1200,160,375,300,60,0,30,12,0,0,1 # compose_6x4 r=0
1405,900,219,24,1,0,-900,-438,-72,-4,0,0,219,72,6,0,0,0,-24,-4,0,0,0,0,1 # compose_4x6 r=0
15997,-37950,37680,-20024,24975,-38640,30100,-12000,11820,-15210,9000,-2400,2743,-3000,1200,-160,375,-300,60,0,30,-12,0,0,1 # compose_6x4 r=0
16,0,0,0,0,-6,0,0,0,0,1,0,6,0,0,0,0,-2,0,0,0,0,0,0,1 # compose_2x12 r=0
301,0,-280,0,99,0,-296,0,199,0,-48,0,103,0,-48,0,6,0,-16,0,4,0,0,0,1 # compose_4x6 r=4
29,0,0,0,0,0,0,0,0,0,-20,0,-10,0,0,0,0,0,0,0,4,0,4,0,1 # compose_2x12 r=0
118,0,-74,0,15,0,-1,0,74,0,-30,0,3,0,0,0,15,0,-3,0,0,0,0,0,1 # compose_3x8 r=0
29,0,0,0,0,0,0,-18,0,0,0,0,9,0,4,0,0,0,0,-4,0,0,0,0,1 # compose_2x12 r=0
41,0,0,0,0,0,0,0,0,0,0,-12,-12,0,0,0,0,0,0,0,0,0,1,2,1 # compose_2x12 r=0
28,0,-9,0,1,0,0,0,0,0,0,0,-9,0,2,0,0,0,0,0,0,0,0,0,1 # compose_2x12 r=0
1317,0,0,-867,0,0,-651,0,0,408,0,0,145,0,0,-68,0,0,-18,0,0,4,0,0,1 # compose_4x6 r=0
133,0,77,0,15,0,1,0,77,0,30,0,3,0,0,0,15,0,3,0,0,0,0,0,1 # compose_3x8 r=0
25,0,0,0,-35,0,35,0,24,0,-48,0,16,0,24,0,-23,0,4,0,6,0,-4,0,1 # compose_4x6 r=0
77,0,0,0,0,106,-106,0,0,0,54,-108,54,0,0,12,-36,36,-12,0,1,-4,6,-4,1 # compose_4x6 r=0
15623,0,0,-37498,-18749,0,37500,37500,9375,-20000,-30000,-15000,3500,12000,9000,2040,-2025,-2400,-1136,-108,210,160,60,12,1 # compose_6x4 r=0
105,0,252,0,228,0,-30,0,-212,0,-144,0,25,0,72,0,24,0,-12,0,-8,0,0,0,1 # compose_4x6 r=4
628,500,150,20,1,0,-500,-300,-60,-4,0,0,150,60,6,0,0,0,-20,-4,0,0,0,0,1 # compose_4x6 r=0
23,0,0,0,0,-80,-40,0,0,0,104,104,26,0,0,-64,-96,-48,-8,0,16,32,24,8,1 # compose_4x6 r=4
265,0,0,0,259,0,259,0,96,0,192,0,112,0,48,0,49,0,20,0,6,0,4,0,1 # compose_4x6 r=0
15377,0,0,0,-18600,0,0,0,9345,0,0,0,-2498,0,0,0,375,0,0,0,-30,0,0,0,1 # compose_6x4 r=0
1,0,0,0,0,0,0,0,0,0,0,-14,-7,0,0,0,0,0,0,0,0,0,4,4,1 # compose_2x12 r=4
26,0,0,-8,0,0,1,0,0,0,0,0,-8,0,0,2,0,0,0,0,0,0,0,0,1 # compose_2x12 r=0
23,0,0,0,0,0,0,0,0,0,18,0,-9,0,0,0,0,0,0,0,4,0,-4,0,1 # compose_2x12 r=0
23,0,0,0,0,0,0,0,0,0,-20,0,-10,0,0,0,0,0,0,0,4,0,4,0,1 # compose_2x12 r=4
247,0,0,-508,0,0,638,0,0,-512,0,0,304,0,0,-128,0,0,40,0,0,-8,0,0,1 # compose_4x6 r=0
78,216,216,96,16,0,108,216,144,32,0,0,54,72,24,0,0,0,12,8,0,0,0,0,1 # compose_4x6 r=0
15607,0,-18747,0,28122,0,-21250,0,17250,0,-9030,0,4901,0,-1806,0,690,0,-170,0,45,0,-6,0,1 # compose_6x4 r=0
15753,-18825,9390,-2501,19200,-18810,7504,-1500,9540,-7509,2250,-300,2516,-1500,300,-20,375,-150,15,0,30,-6,0,0,1 # compose_6x4 r=0
6,0,0,-8,8,0,15,-30,15,-20,60,-60,35,-60,90,-66,45,-60,61,-36,21,-20,15,-6,1 # compose_6x4 r=0
11,0,0,0,0,0,0,2,0,0,0,0,-2,0,1,0,0,0,0,-2,0,0,0,0,1 # compose_2x12 r=0
599,0,-490,0,149,0,470,0,-297,0,60,0,145,0,-60,0,6,0,20,0,-4,0,0,0,1 # compose_4x6 r=0
6,0,2,0,1,0,0,0,0,0,0,0,2,0,2,0,0,0,0,0,0,0,0,0,1 # compose_2x12 r=0
32,0,58,0,36,0,8,0,29,0,36,0,12,0,0,0,9,0,6,0,0,0,0,0,1 # compose_3x8 r=0
93,0,0,0,0,-228,-114,0,0,0,220,220,55,0,0,-96,-144,-72,-12,0,16,32,24,8,1 # compose_4x6 r=0
43,0,0,0,0,-15,0,0,0,0,1,0,-15,0,0,0,0,2,0,0,0,0,0,0,1 # compose_2x12 r=4
15632,-37502,37500,-20000,24751,-38460,30064,-12000,11775,-15192,9000,-2400,2740,-3000,1200,-160,375,-300,60,0,30,-12,0,0,1 # compose_6x4 r=0
5,0,0,0,-12,0,8,0,0,0,-12,0,12,0,0,0,-3,0,6,0,0,0,0,0,1 # compose_3x8 r=0
23,0,0,0,0,0,0,0,0,0,0,11,-11,0,0,0,0,0,0,0,0,0,1,-2,1 # compose_2x12 r=4
10,0,0,0,0,0,0,0,0,0,0,-9,-9,0,0,0,0,0,0,0,0,0,1,2,1 # compose_2x12 r=4
-5,0,0,0,0,-4,-2,0,0,0,12,12,3,0,0,32,48,24,4,0,16,32,24,8,1 # compose_4x6 r=4
235,0,-111,0,18,0,-1,0,111,0,-36,0,3,0,0,0,18,0,-3,0,0,0,0,0,1 # compose_3x8 r=0
122,0,0,0,0,0,0,-75,75,0,0,0,0,0,15,-30,15,0,0,0,0,-1,3,-3,1 # compose_3x8 r=0
2,0,8,0,4,0,0,0,0,0,0,0,4,0,4,0,0,0,0,0,0,0,0,0,1 # compose_2x12 r=0
15633,18752,9375,2500,19127,18780,7501,1500,9525,7506,2250,300,2515,1500,300,20,375,150,15,0,30,6,0,0,1 # compose_6x4 r=0
1303,0,0,0,0,0,865,0,0,0,0,0,216,0,0,0,0,0,24,0,0,0,0,0,1 # compose_4x6 r=0
54,0,0,0,0,0,0,14,0,0,0,0,-14,0,1,0,0,0,0,-2,0,0,0,0,1 # compose_2x12 r=0
207,106,18,1,0,0,0,0,106,36,3,0,0,0,0,0,18,3,0,0,0,0,0,0,1 # compose_3x8 r=0
15373,0,37200,0,18780,0,-17396,0,-14631,0,3948,0,4166,0,-792,0,-585,0,140,0,30,0,-12,0,1 # compose_6x4 r=4
34,0,0,0,0,0,0,11,0,0,0,0,11,0,1,0,0,0,0,2,0,0,0,0,1 # compose_2x12 r=0
725,0,0,-2912,-1456,0,4860,4860,1215,-4320,-6480,-3240,1620,4320,3240,504,-1305,-1440,-656,12,222,160,60,12,1 # compose_6x4 r=0
1191,0,0,0,0,1656,-828,0,0,0,852,-852,213,0,0,192,-288,144,-24,0,16,-32,24,-8,1 # compose_4x6 r=0
131,0,0,152,0,0,60,0,76,8,0,60,0,0,12,0,15,0,0,6,0,0,0,0,1 # compose_3x8 r=0
741,0,0,-1461,1461,0,1215,-2430,1215,-540,1620,-1620,675,-540,810,-558,225,-180,181,-96,33,-20,15,-6,1 # compose_6x4 r=0
226,0,0,0,110,0,0,0,128,0,0,0,37,0,0,0,21,0,0,0,3,0,0,0,1 # compose_3x8 r=0
4285,0,-6288,0,-2412,0,6469,0,267,0,-2913,0,38,0,726,0,15,0,-100,0,-9,0,6,0,1 # compose_6x4 r=4
250,0,0,-254,0,0,-158,0,0,176,0,0,49,0,0,-44,0,0,-10,0,0,4,0,0,1 # compose_4x6 r=0
53,0,0,0,0,0,13,0,0,0,0,0,-12,0,0,0,0,0,-2,0,0,0,0,0,1 # compose_2x12 r=0
14,0,0,-7,0,0,1,0,0,0,0,0,-7,0,0,2,0,0,0,0,0,0,0,0,1 # compose_2x12 r=0
3,0,0,0,0,0,0,0,-3,0,0,0,3,0,0,0,1,0,0,0,-2,0,0,0,1 # compose_2x12 r=0
47303,-46980,19494,-4323,47520,-39024,12970,-2160,19674,-12975,3240,-360,4338,-2160,360,-20,540,-180,15,0,36,-6,0,0,1 # compose_6x4 r=0
19,0,0,0,0,0,0,0,0,0,-8,0,-8,0,0,0,0,0,0,0,1,0,2,0,1 # compose_2x12 r=0
7,0,0,0,0,0,0,0,0,0,-4,0,4,0,0,0,0,0,0,0,1,0,-2,0,1 # compose_2x12 r=0
31,0,0,0,0,0,0,0,0,0,0,13,13,0,0,0,0,0,0,0,0,0,1,2,1 # compose_2x12 r=0
30,0,0,0,0,0,0,0,9,0,0,0,-9,0,0,0,1,0,0,0,-2,0,0,0,1 # compose_2x12 r=0
3,0,0,0,0,0,-12,0,6,0,0,0,12,0,-12,0,3,0,-8,0,12,0,-6,0,1 # compose_3x8 r=4
2,0,0,0,0,4,-2,0,0,0,20,-20,5,0,0,32,-48,24,-4,0,16,-32,24,-8,1 # compose_4x6 r=0
49,0,0,0,0,0,0,0,0,0,0,30,15,0,0,0,0,0,0,0,0,0,4,4,1 # compose_2x12 r=4
86,0,0,0,0,-109,-109,0,0,0,54,108,54,0,0,-12,-36,-36,-12,0,1,4,6,4,1 # compose_4x6 r=0
46635,0,0,-93306,-46653,0,77760,77760,19440,-34560,-51840,-25920,4320,17280,12960,3168,-2340,-2880,-1376,-168,204,160,60,12,1 # compose_6x4 r=4
20,0,0,0,0,0,0,0,0,0,0,11,-11,0,0,0,0,0,0,0,0,0,1,-2,1 # compose_2x12 r=4
13,0,0,0,3,0,0,0,1,0,0,0,-3,0,0,0,-2,0,0,0,0,0,0,0,1 # compose_2x12 r=0
781,0,0,-1172,0,0,1250,0,0,-832,0,0,434,0,0,-158,0,0,45,0,0,-8,0,0,1 # compose_4x6 r=0
17,0,0,0,14,0,0,0,4,0,0,0,7,0,0,0,4,0,0,0,0,0,0,0,1 # compose_2x12 r=0
26,0,0,0,0,0,0,8,0,0,0,0,-8,0,1,0,0,0,0,-2,0,0,0,0,1 # compose_2x12 r=0
27,0,0,0,9,0,0,0,1,0,0,0,9,0,0,0,2,0,0,0,0,0,0,0,1 # compose_2x12 r=0
15632,0,0,37502,-18751,0,37500,-37500,9375,20000,-30000,15000,3500,-12000,9000,-2040,-2025,2400,-1136,108,210,-160,60,-12,1 # compose_6x4 r=0
46439,0,0,46548,-46548,0,19422,-38844,19422,4319,-12957,12957,-3779,-2160,3240,-2124,360,360,-359,174,-21,-20,15,-6,1 # compose_6x4 r=4
4162,0,-6192,0,10044,0,-8985,0,7935,0,-4827,0,2842,0,-1206,0,495,0,-140,0,39,0,-6,0,1 # compose_6x4 r=0
218,0,0,0,0,0,108,0,108,0,0,0,18,0,36,0,18,0,1,0,3,0,3,0,1 # compose_3x8 r=0
29,0,0,0,0,0,0,0,0,22,0,0,11,0,0,0,0,0,4,0,0,4,0,0,1 # compose_2x12 r=0
46,0,0,0,0,0,0,24,0,0,0,0,12,0,4,0,0,0,0,4,0,0,0,0,1 # compose_2x12 r=0
62,0,0,0,0,0,0,-47,47,0,0,0,0,0,12,-24,12,0,0,0,0,-1,3,-3,1 # compose_3x8 r=0
633,0,0,0,-1002,0,-501,0,600,0,600,0,-10,0,-240,0,-104,0,12,0,24,0,8,0,1 # compose_4x6 r=0
12,0,0,0,0,0,-9,0,0,0,0,0,10,0,0,0,0,0,-2,0,0,0,0,0,1 # compose_2x12 r=0
674,0,0,0,-520,0,520,0,152,0,-304,0,132,0,60,0,-59,0,16,0,6,0,-4,0,1 # compose_4x6 r=0
1291,1726,864,192,16,0,-863,-864,-288,-32,0,0,216,144,24,0,0,0,-24,-8,0,0,0,0,1 # compose_4x6 r=0
1,0,0,0,4,0,-2,0,12,0,-12,0,-29,0,48,0,-8,0,-28,0,24,0,-8,0,1 # compose_4x6 r=0
30,0,0,0,0,0,0,0,-9,0,0,0,9,0,0,0,1,0,0,0,-2,0,0,0,1 # compose_2x12 r=0
219,216,72,8,0,0,0,0,108,72,12,0,0,0,0,0,18,6,0,0,0,0,0,0,1 # compose_3x8 r=0
13,0,0,0,31,0,-31,0,24,0,-48,0,32,0,-24,0,25,0,-12,0,6,0,-4,0,1 # compose_4x6 r=4
4087,0,0,0,-6142,0,0,0,3840,0,0,0,-1280,0,0,0,240,0,0,0,-24,0,0,0,1 # compose_6x4 r=4
731,0,-1458,0,-243,0,1890,0,-270,0,-1098,0,181,0,366,0,-30,0,-70,0,-3,0,6,0,1 # compose_6x4 r=0
39,0,0,0,0,0,0,0,-26,0,0,0,13,0,0,0,4,0,0,0,-4,0,0,0,1 # compose_2x12 r=0
46442,0,0,0,46548,0,0,0,19422,0,0,0,4319,0,0,0,540,0,0,0,36,0,0,0,1 # compose_6x4 r=0
18,0,0,0,0,-32,-32,0,0,0,24,48,24,0,0,-8,-24,-24,-8,0,1,4,6,4,1 # compose_4x6 r=0
43,0,0,0,0,0,0,0,0,0,0,0,14,0,0,0,0,0,0,0,0,0,0,0,1 # compose_2x12 r=0
290,272,98,16,1,0,-272,-196,-48,-4,0,0,98,48,6,0,0,0,-16,-4,0,0,0,0,1 # compose_4x6 r=0
678,1040,608,160,16,0,-520,-608,-240,-32,0,0,152,120,24,0,0,0,-20,-8,0,0,0,0,1 # compose_4x6 r=0
26,0,0,0,0,0,0,0,0,0,0,0,-12,0,0,0,0,0,0,0,0,0,0,0,1 # compose_2x12 r=4
16,0,0,0,0,0,0,-12,0,0,0,0,6,0,4,0,0,0,0,-4,0,0,0,0,1 # compose_2x12 r=0
205,0,0,0,0,-464,-232,0,0,0,372,372,93,0,0,-128,-192,-96,-16,0,16,32,24,8,1 # compose_4x6 r=4
10,0,0,0,60,0,30,0,96,0,96,0,88,0,96,0,64,0,40,0,24,0,8,0,1 # compose_4x6 r=0
4102,0,-6146,0,9986,0,-8960,0,7920,0,-4824,0,2841,0,-1206,0,495,0,-140,0,39,0,-6,0,1 # compose_6x4 r=0
37,24,4,0,0,0,0,0,0,0,0,0,12,4,0,0,0,0,0,0,0,0,0,0,1 # compose_2x12 r=0
4082,0,-12282,0,9219,0,5120,0,-7680,0,-768,0,2624,0,192,0,-480,0,-80,0,36,0,12,0,1 # compose_6x4 r=4
59,0,0,0,0,-92,0,0,46,0,48,0,0,-48,0,-8,12,0,12,0,0,-6,0,0,1 # compose_3x8 r=0
46646,0,-46654,0,-27214,0,34560,0,7020,0,-10836,0,-1259,0,1806,0,195,0,-160,0,-21,0,6,0,1 # compose_6x4 r=0
1,0,0,0,0,0,2,0,0,0,0,0,6,0,0,0,0,0,4,0,0,0,0,0,1 # compose_4x6 r=0
62,0,-96,0,48,0,-8,0,48,0,-48,0,12,0,0,0,12,0,-6,0,0,0,0,0,1 # compose_3x8 r=0
22,0,0,11,0,0,1,0,0,0,0,0,-11,0,0,-2,0,0,0,0,0,0,0,0,1 # compose_2x12 r=4
271,-518,384,-128,16,0,259,-384,192,-32,0,0,96,-96,24,0,0,0,16,-8,0,0,0,0,1 # compose_4x6 r=0
222,0,0,-480,0,0,616,0,0,-504,0,0,302,0,0,-128,0,0,40,0,0,-8,0,0,1 # compose_4x6 r=0
8,0,0,0,0,-22,0,0,11,0,24,0,0,-24,0,-8,6,0,12,0,0,-6,0,0,1 # compose_3x8 r=0
13,0,0,0,8,0,0,0,1,0,0,0,8,0,0,0,2,0,0,0,0,0,0,0,1 # compose_2x12 r=0
81,0,0,0,0,-218,-109,0,0,0,216,216,54,0,0,-96,-144,-72,-12,0,16,32,24,8,1 # compose_4x6 r=4
59,0,0,0,47,0,0,0,59,0,0,0,25,0,0,0,15,0,0,0,3,0,0,0,1 # compose_3x8 r=0
14,0,-7,0,1,0,0,0,0,0,0,0,7,0,-2,0,0,0,0,0,0,0,0,0,1 # compose_2x12 r=0
1,0,-12,0,28,0,-26,0,-12,0,48,0,-25,0,-24,0,24,0,4,0,-8,0,0,0,1 # compose_4x6 r=4
23,0,0,0,0,0,0,0,10,0,0,0,10,0,0,0,1,0,0,0,2,0,0,0,1 # compose_2x12 r=0
15999,0,-37950,0,18705,0,17656,0,-14616,0,-3978,0,4161,0,792,0,-585,0,-140,0,30,0,12,0,1 # compose_6x4 r=4
28,18,4,0,0,0,0,0,0,0,0,0,-9,-4,0,0,0,0,0,0,0,0,0,0,1 # compose_2x12 r=0
232,0,0,0,0,0,0,-111,111,0,0,0,0,0,18,-36,18,0,0,0,0,-1,3,-3,1 # compose_3x8 r=0
7,0,0,0,0,-11,0,0,11,0,6,0,0,-12,0,-1,6,0,3,0,0,-3,0,0,1 # compose_3x8 r=0
251,0,0,0,0,255,-255,0,0,0,96,-192,96,0,0,16,-48,48,-16,0,1,-4,6,-4,1 # compose_4x6 r=4
3,0,0,0,-4,0,4,0,6,0,-12,0,2,0,12,0,-11,0,0,0,6,0,-4,0,1 # compose_4x6 r=0
16,0,12,0,4,0,0,0,0,0,0,0,6,0,4,0,0,0,0,0,0,0,0,0,1 # compose_2x12 r=0
51,0,0,90,0,0,48,0,45,8,0,48,0,0,12,0,12,0,0,6,0,0,0,0,1 # compose_3x8 r=0
15878,18900,9405,2502,-18525,-18780,-7505,-1500,9255,7500,2250,300,-2487,-1500,-300,-20,375,150,15,0,-30,-6,0,0,1 # compose_6x4 r=0
33,0,0,0,0,-24,0,0,0,0,4,0,12,0,0,0,0,-4,0,0,0,0,0,0,1 # compose_2x12 r=0
243,0,0,0,253,0,253,0,96,0,192,0,112,0,48,0,49,0,20,0,6,0,4,0,1 # compose_4x6 r=0
622,0,0,0,0,0,-499,0,0,0,0,0,150,0,0,0,0,0,-20,0,0,0,0,0,1 # compose_4x6 r=0
15,0,0,0,0,0,0,0,9,0,0,0,-9,0,0,0,1,0,0,0,-2,0,0,0,1 # compose_2x12 r=4
112,0,0,0,0,-146,0,0,73,0,60,0,0,-60,0,-8,15,0,12,0,0,-6,0,0,1 # compose_3x8 r=0
5,0,0,0,0,0,8,0,0,0,0,0,9,0,0,0,0,0,2,0,0,0,0,0,1 # compose_2x12 r=0
137,0,0,0,0,77,0,0,77,0,15,0,0,30,0,1,15,0,3,0,0,3,0,0,1 # compose_3x8 r=0
79,0,0,0,-107,0,107,0,54,0,-108,0,42,0,36,0,-35,0,8,0,6,0,-4,0,1 # compose_4x6 r=0
1275,-1722,864,-192,16,0,-861,864,-288,32,0,0,216,-144,24,0,0,0,-24,8,0,0,0,0,1 # compose_4x6 r=4
13,0,0,0,0,0,0,0,0,0,0,-14,7,0,0,0,0,0,0,0,0,0,4,-4,1 # compose_2x12 r=0
7,0,0,0,0,0,0,0,0,0,14,0,7,0,0,0,0,0,0,0,4,0,4,0,1 # compose_2x12 r=0
59,0,-190,0,430,0,-640,0,780,0,-732,0,581,0,-366,0,195,0,-80,0,27,0,-6,0,1 # compose_6x4 r=0
727,0,0,-2914,-1457,0,4860,4860,1215,-4320,-6480,-3240,1620,4320,3240,504,-1305,-1440,-656,12,222,160,60,12,1 # compose_6x4 r=0
31,0,0,0,0,0,-11,0,0,0,0,0,12,0,0,0,0,0,-2,0,0,0,0,0,1 # compose_2x12 r=0
19,0,11,0,1,0,0,0,0,0,0,0,11,0,2,0,0,0,0,0,0,0,0,0,1 # compose_2x12 r=0
10,0,0,0,0,0,0,0,-6,0,0,0,-6,0,0,0,1,0,0,0,2,0,0,0,1 # compose_2x12 r=0
4107,0,0,-6146,6146,0,3840,-7680,3840,-1280,3840,-3840,1520,-960,1440,-984,360,-240,241,-126,39,-20,15,-6,1 # compose_6x4 r=0
237,0,0,496,0,0,628,0,0,508,0,0,303,0,0,128,0,0,40,0,0,8,0,0,1 # compose_4x6 r=0
5,0,0,0,0,-4,0,0,0,0,1,0,4,0,0,0,0,-2,0,0,0,0,0,0,1 # compose_2x12 r=0
7,0,-21,0,56,0,-105,0,161,0,-196,0,197,0,-160,0,106,0,-55,0,22,0,-6,0,1 # compose_6x4 r=0
229,0,0,110,0,0,18,0,110,1,0,36,0,0,3,0,18,0,0,3,0,0,0,0,1 # compose_3x8 r=0
641,0,-1006,0,600,0,-663,0,616,0,-240,0,182,0,-120,0,24,0,-20,0,8,0,0,0,1 # compose_4x6 r=4
1259,0,0,0,-852,0,-852,0,215,0,430,0,191,0,-72,0,-71,0,-20,0,6,0,4,0,1 # compose_4x6 r=4
16,0,0,0,0,0,0,-7,0,0,0,0,-7,0,1,0,0,0,0,2,0,0,0,0,1 # compose_2x12 r=0
25,0,0,0,-9,0,0,0,1,0,0,0,9,0,0,0,-2,0,0,0,0,0,0,0,1 # compose_2x12 r=0
32,0,0,0,0,0,0,0,0,0,0,26,13,0,0,0,0,0,0,0,0,0,4,4,1 # compose_2x12 r=4
15641,0,0,0,18753,0,0,0,9375,0,0,0,2500,0,0,0,375,0,0,0,30,0,0,0,1 # compose_6x4 r=0
107,0,126,0,57,0,138,0,115,0,36,0,61,0,36,0,6,0,12,0,4,0,0,0,1 # compose_4x6 r=0
3,0,0,0,3,0,0,0,1,0,0,0,3,0,0,0,2,0,0,0,0,0,0,0,1 # compose_2x12 r=0
6,0,0,0,0,0,0,-2,0,0,0,0,-2,0,1,0,0,0,0,2,0,0,0,0,1 # compose_2x12 r=0
31,0,0,0,0,0,0,0,0,0,0,-22,11,0,0,0,0,0,0,0,0,0,4,-4,1 # compose_2x12 r=0
7,0,0,0,0,0,-10,0,10,0,0,0,6,0,-12,0,6,0,-1,0,3,0,-3,0,1 # compose_3x8 r=0
13,0,0,7,0,0,1,0,0,0,0,0,-7,0,0,-2,0,0,0,0,0,0,0,0,1 # compose_2x12 r=0
31,0,0,-9,0,0,1,0,0,0,0,0,-9,0,0,2,0,0,0,0,0,0,0,0,1 # compose_2x12 r=0
15633,0,0,37504,-18752,0,37500,-37500,9375,20000,-30000,15000,3500,-12000,9000,-2040,-2025,2400,-1136,108,210,-160,60,-12,1 # compose_6x4 r=4
86,456,1032,1304,732,-648,-1892,-1920,-702,786,1440,960,77,-480,-480,-160,60,120,60,0,-12,-12,0,0,1 # compose_6x4 r=4
10,0,0,0,0,0,0,-2,0,0,0,0,2,0,1,0,0,0,0,-2,0,0,0,0,1 # compose_2x12 r=0
15,0,0,0,60,0,-30,0,96,0,-96,0,88,0,-96,0,64,0,-40,0,24,0,-8,0,1 # compose_4x6 r=0
1263,0,0,1704,0,0,8,0,0,-668,0,0,-57,0,0,112,0,0,0,0,0,-8,0,0,1 # compose_4x6 r=0
553,0,0,-470,0,0,-323,0,0,274,0,0,88,0,0,-56,0,0,-14,0,0,4,0,0,1 # compose_4x6 r=0
47090,0,0,-46872,46872,0,19476,-38952,19476,-4322,12966,-12966,4862,-2160,3240,-2196,720,-360,361,-186,51,-20,15,-6,1 # compose_6x4 r=0
17,36,25,8,1,0,-36,-50,-24,-4,0,0,25,24,6,0,0,0,-8,-4,0,0,0,0,1 # compose_4x6 r=4
12,0,0,0,-15,0,0,0,21,0,0,0,-13,0,0,0,9,0,0,0,-3,0,0,0,1 # compose_3x8 r=0
19,0,-6,0,1,0,0,0,0,0,0,0,6,0,-2,0,0,0,0,0,0,0,0,0,1 # compose_2x12 r=0
1299,1730,864,192,16,0,865,864,288,32,0,0,216,144,24,0,0,0,24,8,0,0,0,0,1 # compose_4x6 r=0
15502,-37350,37440,-19992,-12675,36480,-29924,12000,6960,-14802,9000,-2400,-2259,3000,-1200,160,375,-300,60,0,-30,12,0,0,1 # compose_6x4 r=0
25,0,0,0,0,-9,0,0,0,0,1,0,9,0,0,0,0,-2,0,0,0,0,0,0,1 # compose_2x12 r=0
634,0,0,0,0,502,-502,0,0,0,150,-300,150,0,0,20,-60,60,-20,0,1,-4,6,-4,1 # compose_4x6 r=4
70,0,0,100,0,0,48,0,50,8,0,48,0,0,12,0,12,0,0,6,0,0,0,0,1 # compose_3x8 r=0
19,0,0,0,0,-34,34,0,0,0,24,-48,24,0,0,-8,24,-24,8,0,1,-4,6,-4,1 # compose_4x6 r=0
15,0,0,0,0,0,0,0,0,18,0,0,-9,0,0,0,0,0,4,0,0,-4,0,0,1 # compose_2x12 r=4
73,0,0,0,0,106,106,0,0,0,54,108,54,0,0,12,36,36,12,0,1,4,6,4,1 # compose_4x6 r=0
46443,-93096,77688,-34552,-37908,76536,-51764,17280,16542,-25722,12960,-2880,-4079,4320,-1440,160,540,-360,60,0,-36,12,0,0,1 # compose_6x4 r=0
27,0,0,0,0,0,0,0,0,0,11,0,11,0,0,0,0,0,0,0,1,0,2,0,1 # compose_2x12 r=0
52,0,0,0,0,0,0,0,0,0,0,13,-13,0,0,0,0,0,0,0,0,0,1,-2,1 # compose_2x12 r=0
37,0,0,0,0,0,0,0,-14,0,0,0,-14,0,0,0,1,0,0,0,2,0,0,0,1 # compose_2x12 r=4
46871,93528,77832,34568,55404,78984,51916,17280,22338,26118,12960,2880,4561,4320,1440,160,540,360,60,0,36,12,0,0,1 # compose_6x4 r=0
26,0,-40,0,26,0,32,0,-51,0,24,0,22,0,-24,0,6,0,8,0,-4,0,0,0,1 # compose_4x6 r=0
71,0,0,390,195,0,960,960,240,1280,1920,960,1120,1920,1440,864,1020,960,544,312,252,160,60,12,1 # compose_6x4 r=0
46441,0,0,93096,46548,0,77688,77688,19422,34552,51828,25914,12959,17280,12960,5472,3420,2880,1504,552,276,160,60,12,1 # compose_6x4 r=0
2,0,0,0,0,0,0,0,0,0,4,0,4,0,0,0,0,0,0,0,1,0,2,0,1 # compose_2x12 r=0
20,0,0,0,0,-33,33,0,0,0,24,-48,24,0,0,-8,24,-24,8,0,1,-4,6,-4,1 # compose_4x6 r=0
5,0,6,0,7,0,10,0,15,0,12,0,11,0,12,0,6,0,4,0,4,0,0,0,1 # compose_4x6 r=0
3967,12096,15264,10224,9888,16032,15400,7680,5736,7860,5760,1920,1518,1920,960,160,240,240,60,0,24,12,0,0,1 # compose_6x4 r=0
2,0,0,0,0,4,0,0,0,0,1,0,4,0,0,0,0,2,0,0,0,0,0,0,1 # compose_2x12 r=0
15999,0,37950,0,56655,0,57704,0,45456,0,27978,0,13967,0,5592,0,1815,0,460,0,90,0,12,0,1 # compose_6x4 r=0
7,0,0,0,4,0,0,0,4,0,0,0,-2,0,0,0,-4,0,0,0,0,0,0,0,1 # compose_2x12 r=0
7,0,30,0,81,0,88,0,-12,0,-150,0,-79,0,168,0,15,0,-100,0,54,0,-12,0,1 # compose_6x4 r=0
18,0,0,-50,0,0,36,0,25,-8,0,-36,0,0,12,0,9,0,0,-6,0,0,0,0,1 # compose_3x8 r=0
629,0,1002,0,600,0,-341,0,-584,0,-240,0,118,0,120,0,24,0,-20,0,-8,0,0,0,1 # compose_4x6 r=4
15,0,-48,0,36,0,-8,0,24,0,-36,0,12,0,0,0,9,0,-6,0,0,0,0,0,1 # compose_3x8 r=4
263,258,96,16,1,0,-258,-192,-48,-4,0,0,96,48,6,0,0,0,-16,-4,0,0,0,0,1 # compose_4x6 r=4
12,0,0,0,0,18,0,0,0,0,4,0,-9,0,0,0,0,-4,0,0,0,0,0,0,1 # compose_2x12 r=4
757,0,0,-1485,1485,0,1224,-2448,1224,-541,1623,-1623,676,-540,810,-558,225,-180,181,-96,33,-20,15,-6,1 # compose_6x4 r=0
253,0,0,0,-510,0,255,0,384,0,-384,0,-32,0,192,0,-80,0,-16,0,24,0,-8,0,1 # compose_4x6 r=0
-1,0,0,10,0,0,4,0,0,0,0,0,-5,0,0,-4,0,0,0,0,0,0,0,0,1 # compose_2x12 r=4
71,0,0,204,-204,0,246,-492,246,161,-483,483,-101,-240,360,-228,0,120,-119,54,3,-20,15,-6,1 # compose_6x4 r=4
5,0,0,0,10,0,5,0,24,0,24,0,38,0,48,0,40,0,36,0,24,0,8,0,1 # compose_4x6 r=0
13,0,0,14,0,0,4,0,0,0,0,0,-7,0,0,-4,0,0,0,0,0,0,0,0,1 # compose_2x12 r=0
1,0,0,0,0,0,0,5,5,0,0,0,0,0,3,6,3,0,0,0,0,1,3,3,1 # compose_3x8 r=0
267,0,0,0,518,0,-259,0,384,0,-384,0,224,0,-192,0,112,0,-48,0,24,0,-8,0,1 # compose_4x6 r=4
12,0,10,0,4,0,0,0,0,0,0,0,5,0,4,0,0,0,0,0,0,0,0,0,1 # compose_2x12 r=0
50,0,0,-28,0,0,4,0,0,0,0,0,-14,0,0,4,0,0,0,0,0,0,0,0,1 # compose_2x12 r=0
57,-47,12,-1,0,0,0,0,47,-24,3,0,0,0,0,0,12,-3,0,0,0,0,0,0,1 # compose_3x8 r=0
14,0,0,0,0,0,0,0,0,0,0,-4,4,0,0,0,0,0,0,0,0,0,1,-2,1 # compose_2x12 r=0
61,0,0,0,0,0,0,0,0,30,0,0,-15,0,0,0,0,0,4,0,0,-4,0,0,1 # compose_2x12 r=0
87,0,0,0,0,0,109,0,0,0,0,0,54,0,0,0,0,0,12,0,0,0,0,0,1 # compose_4x6 r=0
41,0,0,0,-11,0,0,0,1,0,0,0,-11,0,0,0,2,0,0,0,0,0,0,0,1 # compose_2x12 r=0
30,0,20,0,4,0,0,0,0,0,0,0,10,0,4,0,0,0,0,0,0,0,0,0,1 # compose_2x12 r=0
4227,0,12480,0,9216,0,-5200,0,-7680,0,780,0,2622,0,-192,0,-480,0,80,0,36,0,-12,0,1 # compose_6x4 r=0
253,0,0,0,256,0,256,0,96,0,192,0,112,0,48,0,49,0,20,0,6,0,4,0,1 # compose_4x6 r=0
74,0,102,0,53,0,-90,0,-105,0,-36,0,49,0,36,0,6,0,-12,0,-4,0,0,0,1 # compose_4x6 r=0
4223,0,0,12480,6240,0,15456,15456,3864,10256,15384,7692,5122,7680,5760,2688,2160,1920,1024,432,264,160,60,12,1 # compose_6x4 r=0
27,0,80,0,104,0,104,0,120,0,96,0,58,0,48,0,24,0,8,0,8,0,0,0,1 # compose_4x6 r=0
4093,0,12288,0,9216,0,-5120,0,-7680,0,768,0,2624,0,-192,0,-480,0,80,0,36,0,-12,0,1 # compose_6x4 r=4
46643,0,93308,0,31106,0,-43200,0,-23760,0,9792,0,5824,0,-1632,0,-660,0,200,0,24,0,-12,0,1 # compose_6x4 r=4
1,0,0,0,0,-6,-6,0,0,0,6,12,6,0,0,-4,-12,-12,-4,0,1,4,6,4,1 # compose_4x6 r=4
4161,6192,3852,1281,6432,7728,3844,960,3972,3849,1440,240,1296,960,240,20,240,120,15,0,24,6,0,0,1 # compose_6x4 r=0
597,0,490,0,149,0,510,0,299,0,60,0,153,0,60,0,6,0,20,0,4,0,0,0,1 # compose_4x6 r=0
19,0,0,0,0,-12,0,0,0,0,4,0,-6,0,0,0,0,4,0,0,0,0,0,0,1 # compose_2x12 r=0
1,0,-24,0,72,0,-92,0,-3,0,156,0,-78,0,-168,0,15,0,100,0,54,0,12,0,1 # compose_6x4 r=4
28,0,0,0,0,0,0,0,18,0,0,0,9,0,0,0,4,0,0,0,4,0,0,0,1 # compose_2x12 r=0
622,0,0,0,1000,0,500,0,600,0,600,0,310,0,240,0,136,0,52,0,24,0,8,0,1 # compose_4x6 r=0
15,0,0,0,0,-30,0,0,15,0,24,0,0,-24,0,-8,6,0,12,0,0,-6,0,0,1 # compose_3x8 r=0
4,0,0,0,0,0,0,-1,0,0,0,0,-1,0,1,0,0,0,0,2,0,0,0,0,1 # compose_2x12 r=0
10,0,1,0,1,0,0,0,0,0,0,0,1,0,2,0,0,0,0,0,0,0,0,0,1 # compose_2x12 r=0
13,0,0,0,20,0,0,0,4,0,0,0,-10,0,0,0,-4,0,0,0,0,0,0,0,1 # compose_2x12 r=4
30,0,0,0,0,0,0,0,0,0,0,-20,10,0,0,0,0,0,0,0,0,0,4,-4,1 # compose_2x12 r=0
3,0,0,0,0,0,0,0,0,0,7,0,7,0,0,0,0,0,0,0,1,0,2,0,1 # compose_2x12 r=0
15,0,0,0,0,0,24,0,24,0,0,0,9,0,18,0,9,0,1,0,3,0,3,0,1 # compose_3x8 r=0
250,0,0,0,-254,0,254,0,96,0,-192,0,80,0,48,0,-47,0,12,0,6,0,-4,0,1 # compose_4x6 r=0
29,-11,1,0,0,0,0,0,0,0,0,0,11,-2,0,0,0,0,0,0,0,0,0,0,1 # compose_2x12 r=0
8,-5,1,0,0,0,0,0,0,0,0,0,-5,2,0,0,0,0,0,0,0,0,0,0,1 # compose_2x12 r=0
123,0,0,0,0,0,74,0,74,0,0,0,15,0,30,0,15,0,1,0,3,0,3,0,1 # compose_3x8 r=0
97,0,0,240,0,0,344,0,0,320,0,0,216,0,0,104,0,0,36,0,0,8,0,0,1 # compose_4x6 r=0
1,0,0,0,0,6,3,0,0,0,24,24,6,0,0,32,48,24,4,0,16,32,24,8,1 # compose_4x6 r=0
13,0,0,-9,0,0,1,0,0,0,0,0,-9,0,0,2,0,0,0,0,0,0,0,0,1 # compose_2x12 r=4
2,0,0,0,0,0,-5,0,5,0,0,0,3,0,-6,0,3,0,-1,0,3,0,-3,0,1 # compose_3x8 r=0
18,0,0,0,0,0,0,0,0,-6,0,0,-6,0,0,0,0,0,1,0,0,2,0,0,1 # compose_2x12 r=0
33,0,0,0,0,0,0,0,0,0,0,0,-13,0,0,0,0,0,0,0,0,0,0,0,1 # compose_2x12 r=4
4,0,0,0,0,0,0,0,1,0,0,0,-1,0,0,0,1,0,0,0,-2,0,0,0,1 # compose_2x12 r=0
231,0,0,0,222,0,0,0,183,0,0,0,80,0,0,0,30,0,0,0,6,0,0,0,1 # compose_3x8 r=0
26,0,0,0,16,0,0,0,4,0,0,0,8,0,0,0,4,0,0,0,0,0,0,0,1 # compose_2x12 r=0
4082,0,-6141,0,9981,0,-8960,0,7920,0,-4824,0,2841,0,-1206,0,495,0,-140,0,39,0,-6,0,1 # compose_6x4 r=0
83,0,218,0,216,0,205,0,232,0,144,0,86,0,72,0,24,0,12,0,8,0,0,0,1 # compose_4x6 r=0
2,0,0,0,8,0,-4,0,24,0,-24,0,38,0,-48,0,40,0,-36,0,24,0,-8,0,1 # compose_4x6 r=0
46653,0,-46656,0,66096,0,-43200,0,32940,0,-15156,0,7741,0,-2526,0,915,0,-200,0,51,0,-6,0,1 # compose_6x4 r=0
1,0,0,0,-7,0,-7,0,6,0,12,0,2,0,-12,0,-11,0,0,0,6,0,4,0,1 # compose_4x6 r=4
15,0,0,0,62,0,31,0,96,0,96,0,88,0,96,0,64,0,40,0,24,0,8,0,1 # compose_4x6 r=0
254,0,0,0,-512,0,-256,0,384,0,384,0,-32,0,-192,0,-80,0,16,0,24,0,8,0,1 # compose_4x6 r=4
1286,0,0,0,0,-862,-862,0,0,0,216,432,216,0,0,-24,-72,-72,-24,0,1,4,6,4,1 # compose_4x6 r=0
1310,0,0,0,1732,0,-866,0,864,0,-864,0,408,0,-288,0,160,0,-56,0,24,0,-8,0,1 # compose_4x6 r=0
22,0,0,-26,0,0,9,0,26,-1,0,-18,0,0,3,0,9,0,0,-3,0,0,0,0,1 # compose_3x8 r=0
42,0,0,0,24,0,0,0,4,0,0,0,-12,0,0,0,-4,0,0,0,0,0,0,0,1 # compose_2x12 r=0
25,0,0,0,0,22,0,0,0,0,4,0,11,0,0,0,0,4,0,0,0,0,0,0,1 # compose_2x12 r=0
10,0,0,0,0,0,0,0,0,0,0,0,0,0,0,0,0,0,0,0,1,0,2,0,1 # compose_2x12 r=0
46226,0,0,0,-46440,0,0,0,19404,0,0,0,-4318,0,0,0,540,0,0,0,-36,0,0,0,1 # compose_6x4 r=0
1093,0,-4010,0,8201,0,-11340,0,11681,0,-9298,0,5851,0,-2920,0,1151,0,-350,0,79,0,-12,0,1 # compose_6x4 r=0
4227,12480,15456,10256,-2400,-14688,-15320,-7680,1944,7500,5760,1920,-1042,-1920,-960,-160,240,240,60,0,-24,-12,0,0,1 # compose_6x4 r=0
3902,6000,3804,1277,-5760,-7584,-3830,-960,3684,3825,1440,240,-1262,-960,-240,-20,240,120,15,0,-24,-6,0,0,1 # compose_6x4 r=4
19,0,0,0,0,0,-9,0,0,0,0,0,-8,0,0,0,0,0,2,0,0,0,0,0,1 # compose_2x12 r=4
622,500,150,20,1,0,500,300,60,4,0,0,150,60,6,0,0,0,20,4,0,0,0,0,1 # compose_4x6 r=0
46635,0,0,-46653,-46653,0,19440,38880,19440,-4320,-12960,-12960,-3780,2160,3240,2124,360,-360,-359,-174,-21,20,15,6,1 # compose_6x4 r=4
637,-502,150,-20,1,0,-502,300,-60,4,0,0,150,-60,6,0,0,0,-20,4,0,0,0,0,1 # compose_4x6 r=0
627,0,0,0,1000,0,500,0,600,0,600,0,310,0,240,0,136,0,52,0,24,0,8,0,1 # compose_4x6 r=0
1275,0,0,0,0,1722,-861,0,0,0,864,-864,216,0,0,192,-288,144,-24,0,16,-32,24,-8,1 # compose_4x6 r=4
4103,6145,3840,1280,-5905,-7656,-3839,-960,3720,3834,1440,240,-1265,-960,-240,-20,240,120,15,0,-24,-6,0,0,1 # compose_6x4 r=0
28,0,18,0,4,0,0,0,0,0,0,0,9,0,4,0,0,0,0,0,0,0,0,0,1 # compose_2x12 r=0
214,0,108,0,18,0,1,0,108,0,36,0,3,0,0,0,18,0,3,0,0,0,0,0,1 # compose_3x8 r=0
1315,0,0,0,1734,0,-867,0,864,0,-864,0,408,0,-288,0,160,0,-56,0,24,0,-8,0,1 # compose_4x6 r=4
73,0,204,0,42,0,-331,0,-177,0,255,0,140,0,-126,0,-45,0,40,0,3,0,-6,0,1 # compose_6x4 r=0
1305,0,-865,0,216,0,-889,0,433,0,-72,0,220,0,-72,0,6,0,-24,0,4,0,0,0,1 # compose_4x6 r=0
678,0,0,0,-520,0,520,0,152,0,-304,0,132,0,60,0,-59,0,16,0,6,0,-4,0,1 # compose_4x6 r=0
699,0,0,0,-530,0,530,0,153,0,-306,0,133,0,60,0,-59,0,16,0,6,0,-4,0,1 # compose_4x6 r=0
1297,-864,216,-24,1,0,864,-432,72,-4,0,0,216,-72,6,0,0,0,24,-4,0,0,0,0,1 # compose_4x6 r=0
105,0,126,0,57,0,-114,0,-113,0,-36,0,53,0,36,0,6,0,-12,0,-4,0,0,0,1 # compose_4x6 r=4
15623,0,37500,0,56250,0,57500,0,45375,0,27960,0,13964,0,5592,0,1815,0,460,0,90,0,12,0,1 # compose_6x4 r=0
34,0,0,0,0,24,0,0,0,0,4,0,12,0,0,0,0,4,0,0,0,0,0,0,1 # compose_2x12 r=0
4099,0,6144,0,-2304,0,-6400,0,240,0,2904,0,41,0,-726,0,15,0,100,0,-9,0,-6,0,1 # compose_6x4 r=0
1289,0,0,0,0,-1726,-863,0,0,0,864,864,216,0,0,-192,-288,-144,-24,0,16,32,24,8,1 # compose_4x6 r=4
4223,0,0,0,6240,0,0,0,3864,0,0,0,1282,0,0,0,240,0,0,0,24,0,0,0,1 # compose_6x4 r=0
34,0,0,29,0,0,9,0,29,1,0,18,0,0,3,0,9,0,0,3,0,0,0,0,1 # compose_3x8 r=0
15753,37650,37560,20008,-12825,-36600,-29948,-12000,6990,14814,9000,2400,-2261,-3000,-1200,-160,375,300,60,0,-30,-12,0,0,1 # compose_6x4 r=0
7,0,0,0,0,0,0,0,0,7,0,0,7,0,0,0,0,0,1,0,0,2,0,0,1 # compose_2x12 r=0
13,0,-6,0,1,0,0,0,0,0,0,0,-6,0,2,0,0,0,0,0,0,0,0,0,1 # compose_2x12 r=0
14,0,28,0,23,0,36,0,47,0,24,0,27,0,24,0,6,0,8,0,4,0,0,0,1 # compose_4x6 r=0
22,0,0,0,0,0,0,0,0,0,0,0,-11,0,0,0,0,0,0,0,0,0,0,0,1 # compose_2x12 r=4
46227,0,0,-46440,46440,0,19404,-38808,19404,-4318,12954,-12954,4858,-2160,3240,-2196,720,-360,361,-186,51,-20,15,-6,1 # compose_6x4 r=0
1,0,9,18,15,-12,-53,-60,-21,48,90,60,-3,-60,-60,-20,15,30,15,0,-6,-6,0,0,1 # compose_6x4 r=0
639,0,-503,0,150,0,-523,0,301,0,-60,0,154,0,-60,0,6,0,-20,0,4,0,0,0,1 # compose_4x6 r=4
15,0,0,-9,0,0,1,0,0,0,0,0,-9,0,0,2,0,0,0,0,0,0,0,0,1 # compose_2x12 r=4
-2,0,0,0,0,4,-2,0,0,0,24,-24,6,0,0,32,-48,24,-4,0,16,-32,24,-8,1 # compose_4x6 r=4
653,0,0,0,0,0,-510,0,0,0,0,0,151,0,0,0,0,0,-20,0,0,0,0,0,1 # compose_4x6 r=0
118,0,0,0,0,0,-74,0,74,0,0,0,15,0,-30,0,15,0,-1,0,3,0,-3,0,1 # compose_3x8 r=0
578,0,-480,0,148,0,-500,0,297,0,-60,0,152,0,-60,0,6,0,-20,0,4,0,0,0,1 # compose_4x6 r=0
17,0,0,0,0,-5,0,0,0,0,1,0,5,0,0,0,0,-2,0,0,0,0,0,0,1 # compose_2x12 r=0
46005,0,0,46332,46332,0,19386,38772,19386,4317,12951,12951,4857,2160,3240,2196,720,360,361,186,51,20,15,6,1 # compose_6x4 r=0
697,0,0,0,530,0,-530,0,153,0,-306,0,173,0,-60,0,61,0,-24,0,6,0,-4,0,1 # compose_4x6 r=4
13,0,0,0,0,0,0,0,16,0,0,0,-8,0,0,0,4,0,0,0,-4,0,0,0,1 # compose_2x12 r=4
5461,0,-7737,0,-3148,0,7721,0,479,0,-3352,0,-15,0,800,0,26,0,-105,0,-10,0,6,0,1 # compose_6x4 r=0
25,0,-70,0,96,0,-99,0,112,0,-96,0,56,0,-48,0,24,0,-8,0,8,0,0,0,1 # compose_4x6 r=0
23,0,0,0,0,0,0,0,9,0,0,0,-9,0,0,0,1,0,0,0,-2,0,0,0,1 # compose_2x12 r=0
15501,0,0,18675,18675,0,9360,18720,9360,2499,7497,7497,2874,1500,2250,1530,525,300,301,156,45,20,15,6,1 # compose_6x4 r=0
10,0,12,0,6,0,1,0,12,0,12,0,3,0,0,0,6,0,3,0,0,0,0,0,1 # compose_3x8 r=0
7,0,0,0,0,0,-12,0,6,0,0,0,12,0,-12,0,3,0,-8,0,12,0,-6,0,1 # compose_3x8 r=0
1,0,12,0,4,0,0,0,0,0,0,0,-6,0,-4,0,0,0,0,0,0,0,0,0,1 # compose_2x12 r=4
8,0,0,0,-7,0,0,0,1,0,0,0,-7,0,0,0,2,0,0,0,0,0,0,0,1 # compose_2x12 r=4
15251,18525,9330,2497,18900,18690,7492,1500,9480,7497,2250,300,2512,1500,300,20,375,150,15,0,30,6,0,0,1 # compose_6x4 r=0
15622,0,-18749,0,28124,0,-21250,0,17250,0,-9030,0,4901,0,-1806,0,690,0,-170,0,45,0,-6,0,1 # compose_6x4 r=0
138,0,-156,0,60,0,-8,0,78,0,-60,0,12,0,0,0,15,0,-6,0,0,0,0,0,1 # compose_3x8 r=0
4286,0,0,6288,-6288,0,3876,-7752,3876,1283,-3849,3849,-1043,-960,1440,-936,120,240,-239,114,-9,-20,15,-6,1 # compose_6x4 r=4
55,0,0,-45,0,0,12,0,45,-1,0,-24,0,0,3,0,12,0,0,-3,0,0,0,0,1 # compose_3x8 r=0
1298,0,0,-864,0,0,1080,0,0,-456,0,0,289,0,0,-76,0,0,30,0,0,-4,0,0,1 # compose_4x6 r=0
22,0,0,-10,0,0,1,0,0,0,0,0,-10,0,0,2,0,0,0,0,0,0,0,0,1 # compose_2x12 r=4
23,0,0,0,0,0,0,0,0,0,-8,0,-8,0,0,0,0,0,0,0,1,0,2,0,1 # compose_2x12 r=0
34,0,-20,0,4,0,0,0,0,0,0,0,-10,0,4,0,0,0,0,0,0,0,0,0,1 # compose_2x12 r=0
20,0,0,0,0,0,0,0,0,10,0,0,10,0,0,0,0,0,1,0,0,2,0,0,1 # compose_2x12 r=0
71,195,240,160,255,492,481,240,300,486,360,120,175,240,120,20,60,60,15,0,12,6,0,0,1 # compose_6x4 r=0
31,0,0,0,0,0,0,0,20,0,0,0,-10,0,0,0,4,0,0,0,-4,0,0,0,1 # compose_2x12 r=0
16003,0,-37950,0,18705,0,17656,0,-14616,0,-3978,0,4161,0,792,0,-585,0,-140,0,30,0,12,0,1 # compose_6x4 r=0
23,0,11,0,1,0,0,0,0,0,0,0,-11,0,-2,0,0,0,0,0,0,0,0,0,1 # compose_2x12 r=4
15251,-37050,37320,-19976,-12525,36360,-29900,12000,6930,-14790,9000,-2400,-2257,3000,-1200,160,375,-300,60,0,-30,12,0,0,1 # compose_6x4 r=4
5,0,0,0,-5,0,0,0,1,0,0,0,-5,0,0,0,2,0,0,0,0,0,0,0,1 # compose_2x12 r=4
26,0,-8,0,1,0,0,0,0,0,0,0,8,0,-2,0,0,0,0,0,0,0,0,0,1 # compose_2x12 r=0
31,0,0,0,0,0,-58,0,29,0,0,0,36,0,-36,0,9,0,-8,0,12,0,-6,0,1 # compose_3x8 r=0
1,0,0,0,4,0,0,0,1,0,0,0,4,0,0,0,2,0,0,0,0,0,0,0,1 # compose_2x12 r=0
23,0,0,0,0,-35,-35,0,0,0,24,48,24,0,0,-8,-24,-24,-8,0,1,4,6,4,1 # compose_4x6 r=4
-3,0,0,0,0,0,0,0,0,-10,0,0,-5,0,0,0,0,0,4,0,0,4,0,0,1 # compose_2x12 r=4
47302,93960,77976,34584,55620,79128,51940,17280,22374,26130,12960,2880,4563,4320,1440,160,540,360,60,0,36,12,0,0,1 # compose_6x4 r=0
123,0,0,-150,0,0,60,0,75,-8,0,-60,0,0,12,0,15,0,0,-6,0,0,0,0,1 # compose_3x8 r=0
1366,0,-1776,0,872,0,-1080,0,888,0,-288,0,250,0,-144,0,24,0,-24,0,8,0,0,0,1 # compose_4x6 r=4
637,-502,150,-20,1,0,502,-300,60,-4,0,0,150,-60,6,0,0,0,20,-4,0,0,0,0,1 # compose_4x6 r=0
2,0,0,4,-4,0,15,-30,15,20,-60,60,-5,-60,90,-54,-15,60,-59,24,9,-20,15,-6,1 # compose_6x4 r=0
18,0,0,0,0,0,0,0,0,0,0,-8,-8,0,0,0,0,0,0,0,0,0,1,2,1 # compose_2x12 r=0
17,0,0,0,-72,0,-36,0,100,0,100,0,-39,0,-96,0,-32,0,24,0,24,0,8,0,1 # compose_4x6 r=4
57,0,378,0,1149,0,2240,0,3120,0,3264,0,2624,0,1632,0,780,0,280,0,72,0,12,0,1 # compose_6x4 r=0
20,0,0,-7,0,0,1,0,0,0,0,0,-7,0,0,2,0,0,0,0,0,0,0,0,1 # compose_2x12 r=0
53,-92,48,-8,0,0,0,0,46,-48,12,0,0,0,0,0,12,-6,0,0,0,0,0,0,1 # compose_3x8 r=0
253,0,0,0,0,510,255,0,0,0,384,384,96,0,0,128,192,96,16,0,16,32,24,8,1 # compose_4x6 r=0
24,0,0,0,0,0,0,0,0,0,0,-24,12,0,0,0,0,0,0,0,0,0,4,-4,1 # compose_2x12 r=4
37,0,0,0,0,0,11,0,0,0,0,0,12,0,0,0,0,0,2,0,0,0,0,0,1 # compose_2x12 r=0
4033,0,12192,0,21408,0,25544,0,23016,0,16122,0,9023,0,4032,0,1440,0,400,0,84,0,12,0,1 # compose_6x4 r=0
1335,0,0,1752,0,0,-8,0,0,-676,0,0,-55,0,0,112,0,0,0,0,0,-8,0,0,1 # compose_4x6 r=0
7,0,0,0,0,-3,0,0,0,0,1,0,-3,0,0,0,0,2,0,0,0,0,0,0,1 # compose_2x12 r=0
1292,0,0,0,863,0,-863,0,216,0,-432,0,240,0,-72,0,73,0,-28,0,6,0,-4,0,1 # compose_4x6 r=0
74,0,0,51,0,0,12,0,51,1,0,24,0,0,3,0,12,0,0,3,0,0,0,0,1 # compose_3x8 r=0
259,0,0,0,0,-256,256,0,0,0,96,-192,96,0,0,-16,48,-48,16,0,1,-4,6,-4,1 # compose_4x6 r=0
15,0,0,0,0,0,0,0,0,0,0,10,-5,0,0,0,0,0,0,0,0,0,4,-4,1 # compose_2x12 r=0
43,0,0,0,0,0,0,0,-12,0,0,0,-12,0,0,0,1,0,0,0,2,0,0,0,1 # compose_2x12 r=0
23,0,0,0,0,0,0,11,0,0,0,0,-11,0,1,0,0,0,0,-2,0,0,0,0,1 # compose_2x12 r=4
46658,93312,77760,34560,55296,78912,51904,17280,22320,26112,12960,2880,4560,4320,1440,160,540,360,60,0,36,12,0,0,1 # compose_6x4 r=0
1,0,-16,0,32,0,-40,0,48,0,-48,0,40,0,-24,0,24,0,-4,0,8,0,0,0,1 # compose_4x6 r=4
10,0,0,0,0,0,0,0,0,0,0,0,-1,0,0,0,0,0,0,0,0,0,0,0,1 # compose_2x12 r=0
22,0,0,0,0,0,0,0,0,0,0,-11,-11,0,0,0,0,0,0,0,0,0,1,2,1 # compose_2x12 r=4
7,0,0,42,21,0,140,140,35,280,420,210,371,672,504,392,581,560,344,262,247,160,60,12,1 # compose_6x4 r=0
262,516,384,128,16,0,258,384,192,32,0,0,96,96,24,0,0,0,16,8,0,0,0,0,1 # compose_4x6 r=0
1,0,0,-9,-9,0,15,30,15,-20,-60,-60,-5,60,90,54,-15,-60,-59,-24,9,20,15,6,1 # compose_6x4 r=4
728,0,2914,0,3403,0,-540,0,-3105,0,-504,0,1324,0,168,0,-345,0,20,0,42,0,-12,0,1 # compose_6x4 r=0
699,0,0,2862,-1431,0,4824,-4824,1206,4312,-6468,3234,1621,-4320,3240,-504,-1305,1440,-656,-12,222,-160,60,-12,1 # compose_6x4 r=4
633,0,0,0,-1004,0,-502,0,600,0,600,0,-10,0,-240,0,-104,0,12,0,24,0,8,0,1 # compose_4x6 r=4
24,0,54,0,36,0,8,0,27,0,36,0,12,0,0,0,9,0,6,0,0,0,0,0,1 # compose_3x8 r=0
-2,0,0,0,0,0,0,0,0,0,16,-16,4,0,0,-32,48,-24,4,0,16,-32,24,-8,1 # compose_4x6 r=4
74,0,0,0,0,51,0,0,51,0,12,0,0,24,0,1,12,0,3,0,0,3,0,0,1 # compose_3x8 r=0
243,0,0,0,-506,0,-253,0,384,0,384,0,-32,0,-192,0,-80,0,16,0,24,0,8,0,1 # compose_4x6 r=4
2,0,0,0,0,6,-6,0,0,0,6,-12,6,0,0,4,-12,12,-4,0,1,-4,6,-4,1 # compose_4x6 r=4
639,0,0,-503,0,0,653,0,0,-320,0,0,211,0,0,-64,0,0,26,0,0,-4,0,0,1 # compose_4x6 r=0
142,0,0,0,0,0,-156,0,78,0,0,0,60,0,-60,0,15,0,-8,0,12,0,-6,0,1 # compose_3x8 r=0
46659,0,0,93314,46657,0,77760,77760,19440,34560,51840,25920,12960,17280,12960,5472,3420,2880,1504,552,276,160,60,12,1 # compose_6x4 r=0
227,0,0,0,110,0,0,0,128,0,0,0,37,0,0,0,21,0,0,0,3,0,0,0,1 # compose_3x8 r=0
18,0,32,0,24,0,40,0,49,0,24,0,28,0,24,0,6,0,8,0,4,0,0,0,1 # compose_4x6 r=0
31,0,0,0,0,0,0,22,0,0,0,0,-11,0,4,0,0,0,0,-4,0,0,0,0,1 # compose_2x12 r=0
19,0,0,14,0,0,4,0,0,0,0,0,-7,0,0,-4,0,0,0,0,0,0,0,0,1 # compose_2x12 r=0
614,0,0,0,0,-498,-498,0,0,0,150,300,150,0,0,-20,-60,-60,-20,0,1,4,6,4,1 # compose_4x6 r=4
66,0,0,384,192,0,960,960,240,1280,1920,960,1120,1920,1440,864,1020,960,544,312,252,160,60,12,1 # compose_6x4 r=0
6,0,0,4,0,0,1,0,0,0,0,0,-4,0,0,-2,0,0,0,0,0,0,0,0,1 # compose_2x12 r=0
13,0,0,0,0,0,0,0,-20,0,0,0,-10,0,0,0,4,0,0,0,4,0,0,0,1 # compose_2x12 r=4
247,0,0,0,0,-254,254,0,0,0,96,-192,96,0,0,-16,48,-48,16,0,1,-4,6,-4,1 # compose_4x6 r=0
4106,0,0,6147,-6147,0,3840,-7680,3840,1280,-3840,3840,-1040,-960,1440,-936,120,240,-239,114,-9,-20,15,-6,1 # compose_6x4 r=4
15611,0,0,-18747,-18747,0,9375,18750,9375,-2500,-7500,-7500,-2125,1500,2250,1470,225,-300,-299,-144,-15,20,15,6,1 # compose_6x4 r=4
2,0,0,2,0,0,1,0,0,0,0,0,2,0,0,2,0,0,0,0,0,0,0,0,1 # compose_2x12 r=0
5,0,0,0,0,-5,0,0,0,0,1,0,-5,0,0,0,0,2,0,0,0,0,0,0,1 # compose_2x12 r=4
1,0,0,0,0,0,0,0,-1,0,0,0,0,0,0,0,-3,0,0,0,0,0,0,0,1 # totally_real r=4
929,0,9376,0,37752,0,81192,0,106661,0,93312,0,57120,0,25056,0,7902,0,1760,0,264,0,24,0,1 # totally_real r=0
13,0,184,0,990,0,3288,0,7547,0,12048,0,13836,0,10320,0,4821,0,1400,0,246,0,24,0,1 # totally_real r=0
13841270393,0,-23727911312,0,18643364376,0,-8877793344,0,2853576488,0,-652246056,0,108707676,0,-13311144,0,1188495,0,-75460,0,3234,0,-84,0,1 # totally_real r=4
2565716825,0,-4992758688,0,4464249976,0,-2425265472,0,891568088,0,-233648784,0,44758244,0,-6314832,0,651255,0,-47880,0,2382,0,-72,0,1 # totally_real r=4
39595,-115420,170068,-99410,-70644,191840,-143019,-10800,109456,-81000,-816,41360,-25274,-2500,10688,-4230,-1376,1680,-240,-280,112,20,-16,0,1 # tower_2x2x2x3 r=0
8319902573,0,16629133185,0,14959063029,0,8000084595,0,2830165924,0,697192515,0,122569242,0,15491490,0,1397254,0,87750,0,3645,0,90,0,1 # tower_2x3x2x2 r=0
1757,0,0,3024,0,0,3060,0,0,2016,0,0,957,0,0,324,0,0,78,0,0,12,0,0,1 # tower_2x2x2x3 r=0
1000044000472,0,1200030400088,0,660009000004,0,220001480000,0,49500146000,0,7920008640,0,924000284,0,79200004,0,4950000,0,220000,0,6600,0,120,0,1 # tower_2x6x2 r=0
344473504,0,-781328650,0,816286065,0,-519425640,0,224220032,0,-69173850,0,15639795,0,-2611200,0,319530,0,-27950,0,1659,0,-60,0,1 # tower_3x4x2 r=0
571545,6735960,38748537,144573822,392328603,823324338,1387278063,1923929334,2233796022,2197292832,1846215981,1332157122,827974306,443680092,204759738,81126036,27441720,7858674,1882388,370656,58509,7128,630,36,1 # tower_2x6x2 r=0
12827693806927,0,-12576170398950,0,5640371325333,0,-1530228773250,0,279690966090,0,-36283146750,0,3425497165,0,-237144750,0,11948010,0,-427250,0,10293,0,-150,0,1 # tower_6x2x2 r=0
13680694267,47042186184,97621205976,144806604804,170106540693,164906577996,136153788898,97396457760,61213166784,34080893500,16923365322,7522016676,3000825395,1074892944,345587304,99458096,25530579,5806080,1160232,200904,29634,3608,348,24,1 # tower_2x6x2 r=0
278251,2523560,9059684,14874936,5712214,-16310924,-20083750,4114600,17751343,2396012,-9473674,-2150644,3722679,682776,-1129092,-55376,245541,-30864,-30560,10376,590,-968,228,-24,1 # tower_4x3x2 r=4
15,0,-96,-192,256,1312,1192,-1680,-4112,-1000,4656,4096,-2038,-4160,-352,2208,832,-672,-424,112,112,-8,-16,0,1 # tower_2x4x3 r=0
120410,308136,399784,479988,581400,559152,481738,423192,328360,227172,161432,103968,59543,35400,19192,8916,4600,2016,738,336,112,24,16,0,1 # tower_2x2x2x3 r=0
73435,-375606,880245,-1102542,525624,557550,-1123027,646506,223317,-556304,255096,105336,-160254,38010,34992,-23702,-810,5292,-1152,-588,252,28,-24,0,1 # tower_2x2x2x3 r=0
392497,1127700,1466572,559782,-912748,-1505736,-703501,398052,718480,292698,-137296,-200448,-57354,36000,33368,4464,-5912,-3024,138,504,112,-36,-16,0,1 # tower_4x2x3 r=0
69,0,408,0,780,0,304,0,-726,0,-570,0,383,0,288,0,-180,0,-40,0,48,0,-12,0,1 # tower_6x4 r=4
549,0,0,0,1222,0,0,0,1099,0,0,0,515,0,0,0,133,0,0,0,18,0,0,0,1 # tower_2x3x4 r=0
998,-2400,2220,-992,-2178,4416,-2975,888,2100,-2970,1332,-240,-977,888,-240,20,222,-120,15,0,-24,6,0,0,1 # tower_3x2x4 r=4
753841,5664888,22490196,61282680,127222854,212561064,295483732,349253112,356233395,316787284,247335630,170318220,103699265,55863264,26598096,11160704,4106724,1315260,362706,84804,16437,2552,300,24,1 # tower_3x4x2 r=0
219,-812,1480,-1576,1430,-1864,2428,-2048,1330,-1374,1536,-960,437,-512,480,-160,64,-120,60,0,12,-12,0,0,1 # tower_2x3x4 r=0
1853345559,3823314905,7424063749,9249087045,10526720084,9487914909,7850326575,5513280930,3577186095,2030629678,1069718492,499821662,217228697,84072858,30274524,9668452,2868105,744126,178694,36392,6827,1012,138,12,1 # tower_2x2x3x2 r=0
111,-1080,7623,-36405,142692,-449217,1210256,-2767914,5498130,-9463653,14170530,-18421020,20647710,-19799460,16019670,-10719180,5809818,-2505465,846221,-220086,43095,-6138,600,-36,1 # tower_3x2x2x2 r=0
3331358693102,3600135965190,5384602129338,4105391250542,3502786917325,2060898143110,1270510696444,603323264188,292217701522,114704561876,45370649414,14891020640,4900784613,1347798192,371625582,85049092,19603218,3664284,697906,102512,15749,1672,198,12,1 # tower_4x3x2 r=0
16777216000477,-15728640000075,22501785600078,-15317811200006,12401136000003,-6607800600000,3853338460625,-1671004957500,764977509000,-275701460750,103126407960,-31192447500,9721762351,-2470328712,646498416,-136931140,30053520,-5202792,947999,-128892,19080,-1870,216,-12,1 # tower_6x2x2 r=0
23,-156,558,-1188,1649,-1086,-459,2268,-2368,1062,1134,-1620,1171,252,-540,540,21,-90,135,0,-6,18,0,0,1 # tower_3x2x4 r=0
9967,0,0,7994,0,0,-1597,0,0,-2080,0,0,136,0,0,208,0,0,-16,0,0,-8,0,0,1 # tower_4x2x3 r=4
494911,-675360,1395396,88716,205113,1707786,713839,794280,1514787,1063962,815193,921504,717836,461100,349050,248960,141156,73692,39586,18804,6669,1628,258,24,1 # tower_2x3x2x2 r=0
27680474249,-42275760450,-12353258115,46871089534,-5162288451,-24389199798,6099052641,7945893174,-2504201226,-1825492374,614800677,315073146,-101296632,-42168456,11539902,4393540,-890478,-347436,42374,19632,-855,-704,-18,12,1 # tower_6x2x2 r=0
7824,-57879,192951,-394485,591063,-743094,821719,-790722,682263,-545148,392184,-258732,162201,-90750,47628,-24194,10206,-4536,1764,-504,252,-24,24,0,1 # tower_2x4x3 r=0
6317,14310,14937,23640,33682,29030,30355,33210,23965,19870,18030,10820,7556,5900,2846,1740,1186,420,242,140,28,20,8,0,1 # tower_4x2x3 r=0
902,0,-3240,0,3456,0,708,0,-3123,0,468,0,1318,0,-168,0,-345,0,-20,0,42,0,12,0,1 # tower_2x3x4 r=0
11932175996,-41878322610,46309410451,1920448884,-38424379529,16655970726,13031518809,-9796941624,-2502482751,3003675784,325188604,-609644632,-41262858,88000056,7053396,-9017776,-1132839,608172,121390,-21016,-7334,-88,180,24,1 # tower_2x2x3x2 r=0
929,0,0,0,1647,0,0,0,1278,0,0,0,547,0,0,0,135,0,0,0,18,0,0,0,1 # tower_2x3x4 r=0
389997,0,-1623700,0,3096374,0,-3574582,0,2780793,0,-1534818,0,615889,0,-180924,0,38589,0,-5824,0,590,0,-36,0,1 # tower_4x3x2 r=4
3138430148279,3423741013638,5135611256919,3942489005202,3374223447111,1996109987058,1234200525955,588718073202,285899992404,112644516202,44657576319,14702337942,4847790950,1336576176,369070878,84631492,19527354,3655476,696674,102432,15741,1672,198,12,1 # tower_12x2 r=0
647213762,2648715320,6365248324,10938061704,14828132330,16593573928,15800150532,13038567400,9449825417,6067570492,3473049954,1778836284,817011205,336614400,124278240,40998176,12029958,3117636,706646,138084,22797,3080,324,24,1 # tower_3x2x2x2 r=0
62,-192,240,-160,-132,468,-479,240,180,-474,360,-120,-145,240,-120,20,60,-60,15,0,-12,6,0,0,1 # tower_6x4 r=4
82,0,-756,0,2484,0,-3198,0,466,0,2322,0,-861,0,-1014,0,199,0,360,0,123,0,18,0,1 # tower_2x3x4 r=0
16161658284497,0,-15245639494950,0,6602228715423,0,-1735601578975,0,308466167517,0,-39047523525,0,3609898022,0,-245578350,0,12201096,0,-431750,0,10329,0,-150,0,1 # tower_2x3x2x2 r=0
647139802489,2504864232000,5250538873200,7630662045120,8513590322044,7687650919392,5803903348612,3741802062840,2090383676601,1022277759792,440750454166,168318488988,57093710545,17218823988,4614400738,1096237236,229895972,42278544,6752986,923796,106053,9900,714,36,1 # tower_2x3x2x2 r=0
703,-530,683,-856,1580,-1042,1565,-1302,1441,-994,1254,-724,762,-460,446,-204,226,-84,82,-28,28,-4,8,0,1 # tower_4x2x3 r=0
30079606,-60933810,812921,82928470,-40859211,-52083962,42074171,19504282,-23530139,-4691924,8936892,742716,-2503929,-90636,536052,18184,-87759,-5670,10599,1302,-840,-176,30,12,1 # tower_3x2x2x2 r=0
55,-168,228,-158,228,-468,475,-240,288,-480,360,-120,173,-240,120,-20,60,-60,15,0,12,-6,0,0,1 # tower_2x3x4 r=0
681561,5157726,15450441,20460768,2649898,-24797054,-21900147,9312808,19947283,288816,-10414932,-1475940,3924859,516168,-1140924,-29600,241788,-32310,-29973,10296,594,-968,228,-24,1 # tower_3x4x2 r=4
250,-254,-158,430,365,-572,-364,752,355,-644,-354,524,277,-360,-206,184,130,-84,-66,28,28,-4,-8,0,1 # tower_4x2x3 r=0
7,200,2020,6940,10236,1472,-17223,-22752,-1712,22032,18288,-4288,-14402,-5200,4568,4104,-152,-1344,-342,224,112,-16,-16,0,1 # tower_2x4x3 r=0
14002107229,-47869893792,98982051588,-146385418980,171561944373,-165999719652,136847477254,-97771554432,61388654940,-34151971436,16948438386,-7529673876,3002848775,-1075348560,345673992,-99471536,25532235,-5806224,1160240,-200904,29634,-3608,348,-24,1 # tower_2x6x2 r=0
4837,-28356,71084,-114018,157420,-196992,206443,-196032,177760,-141312,104192,-75168,47188,-28200,16792,-8196,4120,-2016,698,-336,112,-24,16,0,1 # tower_2x4x3 r=0
7256399041,12863540976,-2372592156,-15777149611,-3373895988,9036315402,3266983060,-3233440308,-1407983292,817919213,376422108,-156669042,-68372960,23529984,8639688,-2776348,-743736,249264,40039,-15912,-996,638,-12,-12,1 # tower_2x3x2x2 r=0
210786834,-524843775,70163730,783657843,-437747871,-534268041,423483001,223687008,-221468040,-66526602,75604362,15740436,-18021529,-3199980,3054954,556252,-361512,-76266,27892,7392,-1155,-440,6,12,1 # tower_2x2x3x2 r=4
2630510241,-5064944529,-571726205,6558920729,-1900085216,-3958174719,1789464023,1491855366,-812139849,-399204086,233138812,81841258,-45949575,-13397202,6353400,1754692,-603999,-176874,36486,12712,-1085,-572,-6,12,1 # tower_2x2x3x2 r=0
166126322,-1263946896,4818117834,-12173013054,22796395143,-33584904648,40366075495,-40539940128,34585699815,-25355142558,16101768159,-8904980052,4302274020,-1817908758,671339340,-216095796,60334650,-14501862,2967700,-508896,71433,-7920,654,-36,1 # tower_2x2x3x2 r=0
98867482758,-139577622560,-48749537310,145634840580,-7539931390,-71146165248,13087465216,21675548160,-5205261072,-4624039936,1180585560,732644880,-175640775,-88600020,17712210,8191036,-1179057,-564840,45844,27432,-537,-836,-30,12,1 # tower_6x2x2 r=0
7,39,171,559,1552,3781,8128,15490,26338,40021,54312,65706,70726,67602,57252,42832,28185,16209,8071,3432,1221,352,78,12,1 # tower_3x4x2 r=0
2402,0,0,6860,0,0,8722,0,0,6440,0,0,3019,0,0,920,0,0,178,0,0,20,0,0,1 # tower_4x2x3 r=0
19,0,-50,0,105,0,-150,0,194,0,-202,0,185,0,-142,0,94,0,-50,0,21,0,-6,0,1 # tower_2x3x4 r=0
15752,188250,920175,2237900,2276715,-1163250,-4795501,-2069712,3886980,3127490,-2092485,-2115672,992902,867924,-440166,-203360,149730,11844,-29614,6156,1725,-1100,234,-24,1 # tower_6x2x2 r=0
29788,-253704,1158408,-3665284,8895969,-17463936,28627904,-40001472,48306744,-50892184,47063496,-38345292,27570481,-17489664,9768576,-4784768,2042568,-753192,236936,-62484,13473,-2288,288,-24,1 # tower_3x4x2 r=0
2176782322,13060694010,40270473214,83806119936,131196485376,163621472256,168332795136,146161863936,108800380656,70191782496,39542202216,19547423496,8503237521,3257903916,1098394506,324961956,83950911,18796536,3607956,584496,78111,8316,666,36,1 # tower_12x2 r=0
3312,-10350,13965,-20910,32806,-33084,33715,-38724,30733,-24768,23202,-14544,9824,-7860,3746,-2244,1546,-504,302,-168,28,-24,8,0,1 # tower_2x4x3 r=0
1,-15,153,-575,1237,-2240,4031,-4500,6511,-6300,6042,-6020,4039,-3500,2366,-1260,994,-420,210,-140,28,-20,8,0,1 # tower_4x2x3 r=0
3597,-11520,15456,-22944,36040,-35712,36216,-41496,32257,-25992,24240,-14904,10116,-8040,3776,-2280,1558,-504,304,-168,28,-24,8,0,1 # tower_2x4x3 r=4
1227448831121,-1423826912160,2183127166968,-1764754096536,1551789572241,-963033633672,613586729095,-306593848554,153720763176,-63421633524,25991138400,-8962659960,3057055703,-883421220,252379020,-60722056,14486613,-2849652,560569,-86802,13716,-1540,186,-12,1 # tower_3x2x2x2 r=0
4826812,40099644,127667670,170232348,3812133,-227256276,-149337826,124344720,135918258,-44028452,-65385210,14302740,20040525,-4757340,-3936510,1271968,433698,-218700,-11334,20076,-2667,-572,210,-24,1 # tower_6x2x2 r=0
25925,-33488,24340,-44800,52430,-34816,39488,-38352,23389,-20224,17228,-9136,6738,-4960,2276,-1440,958,-336,204,-112,28,-16,8,0,1 # tower_2x2x2x3 r=0
75685699,0,242089584,0,345074877,0,288974455,0,157875342,0,59122668,0,15531267,0,2881164,0,374757,0,33385,0,1938,0,66,0,1 # tower_3x2x2x2 r=0
11453,53928,112296,162420,216088,255024,252170,234264,205480,157284,114840,80928,49559,29640,17272,8340,4216,2016,706,336,112,24,16,0,1 # tower_2x4x3 r=0
112,168,148,64,16,0,84,148,96,32,0,0,37,48,24,0,0,0,8,8,0,0,0,0,1 # tower_2x2x6 r=0
1005409755883,0,1204926061950,0,661993569216,0,220470616608,0,49571416815,0,7927224696,0,924487212,0,79221120,0,4950534,0,220006,0,6600,0,120,0,1 # tower_3x4x2 r=0
321,0,0,0,0,0,216,0,0,0,0,0,72,0,0,0,0,0,12,0,0,0,0,0,1 # tower_2x2x6 r=0
6,-16,48,200,-528,-544,2252,-240,-4304,2920,4016,-5056,-1438,4400,-592,-2232,880,672,-428,-112,112,8,-16,0,1 # tower_2x2x2x3 r=0
5834,23328,8748,-53568,-12474,74592,-42695,-47760,99288,-51218,-38184,86484,-69169,16632,27384,-43660,37902,-24048,12039,-4872,1596,-418,84,-12,1 # tower_3x2x2x2 r=0
3096197438799,3389129737917,5088398416992,3914610443987,3353230536813,1986590299983,1229166805031,586913750604,285172229448,112436618630,44591398752,14687419104,4844005777,1335925260,368940306,84615724,19524924,3655314,696656,102432,15741,1672,198,12,1 # tower_2x2x3x2 r=0
4766590636,0,9057837438,0,7870144077,0,4134133263,0,1462137339,0,366776709,0,66910330,0,8943870,0,869376,0,59930,0,2781,0,78,0,1 # tower_2x3x2x2 r=0
5,-36,309,666,-1317,34470,262327,659898,472602,-798156,-1311663,518958,1510682,-558468,-1063134,763452,259884,-592974,379352,-140976,34221,-5544,582,-36,1 # tower_2x6x2 r=0
21,-240,1356,-4948,13437,-29298,53539,-84306,116550,-143236,157860,-156876,141067,-114924,84792,-56512,33873,-18126,8569,-3522,1230,-352,78,-12,1 # tower_3x4x2 r=0
17,0,21,0,-96,0,50,0,240,0,-648,0,879,0,-786,0,495,0,-220,0,66,0,-12,0,1 # tower_2x6x2 r=0
63991997,-460771200,1401564240,-2211830496,1597550292,273660984,-1350154569,640431054,378540069,-392439924,-43879671,128226798,684760,-29869164,-881454,5174100,723471,-563544,-187084,11016,17415,4356,546,36,1 # tower_6x2x2 r=0
6089,-33072,78640,-90024,11216,111584,-143924,37648,86656,-96568,14528,44192,-32912,-1640,13328,-5212,-1904,2016,-196,-336,112,24,-16,0,1 # tower_2x4x3 r=0
7271655082,-12881490440,23381740004,-26208018900,27872727716,-23041965816,17879370901,-11648619028,7120135892,-3779893138,1884654592,-828758740,342495523,-125408328,43138784,-13092660,3727540,-922608,213719,-41652,7584,-1078,144,-12,1 # tower_2x3x2x2 r=0
10007,28007,33401,-5887,-57921,-64148,-1789,55328,51283,-196,-30522,-21532,2229,10080,4954,-1232,-1934,-588,278,196,28,-28,-8,0,1 # tower_4x2x3 r=4
495,-2160,-6516,18276,90913,25578,-551411,-1388910,-513655,5111370,16393527,29479410,37644990,36673272,28097814,17163612,8397204,3284604,1019630,247776,46097,6336,606,36,1 # tower_2x2x3x2 r=0
993993048065,-1194595814400,1852434765840,-1535173762928,1365750921084,-864097577724,556527890941,-282442108158,142960423455,-59734679834,24676694901,-8597375622,2951482410,-859936416,246888390,-59778196,14311179,-2828178,557518,-86592,13695,-1540,186,-12,1 # tower_2x2x3x2 r=0
1078169684147,3834475181172,7534808445012,10364636782302,11031512071030,9560873526390,6964628656597,4352142298398,2366199479345,1130221542780,477502845201,179219452014,59907240096,17847990396,4735402554,1116004212,232589103,42575436,6778232,925296,106103,9900,714,36,1 # tower_2x2x3x2 r=0
2705,-11700,13290,16120,-44253,4824,57954,-30348,-44937,37428,24102,-27288,-9357,14688,3594,-5444,-927,1908,554,-288,-75,88,54,12,1 # tower_3x2x2x2 r=0
6841,0,29214,0,41553,0,13191,0,-17386,0,-10044,0,4239,0,2232,0,-915,0,-135,0,108,0,-18,0,1 # tower_3x2x4 r=0
83471,-275086,418460,-518343,644556,-660800,579975,-513184,408904,-284144,200952,-130816,73843,-43680,23512,-10640,5464,-2352,810,-392,112,-28,16,0,1 # tower_4x2x3 r=0
531465,1062891,-531453,-1259706,925098,209952,-1019871,737748,128061,-543078,415854,-85392,-128429,149172,-80556,15548,13671,-16398,10239,-4572,1566,-418,84,-12,1 # tower_6x2x2 r=4
79,972,3402,324,-13041,0,10584,-26244,57591,-61236,66258,-61236,42903,-34020,19278,-11340,6426,-2268,1554,-252,252,-12,24,0,1 # tower_4x2x3 r=4
47,156,300,392,258,-108,-524,-672,-405,102,504,480,191,-168,-240,-160,21,60,60,0,-6,-12,0,0,1 # tower_2x3x4 r=0
10029,8006,-1603,-10086,3342,6448,-2163,-7288,913,4216,-792,-2248,484,1320,-296,-488,166,168,-72,-56,28,8,-8,0,1 # tower_4x2x3 r=4
4110925575,0,-8006740287,0,7115097060,0,-3814129735,0,1373535306,0,-350032215,0,64723046,0,-8748870,0,858021,0,-59540,0,2775,0,-78,0,1 # tower_2x3x2x2 r=0
3194,-23730,55287,-3160,-131304,30510,221009,7650,-234279,-80050,144726,94860,-46634,-55500,2862,18820,3474,-3780,-1390,420,252,-20,-24,0,1 # tower_2x2x2x3 r=0
110558,344470,497084,603099,742092,739928,637839,560812,438424,300482,211848,135856,75985,44940,23872,10766,5536,2352,816,392,112,28,16,0,1 # tower_2x2x2x3 r=0
433626201006,0,568199849598,0,340129311057,0,122988605310,0,29918516130,0,5158163358,0,646270561,0,59289234,0,3952770,0,186770,0,5937,0,114,0,1 # tower_6x2x2 r=0
65,-384,448,704,-768,64,-1552,-1504,736,496,3296,3776,3636,4080,2512,2200,1264,672,460,112,112,8,16,0,1 # tower_4x2x3 r=0
14666057711,-24949258656,-5493210952,29714256304,-5201270057,-16515578074,5195564475,5725753178,-2167910635,-1397475630,552320665,256164874,-94640072,-36370416,11172846,4001524,-887868,-331044,43182,19312,-887,-704,-18,12,1 # tower_4x3x2 r=4
349,-1036,1177,-637,-868,2333,-1910,672,1072,-1905,1008,-210,-622,672,-210,20,168,-105,15,0,-21,6,0,0,1 # tower_3x2x4 r=4
1691295,9363600,20606940,18306900,-5901147,-25446246,-12933959,11738664,13295637,-1942766,-6792093,-437640,2417642,300852,-675798,-55808,151524,-6516,-24034,5436,1761,-1100,234,-24,1 # tower_2x3x2x2 r=0
10779215473,-35777821170,72873156105,-106704711200,124484026620,-120364944972,99520596786,-71535966192,45318679314,-25503329556,12832688814,-5792898972,2351867529,-858893508,281975982,-82979168,21803154,-5079708,1040306,-184644,27897,-3476,342,-24,1 # tower_6x2x2 r=0
7645371,-23634681,9801144,38160457,-35983533,-26243319,38877280,9521802,-24231363,-1678937,10252770,22164,-3151418,21708,720534,15556,-121110,-9117,14149,2082,-993,-242,24,12,1 # tower_3x2x2x2 r=4
486,0,0,924,0,0,529,0,0,-180,0,0,-204,0,0,18,0,0,40,0,0,-12,0,0,1 # tower_2x2x2x3 r=0
4107,0,24584,24584,67586,122880,174080,276480,372480,450560,531456,568320,550656,500736,417024,310016,207600,124416,63456,25824,7944,1760,264,24,1 # tower_6x2x2 r=0
11,0,0,-10,0,0,37,0,0,-68,0,0,78,0,0,-58,0,0,28,0,0,-8,0,0,1 # tower_2x4x3 r=0
1774225,-3868128,613800,5502600,-3939663,-3386748,4342804,991032,-2738886,31536,1210968,-155736,-406309,73884,109362,-19268,-23718,3024,4174,-108,-519,-44,42,12,1 # tower_6x2x2 r=0
355,0,-1900,0,4818,0,-7772,0,8919,0,-7696,0,5136,0,-2680,0,1091,0,-340,0,78,0,-12,0,1 # tower_2x3x2x2 r=4
2320300740,-9219834978,21392288041,-35291168336,45736879762,-48732663906,44035364803,-34378455048,23510611629,-14210360004,7641765658,-3670769552,1579084656,-608695644,210125826,-64793696,17775882,-4310124,915446,-167984,26140,-3344,336,-24,1 # tower_2x2x3x2 r=0
46011,972972,8641890,41330169,111681126,154203642,41466144,-151284564,-127460826,70082361,88264890,-29057094,-33607604,12704328,7006872,-4115916,-359796,704268,-144929,-28476,20076,-4554,552,-36,1 # tower_6x2x2 r=0
483142388,-2275685126,6018600667,-11182414432,16126913538,-18968263718,18778024993,-15962432608,11817246394,-7692719786,4433791097,-2272594008,1038712134,-423734668,154202202,-49943824,14339585,-3626280,800416,-152124,24423,-3212,330,-24,1 # tower_2x3x2x2 r=0
1655596671,5793885840,6699937048,324529152,-5364548776,-3065196824,1574768972,1809423352,-149708051,-587758668,-35644158,132445644,14315087,-22742112,-2112432,3054400,92592,-306756,19246,19716,-3573,-440,204,-24,1 # tower_3x2x2x2 r=0
243,-992,1272,728,-2961,856,3020,-1096,-2981,792,2860,-304,-1989,-240,1144,496,-410,-336,24,112,28,-16,-8,0,1 # tower_4x2x3 r=0
741,8766,42279,96216,58074,-205092,-466614,-182736,558306,759564,17802,-664596,-454859,130164,306966,110048,-51534,-57276,-15114,3924,4077,1364,246,24,1 # tower_6x2x2 r=0
1,-72,1656,-13260,121773,-205416,-4730,307584,-229365,-120036,229170,-41472,-95791,54540,15822,-21780,1746,4536,-1294,-504,252,24,-24,0,1 # tower_2x2x2x3 r=0
206,-212,178,-80,242,-362,241,-120,208,-246,180,-60,95,-120,60,-20,30,-30,15,0,6,-6,0,0,1 # tower_3x2x4 r=0
1945,0,0,1144,0,0,-887,0,0,-488,0,0,180,0,0,74,0,0,-20,0,0,-4,0,0,1 # tower_2x2x2x3 r=0
421,-2952,9284,-15548,10588,10432,-30127,22944,8176,-28464,16400,8128,-15206,4240,5048,-4008,-248,1344,-334,-224,112,16,-16,0,1 # tower_2x4x3 r=0
15599,-131180,481814,-923532,734831,539806,-1653675,773488,1182698,-1263652,-456198,945156,143179,-479040,-84912,168464,57483,-31842,-21833,-1056,2904,1232,240,24,1 # tower_3x4x2 r=4
83490,196500,252000,108470,-132656,-261440,-161736,36000,137416,86800,-8376,-47360,-25629,4000,11288,4080,-1496,-1680,-230,280,112,-20,-16,0,1 # tower_4x2x3 r=0
19,0,-28,0,16,0,0,28,0,-32,0,0,-7,0,24,0,0,0,0,-8,0,0,0,0,1 # tower_2x2x6 r=0
244562683,-586537581,58359303,859982518,-451152366,-577773810,435543157,238908636,-225846162,-70163786,76478985,16352472,-18117578,-3270330,3059160,561220,-361350,-76428,27874,7392,-1155,-440,6,12,1 # tower_2x6x2 r=0
1095222945797,0,1293283793132,0,701157685476,0,230769473482,0,51350656432,0,8138220504,0,941880326,0,80205192,0,4987104,0,220812,0,6608,0,120,0,1 # tower_4x3x2 r=0
626,0,-4050,0,9261,0,-7398,0,-2358,0,5382,0,193,0,-1782,0,-270,0,270,0,117,0,18,0,1 # tower_2x3x4 r=0
2033902431,4103119536,7897692260,9715730848,10978499793,9812559088,8074525487,5637866458,3643342756,2059815796,1082011632,504158664,218691495,84481764,30384252,9692008,2873013,744876,178809,36402,6828,1012,138,12,1 # tower_3x2x2x2 r=0
632,0,0,0,1300,0,0,0,1126,0,0,0,518,0,0,0,133,0,0,0,18,0,0,0,1 # tower_2x3x4 r=0
4093,-43001,237304,-881406,2440943,-5310888,9377489,-13723776,16904844,-17729162,15984012,-12485196,8507599,-5081616,2670888,-1236268,504504,-180576,56639,-15312,3564,-682,108,-12,1 # tower_6x2x2 r=0
120,0,0,-315,0,0,519,0,0,-546,0,0,397,0,0,-198,0,0,64,0,0,-12,0,0,1 # tower_2x2x6 r=0
419906,0,1784592,0,3435777,0,3967704,0,3065202,0,1671030,0,659997,0,190512,0,39933,0,5934,0,594,0,36,0,1 # tower_2x6x2 r=0
4,0,84,0,291,0,658,0,1074,0,1326,0,1265,0,936,0,531,0,224,0,66,0,12,0,1 # tower_2x6x2 r=0
47087,-364560,1540616,-4572512,10528400,-19797384,31344364,-42605952,50363856,-52213360,47728160,-38580040,27601622,-17461872,9742344,-4771712,2038080,-752088,236748,-62464,13472,-2288,288,-24,1 # tower_2x2x3x2 r=0
4,0,0,0,0,0,12,0,0,0,0,0,38,0,0,0,0,0,12,0,0,0,0,0,1 # tower_2x2x6 r=0
3128989521029,3416019268200,-1706956275090,-2899972845160,260630039061,1145780006760,42509848350,-279532591380,-24576502626,47023349592,4857228990,-5750491680,-558714879,522862176,40138734,-35347780,-1677906,1737216,23918,-58872,1221,1232,-66,-12,1 # tower_2x6x2 r=0
251237697,1795303440,5290417557,7796391669,4700549016,-2019109113,-4535974944,-1240220214,1571551488,888007131,-341967582,-279567342,65641476,55939554,-13634328,-7118568,2504856,400437,-289457,25344,12045,-3960,534,-36,1 # tower_3x4x2 r=4
1584199205,0,3335009580,0,3204541053,0,1858229646,0,724161795,0,199783710,0,40005161,0,5857866,0,622458,0,46806,0,2364,0,72,0,1 # tower_2x2x3x2 r=0
1116794536222,-2633372951520,4166681974776,-4722056884808,4351865680434,-3329481913296,2198850968448,-1265317655208,645641100165,-293350138656,119762680728,-43975743432,14590760214,-4366920144,1180913592,-287194976,62746182,-12204432,2104088,-315984,40932,-4400,384,-24,1 # tower_4x3x2 r=0
114,0,0,-126,0,0,15,0,0,96,0,0,-68,0,0,4,0,0,18,0,0,-8,0,0,1 # tower_2x2x6 r=0
173,1512,5620,11276,10444,-4480,-23683,-22848,3232,25248,17344,-6208,-14804,-4720,4808,4056,-200,-1344,-338,224,112,-16,-16,0,1 # tower_2x4x3 r=4
1105966670854,1307101473447,2015823070017,1650580998343,1459960660680,914918426607,586051609267,295094311830,148636297701,61701053902,25382181246,8795411154,3009043135,872860794,249924828,60304804,14409441,2840310,559246,86712,13707,1540,186,12,1 # tower_2x2x3x2 r=0
2173,0,-15624,0,49428,0,-91302,0,110652,0,-93324,0,56449,0,-24768,0,7848,0,-1756,0,264,0,-24,0,1 # tower_2x6x2 r=0
6725,2952,-2464,-3892,5309,2924,-4018,-3344,2467,2008,-1982,-1124,1009,660,-506,-244,250,84,-86,-28,28,4,-8,0,1 # tower_4x2x3 r=0
187169762,467397684,66249758,-698993800,-400163051,476879392,390006186,-199455740,-206321086,59250348,71421766,-14093632,-17289467,2921136,2977518,-523204,-357534,73860,27906,-7312,-1163,440,6,-12,1 # tower_2x2x3x2 r=0
1008423531927,3622903353159,7175315727257,9937972604745,10640942453556,9271538277903,6785813952864,4258232374218,2323760614880,1113594458031,471830140518,177532095546,59470195032,17749859094,4716445416,1112892768,232163175,42528267,6774205,925056,106095,9900,714,36,1 # tower_3x4x2 r=0
529252,0,-2121390,0,3893589,0,-4328640,0,3247290,0,-1732050,0,673593,0,-192456,0,40095,0,-5940,0,594,0,-36,0,1 # tower_12x2 r=4
13680928195,23521294188,-4996194021,-28211875128,-5144763069,15785562420,5085759873,-5508336762,-2128304736,1353288270,544802079,-249768990,-93810098,35710992,11124606,-3955108,-887346,329040,43278,-19272,-891,704,-18,-12,1 # tower_2x6x2 r=0
665039,-1673406,1952988,-530865,-1326700,1859544,-725929,-550764,824488,-292446,-170168,215568,-55065,-39780,34208,-4086,-6080,3024,152,-504,112,36,-16,0,1 # tower_2x2x2x3 r=0
3267734097647,7077429177000,3492812879464,-2794235761476,-2873154384581,227851081050,914101343601,86306354304,-176301362544,-29026525744,23955175120,4384353208,-2464989174,-398265564,196657746,21787984,-11890665,-541428,507106,-10904,-13130,1144,132,-24,1 # tower_2x2x3x2 r=0
4077,6903,4655,1593,-6612,-9283,-4778,-1164,4520,4773,1746,270,-1578,-1164,-270,-20,291,135,15,0,-27,-6,0,0,1 # tower_3x2x4 r=4
1730,0,-1296,0,-540,0,1269,0,90,0,-486,0,91,0,168,0,-12,0,-25,0,6,0,6,0,1 # tower_3x2x4 r=0
15,-21,9,0,0,0,0,0,0,0,0,0,-7,6,0,0,0,0,0,0,0,0,0,0,1 # tower_2x12 r=0
244140628,-527343750,1060546875,-1399687500,1676353125,-1617701100,1426601441,-1083259440,757170213,-468927394,268545210,-138032760,65716155,-28191660,11188620,-3988060,1309263,-381510,101499,-23352,4830,-814,120,-12,1 # tower_6x2x2 r=0
300,0,0,1054,0,0,1777,0,0,1760,0,0,1106,0,0,446,0,0,112,0,0,16,0,0,1 # tower_2x4x3 r=0
813,3078,9585,19818,36360,52812,71643,80460,87777,79320,72966,53424,43462,24780,19278,7700,6426,1512,1554,168,252,8,24,0,1 # tower_2x2x2x3 r=0
242971870,1168130000,1988813000,860422800,-1415081620,-1628996560,183858120,947682800,154017122,-330721568,-88938576,83741856,23538376,-16749312,-3556032,2646208,246012,-303336,11836,20856,-3630,-440,204,-24,1 # tower_3x4x2 r=4
1632240802,-3443134824,-134777736,4701633612,-1692885116,-2973662468,1567565098,1170328012,-729982574,-326944684,216086566,70157620,-43821673,-12039228,6205242,1646332,-600561,-171564,36696,12592,-1097,-572,-6,12,1 # tower_4x3x2 r=0
